OrderedDict([('conv1.bias', tensor([-6.5068e-08,  1.5010e-07,  6.2564e-06, -3.3636e-07, -3.8618e-08,
         2.8027e-08, -7.5479e-07,  4.9502e-08], device='cuda:0')), ('conv1.lin.weight', tensor([[ 2.2721e-04, -2.4948e-05, -1.6780e-04, -1.5300e-04, -1.0744e-06,
         -1.2628e-03,  4.0133e-42, -1.8733e-26,  4.4729e-42, -1.1388e-41,
         -1.9394e-04, -8.6531e-03,  5.2580e-04, -1.0828e-03, -2.8626e-03,
          9.1222e-02, -3.4277e-03, -3.8198e-04, -5.2321e-03, -4.9232e-03,
          7.9784e-03,  8.9312e-03, -3.6724e-03, -1.5293e-04,  6.5201e-04,
         -2.4135e-05,  1.9876e-04, -1.7905e-03,  4.0352e-05, -6.7687e-05,
         -7.2071e-04,  8.3505e-03,  4.3125e-04,  5.8118e-04,  6.9273e-05,
          5.5469e-05, -2.4261e-41, -9.9494e-04,  6.1587e-02,  4.3532e-02,
          1.9360e-03, -1.6273e-03,  8.7243e-04,  8.8493e-03,  6.0360e-03,
         -1.3991e-04, -2.3511e-05,  5.8228e-02, -1.1914e-03, -2.8460e-04,
         -6.7220e-04, -1.0993e-41, -2.3836e-42,  9.1168e-42,  8.6516e-42,
         -4.9036e-04, -4.2862e-04,  1.8980e-04, -1.3061e-04, -1.7775e-04,
          1.4206e-04,  9.5264e-03, -2.9336e-03, -1.7307e-03,  1.3924e-03,
         -4.2476e-03, -7.7327e-02, -3.2455e-05],
        [ 2.9389e-05,  5.9440e-06, -1.9468e-05, -2.7521e-05,  2.0528e-05,
          7.0551e-05,  2.2281e-43, -1.0155e-41, -4.1492e-42, -1.9455e-07,
         -4.5264e-04,  2.4347e-03,  9.7010e-03, -4.3855e-04, -6.0942e-05,
         -1.3748e-01,  2.5056e-03,  1.2532e-03, -4.0964e-04,  6.1306e-04,
          5.4186e-03,  8.5138e-03,  8.4173e-04,  1.1452e-04,  1.1398e-03,
         -2.5054e-05,  7.3610e-06,  2.6545e-04, -1.2616e-05, -1.9019e-05,
          1.7531e-04,  1.2400e-02,  3.4413e-04, -5.0526e-04, -8.2959e-05,
         -7.7179e-05,  4.5010e-42, -2.5115e-07, -7.6876e-02,  9.9078e-02,
          7.7688e-04,  4.0051e-04,  1.2070e-03, -9.0940e-02,  3.0491e-02,
          2.8555e-05,  5.4071e-03,  2.3345e-01, -9.9077e-05,  1.5703e-04,
          1.4547e-04, -1.3226e-16,  1.1579e-10,  5.3235e-42, -9.3873e-42,
          2.3991e-04, -4.3972e-05,  4.5429e-05, -1.6694e-05, -1.6783e-05,
          1.9570e-06, -1.6593e-03,  7.8869e-03,  8.5917e-03,  1.3414e-02,
          7.6217e-03,  9.8776e-02, -3.8973e-06],
        [-9.2776e-05,  6.6498e-05,  9.2479e-05, -2.0381e-05,  7.1789e-07,
          9.5206e-04,  4.4211e-42, -4.0652e-42,  5.6286e-10,  3.6932e-17,
         -1.2187e-03,  3.3536e-03,  1.5420e-03, -3.3749e-04,  2.0821e-03,
          1.2467e-01,  3.8011e-04,  3.2718e-03,  4.8546e-03,  4.4191e-03,
         -6.6197e-03, -7.6645e-03,  3.6029e-03,  7.3067e-05,  3.5332e-04,
         -2.4457e-05, -2.3258e-04,  2.1070e-04,  1.6580e-05, -3.7171e-06,
         -2.0922e-04,  4.4339e-03, -6.4049e-04, -3.6050e-04, -4.0481e-05,
         -7.7498e-05,  3.9208e-42,  1.7742e-04, -8.9339e-02, -1.3894e-02,
         -2.1992e-03, -1.2244e-03, -2.6228e-03,  4.4526e-02,  1.0092e-02,
         -8.2306e-05, -1.7530e-03, -6.0336e-02, -2.1112e-04,  1.1723e-04,
          4.1443e-04,  5.6276e-42,  1.3537e-42,  1.9058e-42,  3.4388e-42,
          2.7383e-04,  3.4979e-04, -1.2749e-04,  6.9652e-05,  5.6769e-05,
         -2.2863e-06,  4.1472e-03,  2.6454e-03,  3.8317e-03,  4.9871e-03,
         -1.4193e-04,  3.3764e-02,  8.6457e-05],
        [-3.0349e-04,  2.1514e-05,  1.4494e-04,  2.5802e-04,  4.7190e-05,
          1.3265e-03,  8.1036e-07,  8.3321e-42,  1.1477e-15, -7.5549e-27,
          4.3229e-05,  1.0598e-02, -2.1789e-03,  1.1498e-03,  2.9324e-03,
          9.4283e-02,  5.9389e-03, -1.4427e-03,  4.9104e-03,  4.8876e-03,
         -1.0443e-02, -9.9220e-03,  6.8206e-03,  3.1861e-04, -1.3685e-04,
          4.8020e-04, -1.7632e-04,  1.7598e-03,  4.3744e-05,  4.9442e-04,
          6.6030e-04, -1.2417e-02, -1.7287e-03, -2.2708e-04,  2.9524e-04,
          3.0470e-04,  1.2668e-42,  1.6511e-03, -2.9656e-01, -8.9082e-02,
         -2.4652e-03,  2.1198e-03, -9.8234e-04, -7.9242e-02, -3.5267e-02,
          8.7087e-04,  6.1707e-04, -9.8109e-02,  2.2125e-03,  2.6720e-04,
          1.3186e-03,  2.0999e-07,  5.3375e-42,  8.3231e-07, -8.5489e-18,
          5.4437e-04,  1.2055e-03, -3.4909e-04,  3.8106e-04,  4.6005e-04,
          7.8683e-05, -1.5175e-02,  2.7412e-03,  1.9556e-03,  5.3317e-04,
          1.8274e-02, -1.5274e-01,  1.4332e-04],
        [-2.4271e-04,  5.4114e-05,  3.4476e-05,  1.4600e-04,  1.1126e-05,
          1.5025e-04, -4.2291e-42, -6.5567e-42, -1.7510e-08,  1.7096e-42,
          4.3644e-05, -5.9994e-05,  2.2694e-04,  5.3022e-04, -2.7673e-04,
         -1.4412e-01,  1.1302e-03,  8.7445e-05, -9.6722e-05, -1.1009e-04,
          1.9601e-03,  2.3300e-03,  4.1053e-04,  1.3419e-04, -4.0862e-04,
          1.5459e-04,  7.4171e-05,  1.9702e-05, -2.9579e-06,  1.9140e-04,
          3.4154e-04,  6.1950e-04,  7.2612e-05,  1.3613e-04,  1.1533e-04,
          1.5517e-04, -6.0256e-42,  5.0658e-05, -8.6655e-02, -5.5159e-03,
          3.3660e-04,  9.9996e-04,  8.4601e-04, -1.5945e-02,  2.8846e-03,
          1.3845e-04,  1.2725e-03,  4.9892e-02,  2.5077e-04,  1.0429e-04,
         -8.1290e-05, -7.4591e-42,  8.2831e-42, -2.6024e-27,  4.7378e-42,
          9.2603e-05,  1.7769e-04, -1.0217e-04,  5.5894e-05,  2.4369e-04,
         -1.7563e-05,  4.4049e-04,  1.1933e-03,  2.0338e-03,  2.7027e-04,
         -1.7042e-02, -1.1215e-01,  1.5846e-04],
        [-2.7781e-04, -5.6454e-04,  1.1672e-04, -7.8276e-04,  2.1744e-05,
         -1.2746e-04,  5.2217e-08, -7.1326e-43,  2.2070e-42,  1.7104e-11,
         -4.4775e-03,  2.2403e-03, -7.6498e-03, -9.0437e-04,  3.2343e-03,
          3.1476e-05, -3.2717e-03, -1.7457e-03,  8.1740e-03,  7.2062e-03,
         -3.8646e-02, -3.8461e-02,  8.2812e-03, -1.9080e-03, -6.1915e-03,
         -2.1822e-03, -2.0529e-03, -2.7982e-03, -1.7225e-04,  4.7105e-04,
         -3.9532e-03, -3.2007e-02, -3.8662e-03,  2.0077e-03, -2.2828e-03,
         -2.3580e-03, -1.1124e-13,  1.6923e-03, -1.5506e-01, -1.8454e-01,
         -8.1103e-03, -2.6408e-03, -8.7209e-03, -3.0102e-02,  4.6666e-06,
         -2.7154e-03, -1.4029e-02, -3.4995e-02, -1.7554e-03, -2.0349e-03,
         -8.2106e-04,  1.8322e-10, -5.0071e-11, -1.3995e-11,  3.2818e-42,
         -1.4272e-03, -8.4278e-04, -2.3737e-04, -1.8890e-03, -1.8930e-03,
         -1.5390e-03, -1.5722e-02,  5.9122e-03,  5.9854e-04, -4.8189e-03,
         -7.9297e-05, -4.8856e-03, -1.7197e-03],
        [-6.7511e-04, -2.1651e-04,  9.7575e-05,  2.0949e-04,  6.4505e-06,
          2.3654e-03, -3.8564e-42,  1.2579e-36, -4.1269e-13, -6.3365e-15,
         -2.6482e-03, -1.3862e-02, -5.2743e-02, -4.1810e-03,  5.7375e-03,
          3.1959e-03, -1.7426e-02,  2.2996e-03,  2.6911e-03,  1.4874e-03,
         -5.9506e-02, -6.7364e-02,  3.1151e-03,  3.3043e-04, -1.4919e-03,
         -3.2757e-04, -2.5905e-04, -2.3730e-03, -4.7378e-05, -7.1445e-05,
         -3.9989e-03, -9.5151e-05, -5.3999e-03, -2.5872e-05, -6.5439e-04,
         -5.9528e-04,  2.0206e-18, -4.0083e-04, -1.6826e-01, -1.9476e-01,
         -8.2038e-03, -9.2542e-03, -1.5608e-02, -3.8596e-02, -1.5669e-01,
         -8.9917e-05, -4.0457e-02, -1.2263e-02, -2.5287e-03, -3.8342e-05,
          1.9159e-03,  2.3560e-15, -2.3009e-42, -4.8275e-42,  9.2598e-42,
          1.2555e-03,  1.6662e-03, -6.6372e-04,  1.2862e-04,  3.0829e-05,
         -4.3163e-04,  5.1129e-03, -2.2528e-02, -2.9008e-02, -4.6036e-02,
         -9.9980e-02, -7.4887e-03, -4.4466e-04],
        [-9.6055e-05,  9.3752e-05, -1.0730e-04, -1.1062e-04, -2.6248e-06,
         -2.3049e-04,  1.1455e-38, -4.8552e-11, -2.1144e-09,  2.4677e-42,
         -1.1050e-04, -6.8264e-04,  4.7270e-03, -6.7895e-04, -3.9453e-04,
          1.4311e-01, -1.1314e-03,  1.4259e-03, -3.6821e-05,  7.0794e-04,
          4.2579e-03,  3.3403e-03,  6.0538e-04,  4.6214e-05,  6.7310e-04,
          3.9026e-05,  1.3770e-04, -4.0627e-04,  1.1748e-06,  2.7335e-05,
         -2.5535e-04,  1.0704e-02,  3.4837e-05, -6.2870e-05,  5.2397e-05,
          1.3083e-05, -2.8303e-10, -5.0779e-04,  5.1745e-02,  1.1664e-01,
          2.5003e-04, -6.3185e-04, -1.9520e-04,  1.4381e-01,  3.8830e-02,
          5.0656e-05,  9.9639e-04,  3.9684e-02, -5.3131e-04,  8.2869e-05,
         -2.4776e-04,  6.5264e-06, -1.2262e-15,  5.9544e-20,  1.2261e-42,
          2.2848e-05, -3.4626e-05,  7.4468e-05, -7.7399e-05,  4.5258e-05,
          5.6597e-05,  1.5709e-02,  3.3901e-03,  4.0313e-03,  4.2906e-03,
          1.1094e-02,  6.0939e-02,  6.7893e-05]], device='cuda:0')), ('conv1.aggr.t', tensor([1.], device='cuda:0')), ('bn1.weight', tensor([0.6751, 0.8368, 0.9084, 0.6448, 0.7622, 0.7511, 0.7155, 0.6752],
       device='cuda:0')), ('bn1.bias', tensor([-0.1075,  0.0551,  0.0946, -0.0706,  0.0556, -0.0221, -0.0901, -0.0678],
       device='cuda:0')), ('bn1.running_mean', tensor([ -127.9093,   759.5254,   235.8472, -1680.2051, -1147.0974,  -639.6477,
         -777.8459,  1063.6876], device='cuda:0')), ('bn1.running_var', tensor([ 86307.2266, 273471.5312, 144295.0625, 362379.1250, 466658.0000,
         71724.1953,  81972.7891, 259903.5469], device='cuda:0')), ('bn1.num_batches_tracked', tensor(47024, device='cuda:0')), ('conv2.bias', tensor([ 1.9303e-07, -8.3019e-06, -3.6802e-06,  2.6631e-06,  2.1797e-07,
         3.0847e-06,  6.8415e-08,  1.2891e-06, -3.9985e-07,  2.5549e-06,
         1.0841e-06, -4.0038e-06,  7.5154e-07, -4.6587e-07, -1.0253e-06,
         2.2637e-06], device='cuda:0')), ('conv2.lin.weight', tensor([[-0.2068,  0.3283, -0.0748,  0.1009, -0.0696,  0.2781, -0.1282,  0.0093],
        [ 0.0074, -0.1438, -0.1150, -0.0430,  0.0502, -0.2550, -0.1536, -0.2146],
        [ 0.0298, -0.2423, -0.3946, -0.0352,  0.0828, -0.0732,  0.1709,  0.1209],
        [-0.0815,  0.3853, -0.1134, -0.0513,  0.4105, -0.1089, -0.2280,  0.1552],
        [ 0.0779, -0.1404,  0.2288, -0.0944, -0.1089, -0.1143,  0.2055, -0.2717],
        [ 0.2339, -0.2446,  0.1010, -0.1923, -0.0369, -0.1855, -0.1702, -0.1635],
        [ 0.1169, -0.0513, -0.1152, -0.2196,  0.3126, -0.2509, -0.1127, -0.2823],
        [ 0.2888, -0.1762, -0.2639,  0.1686,  0.1065, -0.1428, -0.1850, -0.3826],
        [-0.0386, -0.2975,  0.1055,  0.1063, -0.2077, -0.1990, -0.1249, -0.0810],
        [ 0.2284, -0.3027, -0.1204, -0.1387, -0.2442,  0.2359,  0.3320, -0.3662],
        [ 0.1873,  0.0458,  0.1823, -0.0941, -0.0508,  0.2864,  0.2684,  0.2017],
        [-0.0759,  0.3805,  0.2979,  0.1180,  0.1745,  0.2560,  0.2430, -0.3818],
        [ 0.0611, -0.0506, -0.3455, -0.0328,  0.2458,  0.0162, -0.1934,  0.0160],
        [ 0.1809, -0.1226,  0.0951,  0.1722, -0.4037, -0.2391,  0.2031,  0.2255],
        [-0.0118, -0.2110, -0.2677,  0.0917, -0.2940, -0.3704,  0.2408,  0.3647],
        [ 0.0353,  0.1211, -0.5310,  0.0768, -0.3272, -0.2830, -0.2443, -0.0974]],
       device='cuda:0')), ('conv2.aggr.t', tensor([1.], device='cuda:0')), ('bn2.weight', tensor([0.6890, 0.7342, 0.7245, 0.7186, 0.7037, 0.7268, 0.7613, 0.7847, 0.6966,
        0.6676, 0.6854, 0.8161, 0.7694, 0.7010, 0.6868, 0.7625],
       device='cuda:0')), ('bn2.bias', tensor([-0.1188, -0.6603,  0.2182, -0.2171,  0.0526, -0.0405,  0.1505,  0.2335,
        -0.3876, -0.1374, -0.6698, -0.3658, -0.4894,  0.0074, -0.3123,  0.0322],
       device='cuda:0')), ('bn2.running_mean', tensor([ 0.0958, -0.2472, -0.1785,  0.1683, -0.0540, -0.1803, -0.1480, -0.2238,
        -0.2223, -0.1873,  0.2795,  0.3488, -0.1081, -0.0268, -0.2188, -0.4067],
       device='cuda:0')), ('bn2.running_var', tensor([0.0870, 0.1082, 0.1431, 0.1195, 0.0453, 0.0885, 0.1608, 0.2948, 0.0680,
        0.1455, 0.1288, 0.2008, 0.1380, 0.0927, 0.1160, 0.2474],
       device='cuda:0')), ('bn2.num_batches_tracked', tensor(47024, device='cuda:0')), ('conv3.bias', tensor([ 7.4627e-07, -2.3113e-06,  9.5750e-07,  7.9812e-07,  6.0257e-08,
         1.6967e-06,  3.0468e-07,  1.8339e-07,  1.8376e-06,  2.4949e-06,
         2.3893e-06,  4.7851e-07,  1.8150e-06,  2.0028e-07, -5.8009e-07,
        -2.8152e-06, -7.4718e-07, -2.0264e-07, -3.3217e-06,  2.6999e-06,
        -1.7011e-06, -1.4332e-06, -1.3794e-06,  1.4640e-08, -1.5220e-06,
         1.5062e-06, -8.8374e-07, -5.7172e-07,  2.7822e-07, -3.2497e-08,
         1.2940e-06, -1.9356e-06], device='cuda:0')), ('conv3.lin.weight', tensor([[ 0.0174,  0.1586, -0.1160, -0.1105, -0.0599,  0.0684,  0.0937, -0.1071,
         -0.0189, -0.0458,  0.3215, -0.0496,  0.1506,  0.1190, -0.1401,  0.1754],
        [-0.1646,  0.2069, -0.0309, -0.1194, -0.1655,  0.0252, -0.1367, -0.0936,
         -0.0232, -0.0617,  0.0366,  0.0868, -0.0036, -0.1429, -0.1251,  0.0195],
        [ 0.1149,  0.1029, -0.0803,  0.2333,  0.0904,  0.0065, -0.0581, -0.0214,
          0.1453,  0.0408,  0.2702,  0.1168,  0.1442, -0.0593,  0.2389,  0.0976],
        [ 0.0070, -0.1500,  0.2511, -0.1561,  0.1614, -0.0571,  0.1664, -0.1918,
          0.0430, -0.2496, -0.1448,  0.0298, -0.1016, -0.1163, -0.0074,  0.0872],
        [-0.0232, -0.2543, -0.0216, -0.0796,  0.1148,  0.0526,  0.0221,  0.1476,
         -0.1377, -0.1340, -0.1362, -0.2091, -0.2148, -0.0988, -0.1449,  0.1347],
        [-0.0786, -0.1473, -0.0393,  0.0381,  0.1141, -0.0517, -0.0663,  0.0570,
         -0.0907, -0.0206,  0.0699,  0.0160,  0.0724,  0.0626, -0.0073,  0.1458],
        [-0.0601,  0.1663, -0.1324, -0.0785, -0.1236, -0.0698, -0.1104, -0.1063,
          0.1845, -0.0218,  0.0354,  0.1414,  0.2774,  0.1061, -0.0791, -0.0844],
        [ 0.0097,  0.1574, -0.0039, -0.0962,  0.0502, -0.0195, -0.2001,  0.0183,
         -0.0732,  0.0245, -0.1043,  0.1317, -0.0386, -0.1530,  0.1341,  0.0507],
        [ 0.1121,  0.1557,  0.0020,  0.1939,  0.1449, -0.0051, -0.0286, -0.1765,
          0.0533,  0.0521,  0.0773,  0.0499,  0.0635, -0.0604,  0.1988, -0.0700],
        [-0.2606, -0.1230, -0.0902,  0.0095, -0.0997, -0.1173, -0.0890,  0.1065,
         -0.1676,  0.1292, -0.1707,  0.0441, -0.1064,  0.1070, -0.1193,  0.2019],
        [ 0.0473,  0.1462, -0.0110, -0.1659, -0.1534,  0.1087,  0.1547, -0.2707,
         -0.0543,  0.0170,  0.1990, -0.1088, -0.0955, -0.0755, -0.1094,  0.1257],
        [-0.1126,  0.2550, -0.0016, -0.0119, -0.1494, -0.1694,  0.0014,  0.0410,
          0.1398,  0.0027,  0.1628,  0.1642, -0.1735,  0.0268,  0.0136,  0.1970],
        [ 0.0807, -0.0219, -0.0331, -0.1532,  0.0207,  0.1224, -0.0062, -0.1059,
         -0.1237,  0.0647, -0.0489,  0.0179,  0.0735, -0.0298,  0.0772, -0.1021],
        [-0.0307,  0.0859, -0.0546,  0.1421,  0.2119, -0.1489, -0.0386,  0.0586,
          0.0897,  0.0403,  0.1163,  0.0578,  0.2275,  0.1278,  0.0628, -0.0831],
        [-0.1982,  0.0547, -0.1855, -0.1179, -0.1969, -0.2463,  0.1878, -0.0547,
          0.0611, -0.0295,  0.1332, -0.1546, -0.0801, -0.0747,  0.1006,  0.0144],
        [-0.0846, -0.0572, -0.1342,  0.0548,  0.1346, -0.1049,  0.0327,  0.1962,
          0.0328, -0.1719,  0.1436, -0.0063, -0.0683, -0.0989,  0.2372, -0.0112],
        [-0.0999,  0.1230, -0.0857,  0.1138, -0.0331, -0.0477, -0.1131,  0.0269,
          0.0954,  0.1112,  0.0428,  0.2074,  0.2374,  0.0298,  0.1194, -0.0816],
        [ 0.0649,  0.1376, -0.0668, -0.0816, -0.0608, -0.1733,  0.0058,  0.0943,
          0.1821, -0.0516,  0.1603, -0.1284,  0.0979,  0.1360, -0.1566, -0.1480],
        [ 0.1192,  0.0345,  0.0227,  0.0135, -0.1159,  0.1827,  0.0956,  0.1355,
         -0.0652, -0.0865,  0.1103,  0.1042, -0.0897,  0.1317,  0.0065, -0.0983],
        [ 0.0340,  0.2391,  0.0898, -0.0336, -0.0933,  0.1293,  0.0955, -0.1446,
          0.0195,  0.0807,  0.1747,  0.1271, -0.0475, -0.0578,  0.0475,  0.0322],
        [-0.0994, -0.0383, -0.1187, -0.0142, -0.0575,  0.0096,  0.0517,  0.0384,
         -0.1219, -0.0574,  0.0215, -0.0937,  0.1111,  0.1518,  0.0321, -0.0276],
        [-0.0270,  0.0415,  0.0249, -0.1713,  0.0393, -0.1540, -0.0852,  0.0887,
          0.0737, -0.1962, -0.0453, -0.1672, -0.0184,  0.0228, -0.1546, -0.0549],
        [ 0.0339,  0.1299,  0.0396,  0.0355,  0.0352, -0.0067,  0.0688, -0.1968,
         -0.1721,  0.1622, -0.0939, -0.0348, -0.1923, -0.0530,  0.1122, -0.0796],
        [-0.0671, -0.2377, -0.1908, -0.1539,  0.1207, -0.0321,  0.0884,  0.0063,
          0.0300, -0.1821, -0.1367, -0.0241,  0.1386,  0.0063, -0.0539,  0.1517],
        [ 0.0368, -0.2652, -0.0053,  0.0278, -0.0503, -0.0262,  0.1516,  0.2029,
         -0.1685,  0.1620, -0.2098, -0.1985, -0.1927,  0.2437, -0.1108, -0.1372],
        [ 0.1452,  0.1814,  0.0417,  0.1613, -0.1315,  0.0489, -0.1225, -0.1096,
          0.2771,  0.1966,  0.1039,  0.2274,  0.2249,  0.1668, -0.0964, -0.0010],
        [ 0.0452, -0.2338,  0.0991, -0.1898, -0.0065, -0.0513,  0.0281,  0.1582,
         -0.1580, -0.1213, -0.2123, -0.2315, -0.1699, -0.0845, -0.0271, -0.1419],
        [ 0.1778, -0.0873,  0.0213,  0.1732, -0.0595,  0.0424,  0.0469,  0.1845,
          0.1591, -0.0354,  0.0109,  0.0262, -0.1224, -0.0540,  0.0701, -0.0872],
        [-0.0664, -0.1602,  0.1314,  0.2445,  0.1540, -0.0679, -0.1267,  0.0913,
          0.0413,  0.0844, -0.2189, -0.0048, -0.1831,  0.1090, -0.2698,  0.1785],
        [ 0.0108,  0.1237, -0.3095,  0.0803,  0.0688, -0.1612,  0.0850,  0.0387,
          0.1149,  0.0352,  0.1539, -0.1149,  0.1543, -0.0513,  0.1555,  0.0267],
        [ 0.0252, -0.1469, -0.0471, -0.1353,  0.0036, -0.1097,  0.0479, -0.0562,
          0.0126, -0.0444,  0.0529, -0.2144, -0.0003, -0.0753, -0.1418,  0.1929],
        [-0.2324, -0.1489,  0.0869, -0.0908, -0.2447, -0.2073,  0.1608, -0.0644,
         -0.0221,  0.0155, -0.2364,  0.0204, -0.1893,  0.0930, -0.1083,  0.0049]],
       device='cuda:0')), ('bn3.weight', tensor([1., 1., 1., 1., 1., 1., 1., 1., 1., 1., 1., 1., 1., 1., 1., 1., 1., 1.,
        1., 1., 1., 1., 1., 1., 1., 1., 1., 1., 1., 1., 1., 1.],
       device='cuda:0')), ('bn3.bias', tensor([0., 0., 0., 0., 0., 0., 0., 0., 0., 0., 0., 0., 0., 0., 0., 0., 0., 0., 0., 0., 0., 0., 0., 0.,
        0., 0., 0., 0., 0., 0., 0., 0.], device='cuda:0')), ('bn3.running_mean', tensor([0., 0., 0., 0., 0., 0., 0., 0., 0., 0., 0., 0., 0., 0., 0., 0., 0., 0., 0., 0., 0., 0., 0., 0.,
        0., 0., 0., 0., 0., 0., 0., 0.], device='cuda:0')), ('bn3.running_var', tensor([1., 1., 1., 1., 1., 1., 1., 1., 1., 1., 1., 1., 1., 1., 1., 1., 1., 1.,
        1., 1., 1., 1., 1., 1., 1., 1., 1., 1., 1., 1., 1., 1.],
       device='cuda:0')), ('bn3.num_batches_tracked', tensor(0, device='cuda:0'))])