OrderedDict([('conv1.bias', tensor([-2.2269e-06, -6.3036e-08, -1.2226e-07,  3.6314e-08, -4.9805e-06,
        -2.8807e-07, -2.1204e-08,  1.2640e-07], device='cuda:0')), ('conv1.lin.weight', tensor([[ 5.6049e-05, -1.2318e-04,  4.0033e-05,  7.2234e-05,  2.0488e-06,
          5.3830e-05, -4.7224e-43, -2.3899e-25, -9.7447e-10, -9.8988e-42,
         -6.5122e-05,  1.7213e-03,  5.8856e-04,  1.0208e-05, -1.8286e-04,
         -1.3598e-01,  1.6189e-03,  1.0463e-03, -7.0073e-04,  1.7051e-03,
          1.7607e-03, -1.0803e-02,  2.6923e-03, -8.0250e-05,  2.4793e-04,
          3.2732e-05, -1.5303e-04,  3.6621e-04,  2.9788e-05,  4.3237e-05,
          2.8841e-04, -8.9989e-03,  5.2330e-05,  1.0305e-04,  9.1426e-05,
          1.0944e-04,  6.9687e-42,  5.0750e-04,  1.7481e-01,  1.5763e-01,
         -7.9172e-04, -3.7021e-04, -9.4117e-04, -2.4651e-02, -8.2364e-02,
          1.9218e-04, -5.8844e-04,  2.0474e-01,  2.5846e-04, -4.2764e-04,
         -1.9308e-05,  4.8191e-42, -7.9356e-42,  1.1651e-13, -1.0464e-13,
         -1.2301e-04,  1.0776e-05,  5.4790e-05, -5.3147e-05, -1.5088e-04,
          6.3500e-05, -1.3665e-02,  1.7609e-03,  2.7167e-03,  7.5902e-04,
          5.1345e-03,  2.1623e-01, -1.0445e-04],
        [-3.5821e-05, -9.4569e-05,  1.2566e-04,  1.5177e-04,  4.1868e-05,
          4.8559e-04,  8.7331e-14,  3.1263e-42, -1.7853e-42, -2.9199e-18,
         -1.2694e-04,  2.5384e-02,  1.0361e-02,  1.6482e-03,  1.3963e-03,
          8.6401e-02,  1.1671e-02,  8.4000e-03,  1.0815e-02,  1.1050e-02,
         -2.6443e-02,  2.3866e-02,  8.8706e-03, -1.4485e-04, -2.2413e-03,
          2.1632e-04, -1.4923e-04,  2.0977e-03, -1.7700e-05,  2.4206e-04,
          1.1099e-03, -1.1575e-01, -2.2723e-04,  3.8771e-04,  1.7821e-04,
          2.5624e-04,  1.9978e-07,  8.0430e-04, -4.2398e-02, -3.1150e-02,
         -6.4315e-04,  1.4814e-03,  5.2318e-03, -1.9243e-01,  9.0214e-02,
          9.0633e-04,  2.9240e-05, -1.0078e-01,  2.1164e-03, -1.2904e-04,
          6.4719e-04,  9.9512e-20, -8.9772e-19,  6.7108e-42,  2.5155e-13,
         -2.6770e-04,  6.3612e-04, -4.3271e-05,  1.5317e-04,  1.4289e-04,
          5.3391e-05,  1.1209e-01, -6.5426e-03,  2.1748e-02,  2.3456e-02,
          6.0933e-02, -8.6627e-02, -9.3204e-05],
        [-1.5999e-04, -4.9121e-05,  4.0287e-05,  6.8293e-05, -1.1722e-05,
          1.3608e-03,  3.3407e-42, -5.2955e-42,  1.0876e-24,  1.1746e-41,
         -1.1574e-05,  7.1106e-03, -8.2717e-03,  1.3396e-04,  3.4175e-03,
          1.8853e-03, -8.3366e-04,  1.6806e-03,  6.6514e-03,  6.1482e-03,
         -2.2239e-02, -2.6097e-02,  5.9813e-03, -6.6851e-05, -5.9727e-04,
         -2.4951e-04, -2.8820e-04,  5.1527e-04, -3.5387e-05, -1.0603e-04,
         -7.8239e-04, -2.7600e-02, -1.3527e-03, -2.4302e-04, -2.1961e-04,
         -1.5696e-04, -1.5050e-42,  7.1107e-04, -2.4613e-01, -8.9176e-02,
         -4.7203e-03,  3.6551e-04, -5.1300e-03, -3.9326e-02,  7.2483e-03,
          3.7424e-05, -8.8565e-03, -1.3569e-02,  4.8663e-04,  1.1399e-05,
          8.8135e-04, -1.2019e-41,  8.8842e-43,  2.9665e-42,  3.4304e-42,
          2.2685e-04,  4.2888e-04, -3.2357e-04,  8.0571e-05, -1.5170e-04,
         -3.8370e-05, -4.0645e-02, -5.4918e-04, -2.9063e-03, -9.5625e-03,
         -1.3220e-02, -2.4709e-02, -2.6330e-04],
        [ 5.7847e-05,  1.0115e-05, -1.1125e-05, -5.8199e-05, -1.1713e-05,
         -3.7829e-04,  8.2803e-42,  1.0535e-05, -3.4220e-42,  1.0604e-25,
         -3.3521e-05,  1.0379e-03, -3.1520e-03,  3.2962e-04, -1.3987e-03,
          6.7679e-02,  2.2604e-03, -4.0829e-03, -1.0620e-03, -3.6167e-03,
          1.7021e-02, -1.4509e-02,  1.9179e-03, -7.2565e-05, -9.9443e-04,
         -5.0330e-05, -1.8089e-05, -1.7469e-04, -2.6458e-06, -4.8986e-05,
          9.0496e-05, -5.5707e-02,  3.5947e-04,  4.6362e-04, -1.9397e-05,
         -7.3066e-08, -1.3200e-42, -6.3977e-05,  2.2357e-01,  1.0572e-01,
          5.9786e-04,  1.5813e-03,  1.0512e-03,  8.8691e-02,  1.4720e-01,
         -9.7611e-05, -1.0854e-03, -1.3704e-01,  2.5330e-04, -9.4574e-05,
         -2.8300e-04,  3.0451e-12, -4.0953e-11, -1.0101e-14, -8.7832e-12,
         -2.8765e-04, -1.7766e-04,  4.7115e-05, -3.6991e-05, -5.7076e-05,
          1.4667e-05, -3.6389e-02, -2.1854e-03, -3.3924e-03, -2.1817e-02,
         -9.9111e-02, -3.0519e-02, -1.8476e-05],
        [ 2.3347e-04, -2.0452e-04,  2.2013e-05,  2.9187e-05, -1.1840e-05,
         -1.4107e-03, -3.0657e-12, -5.2142e-42, -6.1475e-42,  3.0744e-42,
         -2.3951e-04, -1.9756e-02, -3.4871e-02,  1.2901e-04, -4.8342e-03,
          4.9486e-02, -9.6534e-03, -9.7186e-03, -1.9625e-02, -2.1031e-02,
          3.3436e-03,  1.1270e-03, -2.1481e-02, -4.5945e-04, -3.0546e-03,
         -1.0464e-04, -1.3522e-04, -2.1091e-03, -5.6707e-07, -1.1913e-04,
          2.4315e-04, -5.0408e-02,  1.0546e-03,  9.4288e-04, -1.1196e-05,
          1.5269e-05, -5.7902e-42, -4.2032e-04, -6.6075e-03,  1.8325e-01,
          3.7085e-03, -1.6314e-03,  2.0215e-03,  2.6711e-02,  9.5439e-02,
         -4.4399e-05, -1.5457e-02, -1.0528e-01, -3.3127e-04, -6.7373e-04,
         -7.6737e-04,  4.8261e-42, -3.6225e-08,  2.3878e-42, -1.0205e-21,
         -7.9924e-04, -4.0939e-04,  2.3561e-04, -2.7521e-04, -2.6967e-04,
          6.3836e-05,  7.2772e-03, -2.8602e-02, -3.6704e-02, -2.1010e-02,
         -6.4020e-02, -1.4605e-01, -3.1863e-04],
        [-8.8647e-05,  6.0593e-05,  5.6463e-05,  6.1730e-05, -1.2602e-05,
          4.8128e-04, -7.3788e-11, -1.2500e-42,  5.0150e-15, -8.2193e-11,
         -3.3419e-05,  2.2861e-03,  2.9412e-03, -7.3709e-04,  1.3009e-03,
          1.0803e-01, -1.1705e-03,  2.2271e-03,  2.6559e-03,  2.4648e-03,
         -2.5770e-03, -3.3520e-03,  3.1014e-03,  1.3244e-04,  1.2783e-03,
          5.0015e-05,  2.8503e-05,  6.0386e-04,  2.5752e-05,  5.0831e-05,
         -1.0230e-04,  4.4019e-03, -6.1678e-04, -6.8619e-04,  1.2543e-05,
          1.8425e-05,  2.4270e-42,  1.1657e-04, -2.8863e-02,  1.4770e-01,
         -1.3482e-03, -1.1603e-03, -1.5518e-03,  6.1562e-02,  4.7502e-02,
          6.2171e-05, -3.9019e-04,  1.4623e-01, -4.2276e-04,  4.2619e-04,
          6.2375e-04,  5.1964e-19, -1.1802e-14,  1.7274e-41, -9.9450e-42,
          6.9602e-04,  2.6230e-04, -1.4213e-04,  1.2760e-04,  9.3010e-05,
         -3.1264e-05,  8.5001e-03,  3.9269e-03,  3.7604e-03,  3.2124e-03,
          7.2770e-03,  8.5087e-02,  6.0629e-05],
        [-6.4890e-04, -1.1296e-05,  3.2491e-05,  1.7834e-04,  2.8809e-06,
          3.9918e-03, -6.8459e-13,  1.9701e-18,  1.6424e-32,  4.0478e-13,
          2.4247e-04, -6.1433e-03,  4.2121e-02, -2.6407e-05,  4.0341e-03,
          3.3992e-02,  1.9802e-02, -1.9569e-02,  2.9824e-03, -7.5371e-03,
         -6.4446e-02, -6.5614e-02,  4.7168e-02,  8.9030e-04,  1.6727e-03,
          7.2157e-04,  4.0498e-05,  4.6440e-03,  8.5690e-07,  7.8131e-04,
          5.7977e-04,  1.0486e-01, -3.3255e-03, -1.8789e-03,  2.3658e-04,
          3.3713e-04, -6.3493e-42,  2.4004e-03,  1.7054e-01,  1.3431e-01,
         -5.1268e-03,  3.8266e-03, -1.5129e-02,  1.7282e-01, -7.2836e-02,
          1.7909e-03,  3.2034e-03, -6.0187e-02,  2.8777e-03,  1.6130e-04,
          3.1653e-03,  2.5812e-42,  2.8231e-12, -2.3374e-16,  6.2288e-42,
          1.8780e-03,  2.4063e-03, -6.7119e-04,  7.5724e-04,  7.6024e-04,
          8.7187e-05, -8.3275e-02,  3.6848e-02, -8.3977e-02, -8.0559e-02,
         -6.7344e-03, -1.6488e-02,  9.3796e-05],
        [ 1.6438e-04,  6.0404e-05,  1.3652e-05, -5.0128e-05, -2.8736e-06,
         -1.0608e-03,  4.4463e-42,  1.6602e-07, -1.2407e-21, -3.9461e-42,
         -1.6074e-05, -9.0745e-03,  1.3003e-03,  3.9610e-04, -2.6635e-03,
         -3.3903e-02,  6.1062e-04, -5.6506e-03, -4.5698e-03, -6.6024e-03,
          1.4736e-02,  1.1450e-02, -7.1331e-03, -5.5548e-05, -5.7233e-04,
         -1.0767e-04,  2.8913e-04, -8.4845e-04,  2.9865e-06, -1.0672e-04,
          1.2951e-04,  1.8816e-02,  9.2799e-04,  5.8528e-04, -5.6793e-05,
         -9.2262e-05,  7.1690e-42, -1.3513e-03,  9.5725e-02,  1.9131e-01,
          4.1402e-03,  2.1285e-03,  5.4020e-03, -6.4894e-02, -2.5543e-01,
         -2.2373e-04,  1.9104e-03,  8.2866e-02, -5.0626e-04, -1.6970e-04,
         -7.3665e-04, -8.4877e-42, -6.1769e-42, -2.1219e-10, -3.1109e-42,
         -4.2662e-04, -6.1708e-04,  1.6779e-04, -1.3781e-04, -8.9199e-05,
          1.5260e-05,  2.3411e-02, -1.6773e-02, -3.9038e-02, -2.2654e-02,
         -2.9810e-02, -1.0180e-02, -7.2777e-06]], device='cuda:0')), ('conv1.aggr.t', tensor([1.], device='cuda:0')), ('bn1.weight', tensor([0.8593, 0.7658, 0.7881, 0.7919, 0.7418, 0.7559, 0.8297, 0.7390],
       device='cuda:0')), ('bn1.bias', tensor([ 4.3041e-02,  5.0364e-05, -6.0210e-02,  6.4139e-02, -4.0973e-03,
        -9.3539e-03, -2.4139e-03,  3.0127e-02], device='cuda:0')), ('bn1.running_mean', tensor([1898.4934, -607.5945, -812.8109,  418.9836, -606.6805, 1135.5768,
         435.0914,  384.2739], device='cuda:0')), ('bn1.running_var', tensor([1105498.0000,  197301.4062,   83600.6484,  251656.9844,  940959.7500,
         624500.1875,  149321.4062,  125270.3906], device='cuda:0')), ('bn1.num_batches_tracked', tensor(47024, device='cuda:0')), ('conv2.bias', tensor([-2.2917e-06, -2.4234e-06,  8.8124e-07,  2.5244e-06,  1.4634e-06,
         3.6496e-06, -2.3061e-06, -1.5593e-06,  7.7050e-06, -5.3726e-06,
         4.3233e-07,  1.5703e-06, -2.6637e-06, -8.3275e-07,  1.6022e-05,
        -6.7667e-06], device='cuda:0')), ('conv2.lin.weight', tensor([[-0.2220,  0.1255, -0.5010, -0.0932,  0.1588, -0.0285, -0.1325,  0.3082],
        [ 0.0960, -0.1093, -0.1398,  0.2501,  0.2287, -0.0614,  0.3165, -0.1015],
        [-0.2811, -0.2305,  0.1776, -0.2024, -0.2379, -0.3049, -0.3885,  0.1199],
        [ 0.3442,  0.1582, -0.2075,  0.2387, -0.2458, -0.0171,  0.4068, -0.0027],
        [-0.1340,  0.2515,  0.1171,  0.1900, -0.1630,  0.3192, -0.1267,  0.2423],
        [ 0.3904,  0.3202, -0.0031, -0.1350,  0.2756,  0.2541, -0.0746,  0.2103],
        [-0.2852, -0.1376, -0.1165, -0.2151, -0.1714, -0.0088, -0.0605,  0.3400],
        [-0.4580, -0.2263,  0.2006,  0.3331, -0.2419,  0.1133, -0.0749,  0.2080],
        [ 0.0689,  0.0391,  0.3210,  0.2784,  0.1555,  0.1080,  0.3834, -0.3056],
        [-0.2580,  0.2566,  0.1387, -0.0223, -0.2028, -0.0485, -0.2757, -0.1072],
        [ 0.2641,  0.0965,  0.3953,  0.1098, -0.2453,  0.2810, -0.0965,  0.0922],
        [ 0.4349,  0.4042, -0.3236, -0.1810,  0.1565, -0.0519, -0.2478, -0.0427],
        [-0.2834, -0.0075, -0.3595,  0.1201,  0.1054,  0.3122,  0.2111,  0.3405],
        [ 0.0795,  0.0558, -0.2819, -0.0540, -0.0096, -0.2923,  0.3129, -0.1919],
        [ 0.3753,  0.0096,  0.2285,  0.0399,  0.0155,  0.1707, -0.0887, -0.2223],
        [ 0.1084,  0.2576, -0.2662, -0.2858,  0.1345, -0.3131, -0.1469,  0.1261]],
       device='cuda:0')), ('conv2.aggr.t', tensor([1.], device='cuda:0')), ('bn2.weight', tensor([0.7286, 0.8235, 0.7961, 0.8066, 0.5740, 0.7318, 0.7804, 0.7539, 0.7385,
        0.7011, 0.7034, 0.7087, 0.6496, 0.7475, 0.7682, 0.7664],
       device='cuda:0')), ('bn2.bias', tensor([ 0.6427,  0.1932, -0.1328, -0.1243,  0.0616,  0.3476, -0.3371, -0.2314,
        -0.5226,  0.1714,  0.3433, -0.8089, -0.5250,  0.3844, -0.0527, -0.2177],
       device='cuda:0')), ('bn2.running_mean', tensor([-0.1212,  0.1862, -0.4721,  0.2789,  0.2150,  0.4054, -0.2243, -0.0631,
         0.3412, -0.2036,  0.2907,  0.0664,  0.1564, -0.0967,  0.1771, -0.1256],
       device='cuda:0')), ('bn2.running_var', tensor([0.1779, 0.1334, 0.1918, 0.1768, 0.0886, 0.1547, 0.0874, 0.1635, 0.1227,
        0.1322, 0.1836, 0.1673, 0.2338, 0.1073, 0.1803, 0.0984],
       device='cuda:0')), ('bn2.num_batches_tracked', tensor(47024, device='cuda:0')), ('conv3.bias', tensor([-3.2691e-07,  2.6942e-06, -1.3211e-06,  1.1217e-06,  1.2584e-06,
         2.5457e-08, -2.7779e-06, -1.2886e-06,  1.5326e-06, -2.3440e-06,
        -2.5005e-06,  1.0228e-06, -2.2950e-06, -2.2789e-06,  2.6520e-06,
         1.0721e-06,  1.4561e-06,  2.1682e-06,  2.6242e-06, -9.1369e-07,
        -2.3175e-07, -1.3596e-07, -1.7226e-06,  1.0656e-06, -7.0941e-07,
         2.0482e-06, -1.4924e-06, -1.6143e-06,  3.1281e-06, -2.7366e-06,
        -1.3904e-06, -7.7229e-07], device='cuda:0')), ('conv3.lin.weight', tensor([[-1.6177e-01, -1.2593e-01,  7.9363e-02,  1.6912e-01, -2.4039e-02,
         -2.1791e-01,  7.7554e-02, -1.1154e-01,  1.6894e-01, -1.2660e-02,
         -9.2913e-02,  2.5167e-02,  2.2655e-01, -1.6978e-01,  4.1857e-02,
          2.1438e-01],
        [-1.9040e-01, -2.2334e-01, -6.5108e-02,  1.7329e-01,  9.5980e-02,
          1.3891e-02, -9.4200e-02, -6.7844e-02, -1.2147e-01,  1.2741e-01,
         -2.3782e-01, -1.1081e-01,  1.5644e-01, -3.3154e-02, -2.5005e-03,
         -4.9123e-02],
        [-2.0915e-01,  7.3684e-02,  1.3023e-01,  1.1015e-01,  5.4637e-02,
         -3.8441e-02,  9.7051e-03,  1.2386e-01,  5.4298e-02, -2.7363e-02,
         -1.5727e-01,  2.2586e-01,  2.3321e-01, -1.6362e-01,  8.4020e-02,
          1.5309e-01],
        [-1.4723e-01,  1.1334e-01,  2.6933e-01, -6.8631e-02,  1.1396e-01,
          1.4667e-01, -1.7090e-01,  2.3276e-02, -8.7494e-02, -4.6306e-02,
          5.4511e-02, -1.0125e-01,  5.6329e-02,  1.6274e-01,  2.2570e-02,
          4.1985e-02],
        [ 9.9560e-02,  2.1800e-01,  1.9604e-01, -9.2730e-02, -1.1088e-01,
          3.6403e-02,  6.9925e-02, -6.9309e-02, -9.0773e-02,  3.6256e-02,
          1.1026e-01,  7.0361e-02,  1.5691e-01,  9.3608e-02,  1.7149e-01,
         -2.1434e-01],
        [ 2.9441e-02,  1.1976e-01,  1.4229e-01,  1.6160e-01, -2.1897e-02,
          2.7980e-02,  6.8493e-02,  7.9582e-02,  4.5437e-02,  1.1395e-01,
          1.1699e-01,  1.5326e-01,  8.0205e-02,  5.7845e-02,  1.0007e-02,
         -7.6994e-02],
        [ 2.4926e-02, -3.2852e-02, -2.0829e-01, -8.9908e-02, -1.4273e-01,
         -1.2647e-01,  1.2705e-01,  1.4142e-01,  1.8064e-01, -1.0968e-01,
          1.6277e-01,  5.1368e-02,  5.2807e-02,  1.8610e-02,  1.4302e-01,
          1.8897e-01],
        [-7.9113e-02, -1.1740e-01,  3.0221e-02, -2.5418e-02,  1.2294e-01,
         -9.2377e-02, -8.6098e-02,  6.9917e-02,  4.2498e-02,  4.1233e-02,
         -1.2250e-01,  9.3025e-02,  1.7344e-01,  4.4200e-02,  1.2041e-01,
          1.3514e-01],
        [-1.7632e-02, -9.2322e-02,  8.9365e-02,  1.9295e-01, -6.9352e-02,
         -4.6035e-02,  1.6010e-01,  3.7297e-02,  2.6097e-01, -5.0411e-02,
         -1.3367e-01,  2.6666e-01, -8.8795e-02, -1.0519e-01, -1.4642e-01,
         -1.8270e-01],
        [-6.2578e-02,  4.1981e-02,  1.3436e-01, -9.5411e-02, -1.2995e-01,
          1.2528e-01, -2.5041e-02,  1.8265e-01,  1.4902e-01, -1.0336e-01,
          1.2724e-02,  3.0869e-01,  9.4860e-02, -8.1691e-02, -1.5415e-01,
         -1.0055e-01],
        [ 4.3021e-02, -9.7035e-02,  1.1208e-01,  2.9348e-02, -1.9490e-01,
          2.0016e-01,  1.3433e-01,  5.5215e-03,  4.7397e-02,  1.6495e-01,
          1.1287e-01, -1.0304e-01,  1.7470e-01,  3.0937e-01,  1.5710e-01,
         -1.6501e-01],
        [ 3.2875e-01,  5.2455e-02, -1.9751e-01,  2.7523e-02,  3.4225e-02,
         -1.6756e-01, -6.6996e-02, -1.9894e-01, -1.4222e-01,  1.1659e-01,
          1.6638e-01, -2.9574e-01, -1.7619e-01, -4.0376e-02,  5.4594e-02,
          8.3669e-02],
        [ 9.5845e-03, -3.3395e-02,  6.8810e-02,  9.9038e-02, -2.3648e-02,
         -9.0208e-02, -3.3900e-02,  1.0098e-01,  1.1553e-01,  4.5301e-02,
         -1.0451e-01, -3.8340e-04,  3.8075e-02, -1.5080e-01,  1.1051e-01,
          7.8802e-02],
        [-1.2573e-01,  1.3702e-01, -1.2520e-02,  6.4090e-02,  7.8652e-02,
         -2.0230e-01,  3.7126e-01, -1.2036e-01,  2.0006e-01, -8.4041e-02,
         -1.9841e-01,  1.5955e-01, -5.6852e-02, -2.8687e-01,  1.2026e-01,
          1.4460e-01],
        [-3.4203e-02,  1.8321e-02, -9.2231e-02,  1.0676e-01, -2.7710e-02,
          8.9079e-02,  1.3032e-01, -1.2085e-01,  1.0279e-01,  1.4383e-01,
          3.9878e-02, -6.3052e-02,  1.5825e-02, -1.0276e-01, -1.2292e-01,
         -2.4455e-03],
        [ 1.8540e-01, -4.4658e-02,  2.4362e-01,  1.8748e-01, -2.0174e-02,
          1.4489e-01,  5.8363e-03, -2.1498e-02,  6.7847e-02, -1.0054e-01,
          5.7553e-02, -1.8355e-01, -1.5527e-01,  9.0689e-02,  2.3252e-02,
         -6.3971e-02],
        [-1.9891e-01, -1.2802e-01, -1.3312e-01, -1.2931e-02, -1.2507e-01,
          5.5965e-02,  1.3914e-01, -7.7114e-02,  4.5706e-02,  9.4732e-04,
         -1.3525e-02, -2.6002e-02,  1.1686e-01, -1.3282e-01, -1.2603e-01,
          7.4107e-02],
        [ 4.6354e-02,  1.5551e-01, -6.2038e-02, -2.2855e-02,  4.4558e-03,
         -9.3299e-02,  1.4776e-01, -3.0037e-02, -6.2581e-02,  4.4253e-02,
          7.5000e-02,  2.6903e-01, -1.6334e-02, -5.7391e-02, -1.8317e-03,
         -1.0595e-01],
        [ 1.8607e-01,  1.1282e-01, -1.0679e-01, -1.1757e-01, -1.1839e-01,
          8.0049e-02,  1.9806e-02,  2.2441e-02,  3.4016e-02,  9.6759e-02,
          1.5506e-01, -2.0227e-01, -1.0013e-01,  1.4866e-01,  1.6324e-01,
          1.0850e-01],
        [ 1.6659e-01,  1.0406e-04, -8.1399e-02, -6.1485e-02,  6.8627e-02,
          1.7698e-03,  6.1468e-02, -3.8167e-02, -1.6095e-01,  1.7746e-02,
         -4.1966e-02, -1.3518e-01, -1.1610e-01,  1.1378e-01,  1.4691e-01,
         -1.3835e-01],
        [-1.2114e-01, -2.6296e-02,  1.0615e-02,  1.6222e-01, -8.0582e-02,
         -1.7295e-01,  5.0537e-02, -1.5504e-01, -3.1527e-02,  9.3264e-02,
         -9.2524e-02, -3.8646e-02,  1.9776e-01, -1.2094e-01,  1.9241e-01,
          1.2163e-01],
        [ 1.6960e-02,  1.7485e-01, -1.2688e-01, -2.0089e-01,  4.1190e-02,
         -1.3171e-01,  1.3628e-01, -1.3956e-01,  1.1528e-02,  8.0946e-02,
          1.3406e-02,  7.9806e-02, -4.2016e-02,  1.4123e-01,  1.2315e-01,
         -1.1350e-01],
        [-1.4034e-01, -1.2601e-01, -1.0746e-01, -4.0930e-02,  1.2050e-01,
         -1.0951e-01,  8.4712e-02, -2.0191e-01,  1.6901e-01, -9.4123e-02,
         -6.5238e-02, -1.3371e-01,  7.5236e-02, -1.2075e-01, -1.0361e-01,
          1.7704e-01],
        [ 1.7153e-01,  3.9860e-02,  7.8149e-02,  2.5826e-01, -1.0280e-01,
          1.8334e-01, -2.0131e-01, -6.3845e-02, -1.2331e-01,  1.5613e-01,
          8.4216e-02, -3.1041e-01, -1.7229e-01, -1.5886e-01, -1.6023e-01,
          4.3822e-02],
        [-1.5171e-01,  8.8613e-02, -1.3577e-01,  6.4605e-02, -2.9357e-03,
          6.2388e-02,  2.2857e-01,  5.1905e-02, -4.4020e-02,  2.1827e-01,
         -8.6276e-02,  2.6632e-01, -6.9530e-02,  5.1373e-02,  3.5563e-02,
         -1.4741e-01],
        [-2.0570e-02,  3.7596e-02, -1.7370e-02,  1.6142e-01,  8.3368e-02,
          1.3691e-01,  2.2403e-01, -1.1890e-01, -2.0948e-03,  1.3738e-01,
         -5.6514e-02, -2.9593e-01, -9.6253e-02, -4.3167e-02,  1.3543e-01,
          1.3552e-01],
        [-5.8169e-02,  6.4179e-02, -2.5905e-01, -1.0963e-01, -1.5121e-02,
          4.3578e-02,  4.5875e-02, -1.8434e-01, -7.5068e-02,  9.3914e-02,
          1.5702e-01, -5.8918e-02, -1.3079e-01, -5.4586e-02, -2.6693e-01,
          3.0890e-02],
        [-2.0554e-02, -5.7074e-02, -1.2122e-01, -1.5922e-01,  1.5383e-01,
          1.1709e-01, -7.7560e-02, -1.3117e-01, -1.7343e-01,  7.1969e-03,
         -1.4010e-01, -2.8898e-01,  2.7566e-02,  1.5338e-01,  1.7315e-02,
         -1.7082e-02],
        [ 9.4146e-02, -2.1517e-01, -1.4309e-01, -4.2637e-03, -1.2604e-02,
         -1.2528e-01, -5.8612e-02, -1.5816e-01,  5.8307e-02,  3.9549e-02,
          3.3993e-02,  1.8671e-02,  2.1702e-03,  8.3244e-02, -8.1172e-02,
         -1.4069e-01],
        [ 3.0235e-02, -8.7542e-02, -4.9904e-02, -7.7133e-02, -5.6010e-02,
          4.6898e-03, -1.0429e-01,  1.5044e-01,  4.4482e-02,  9.3013e-02,
         -9.0087e-02,  1.8646e-01,  1.1358e-01,  1.4456e-01, -1.1633e-02,
         -1.1743e-01],
        [-1.5949e-01, -8.3316e-02,  1.8945e-01, -2.1269e-02,  1.3344e-01,
         -6.8390e-02, -2.2480e-01, -1.6073e-02, -7.4314e-02, -1.4535e-01,
          7.7967e-02,  2.3894e-02,  2.3322e-01,  1.5576e-01, -1.3563e-01,
          1.5697e-01],
        [-1.2173e-01,  1.1446e-03, -9.4682e-02, -1.2672e-01, -1.6808e-01,
         -1.0503e-01,  1.7555e-01,  1.3606e-01,  1.9920e-01,  5.0396e-02,
          1.3336e-01,  1.9295e-01,  1.7790e-01,  1.3350e-02,  1.7359e-01,
          2.5648e-01]], device='cuda:0')), ('bn3.weight', tensor([1., 1., 1., 1., 1., 1., 1., 1., 1., 1., 1., 1., 1., 1., 1., 1., 1., 1.,
        1., 1., 1., 1., 1., 1., 1., 1., 1., 1., 1., 1., 1., 1.],
       device='cuda:0')), ('bn3.bias', tensor([0., 0., 0., 0., 0., 0., 0., 0., 0., 0., 0., 0., 0., 0., 0., 0., 0., 0., 0., 0., 0., 0., 0., 0.,
        0., 0., 0., 0., 0., 0., 0., 0.], device='cuda:0')), ('bn3.running_mean', tensor([0., 0., 0., 0., 0., 0., 0., 0., 0., 0., 0., 0., 0., 0., 0., 0., 0., 0., 0., 0., 0., 0., 0., 0.,
        0., 0., 0., 0., 0., 0., 0., 0.], device='cuda:0')), ('bn3.running_var', tensor([1., 1., 1., 1., 1., 1., 1., 1., 1., 1., 1., 1., 1., 1., 1., 1., 1., 1.,
        1., 1., 1., 1., 1., 1., 1., 1., 1., 1., 1., 1., 1., 1.],
       device='cuda:0')), ('bn3.num_batches_tracked', tensor(0, device='cuda:0'))])