OrderedDict([('conv1.bias', tensor([ 5.5876e-07,  2.9342e-07, -7.2543e-08, -1.8507e-07, -1.1412e-06,
        -2.9209e-06, -5.6628e-07,  1.6802e-07], device='cuda:0')), ('conv1.lin.weight', tensor([[-5.5194e-04,  8.3487e-04, -1.6622e-03,  2.0444e-03, -6.6760e-04,
          8.1977e-03, -1.0247e-28,  3.3183e-42,  8.5194e-15,  4.7506e-09,
         -1.4380e-03,  7.4270e-02,  4.3747e-02,  1.5655e-03,  1.4712e-02,
          1.0182e-01,  4.3540e-02,  1.3760e-02,  3.1185e-02,  2.8170e-02,
         -1.6773e-03, -5.4321e-03,  3.0283e-02,  2.5130e-03,  7.3483e-03,
          2.7960e-03,  5.0981e-03,  1.6263e-02, -4.5165e-04,  2.7960e-03,
          6.6160e-03,  2.4178e-02, -1.0250e-02, -2.5430e-03,  8.3326e-04,
          1.2055e-03,  1.3565e-41,  1.5376e-04, -9.8573e-02,  1.4813e-02,
         -5.4845e-03,  1.0267e-02, -4.8668e-03,  5.2255e-02,  3.5142e-02,
          8.2117e-03,  3.3182e-02,  8.8103e-02,  1.3813e-02,  1.7890e-03,
          6.3002e-03,  9.3579e-42,  2.9371e-42,  2.3079e-13, -3.8914e-10,
          2.2231e-03,  4.6130e-03, -5.5194e-04,  1.7707e-03,  1.7707e-03,
          3.3033e-04,  2.6561e-02,  4.6602e-02,  4.0113e-02,  4.4493e-02,
          5.9719e-02, -7.4701e-02,  6.8782e-04],
        [ 4.1352e-06,  1.4093e-04,  1.9468e-03,  4.8568e-05, -1.9314e-03,
         -3.8738e-03, -3.4878e-42,  6.2831e-10, -5.0279e-42,  1.0159e-19,
         -6.5769e-02, -9.4315e-02,  1.6014e-02,  1.3311e-02, -1.6985e-02,
         -2.1445e-01, -1.0194e-02,  1.8751e-02,  3.9349e-03,  1.2004e-02,
          2.3534e-02,  6.1218e-03,  6.1585e-03, -3.9391e-04,  6.2657e-03,
         -3.3656e-04, -7.9092e-03, -6.6312e-03, -1.8112e-05, -3.3656e-04,
          3.1855e-03, -2.6558e-02,  1.9656e-02, -1.1829e-02,  1.6122e-03,
          2.1204e-03,  9.6881e-08,  1.4890e-02,  7.3223e-02, -1.0191e-01,
          1.2191e-02,  1.2105e-02,  2.6862e-02, -5.8376e-02,  8.7511e-02,
         -1.3007e-03,  1.6255e-02,  9.3152e-02, -3.1610e-03,  3.9199e-03,
         -2.1366e-03, -8.3377e-43,  5.3039e-42, -6.1911e-18,  1.0364e-09,
          3.0656e-03, -2.5339e-03,  4.1351e-06,  8.1851e-04,  8.1851e-04,
         -7.4926e-04, -2.9978e-02,  7.0565e-03,  2.9981e-02,  1.1958e-02,
          2.3939e-02,  3.9844e-02,  1.4193e-03],
        [ 1.1293e-05,  3.8530e-04, -1.4507e-03, -1.1572e-03,  1.0912e-03,
         -9.1441e-03,  7.5793e-41,  6.3384e-07, -1.0810e-41,  3.4192e-42,
         -9.3863e-02, -1.4937e-01, -2.4863e-02, -1.0997e-02, -1.9669e-02,
         -1.9983e-01, -8.5928e-02,  1.0901e-02, -2.3363e-02, -9.7995e-03,
         -1.2187e-02, -4.6436e-03, -1.9914e-02, -1.0230e-03, -8.2754e-05,
         -2.5431e-03,  5.4414e-03, -2.2036e-02, -2.3835e-04, -2.5431e-03,
         -1.5394e-02, -1.1829e-02, -3.1302e-03,  8.7048e-03, -3.3857e-03,
         -4.7416e-03, -2.1092e-14, -1.9707e-02,  4.4865e-02, -7.3249e-02,
          4.2101e-03, -1.8286e-02,  3.2633e-03, -2.3365e-02,  1.9309e-01,
         -8.0175e-03, -5.7285e-02, -8.7189e-02, -2.5250e-02, -4.8180e-03,
         -6.2160e-03, -2.2777e-11,  7.0931e-10, -3.6196e-42, -1.0023e-11,
         -4.6957e-03, -3.1012e-03,  1.1293e-05, -2.2371e-03, -2.2371e-03,
         -4.5236e-04, -1.5971e-02, -2.0755e-02,  6.9414e-03, -1.2786e-02,
         -4.8140e-02,  7.2060e-02, -1.5208e-03],
        [-2.2783e-04,  4.6216e-04, -1.8044e-04, -5.7439e-04, -1.8762e-05,
         -2.7027e-03,  2.0843e-08, -4.5024e-42,  8.7861e-42,  1.2748e-08,
          3.5672e-03, -3.4967e-02, -7.2737e-03, -9.5759e-03, -4.2038e-03,
          2.1821e-01, -2.5521e-02,  3.8978e-03, -5.7613e-03, -4.6161e-03,
         -1.6916e-02, -1.4323e-02, -4.1762e-03,  2.5095e-04,  2.9731e-03,
         -2.0517e-03,  2.2117e-05, -1.0469e-02, -4.1478e-04, -2.0517e-03,
         -8.2031e-03,  2.2341e-02, -1.3639e-03,  5.9905e-04, -1.8065e-03,
         -2.2883e-03,  2.8958e-13, -7.2687e-03,  1.7710e-01,  4.7314e-02,
         -2.4754e-03, -1.4352e-02, -1.0372e-02,  8.6852e-02,  7.0435e-02,
         -3.9885e-03, -2.8352e-02,  1.4316e-01, -1.0022e-02, -8.9355e-05,
         -2.4724e-03,  1.7796e-17,  2.7914e-05,  2.7045e-42, -1.0296e-38,
          1.3736e-04, -1.8621e-03, -2.2783e-04, -8.9411e-04, -8.9411e-04,
         -7.4658e-04,  2.5743e-02, -3.3990e-03, -3.2297e-03, -5.5799e-03,
          2.0558e-02, -6.4224e-02, -9.6964e-05],
        [ 4.3848e-04,  1.8712e-04, -7.0239e-04,  2.6913e-04,  1.4308e-04,
          2.7521e-03, -6.1097e-43,  1.0944e-42,  1.0142e-05, -4.1915e-19,
         -1.5471e-02,  1.0235e-01,  4.6503e-02,  9.0643e-03,  8.7116e-03,
          2.0190e-02,  6.2934e-02,  1.4049e-02,  4.4662e-02,  4.2978e-02,
          6.0799e-02,  5.9810e-02,  4.1252e-02,  5.6888e-04,  4.0986e-03,
          5.3013e-04,  1.7421e-03,  9.1456e-03,  3.1004e-04,  5.3013e-04,
          6.2113e-03,  1.3005e-02,  3.0221e-05, -2.9359e-03,  3.6148e-04,
          5.0614e-04, -6.1444e-10,  4.1828e-03, -2.5893e-01,  2.4737e-01,
          8.6501e-05,  2.6360e-02,  1.5580e-02,  7.2653e-02,  4.2577e-02,
          2.2202e-03,  7.1226e-02,  2.6813e-01,  1.0155e-02,  9.4126e-04,
          6.9522e-04, -6.2671e-16,  1.5289e-13,  3.1894e-41, -7.0013e-15,
          1.1095e-03, -3.5810e-04,  4.3848e-04,  1.1517e-04,  1.1517e-04,
          5.2259e-04,  7.5380e-03,  3.7535e-02,  5.0593e-02,  1.1514e-01,
          1.3428e-01, -7.2114e-02,  2.3075e-04],
        [ 1.1433e-04,  8.6434e-05, -1.4859e-04, -4.6072e-04,  3.2135e-04,
         -3.3653e-03,  5.5320e-41, -3.1791e-26, -3.1919e-08,  4.7175e-07,
         -5.5445e-02, -9.7046e-02, -7.1849e-02, -4.4736e-03, -9.7630e-03,
          1.4038e-01, -4.4061e-02, -1.1996e-02, -4.6828e-02, -4.4040e-02,
         -7.4437e-03, -7.6071e-03, -4.6034e-02, -3.6161e-04, -2.7549e-03,
         -9.8743e-04,  1.2965e-04, -8.1247e-03, -7.0258e-05, -9.8743e-04,
         -3.2614e-03, -1.6975e-02,  7.1429e-04,  2.3916e-03, -8.0996e-04,
         -9.9192e-04,  3.3001e-42, -4.2069e-03,  2.0618e-01, -1.9619e-01,
          2.7962e-03, -9.9015e-03, -2.7235e-03, -6.5084e-02,  2.2086e-02,
         -1.9990e-03, -4.3347e-02, -2.1400e-01, -7.4797e-03, -9.0269e-04,
         -2.1962e-03,  5.4454e-42,  1.1278e-26, -1.0147e-25,  3.8157e-42,
         -1.1102e-03, -1.4554e-03,  1.1433e-04, -6.8142e-04, -6.8142e-04,
         -3.1069e-04, -1.6640e-02, -8.6815e-02, -7.8305e-02, -7.6470e-02,
         -1.1429e-01,  1.8584e-02, -2.7414e-04],
        [-1.9752e-05,  1.6447e-04, -9.0248e-06, -8.0018e-04,  1.3850e-04,
         -7.0639e-04,  4.6482e-14, -2.3668e-14, -2.2000e-43, -7.2601e-42,
         -3.6944e-02, -7.7431e-02, -2.0000e-02, -1.0208e-03, -2.1449e-03,
         -2.6505e-03, -3.6464e-02,  2.0935e-03, -2.0120e-02, -1.5063e-02,
         -2.3530e-04, -8.5197e-04, -1.8881e-02,  9.4170e-05,  3.5591e-04,
         -3.9492e-04,  7.1781e-04, -7.0914e-03,  4.0178e-05, -3.9492e-04,
         -3.3835e-03, -2.6191e-02,  1.3669e-03,  1.7395e-03, -6.6248e-04,
         -9.2825e-04, -1.5986e-41, -4.0994e-04,  9.8603e-02, -1.6446e-01,
         -1.0488e-03, -5.3427e-03,  4.5525e-03, -8.9485e-02,  1.1217e-01,
         -2.1026e-03, -1.6907e-02, -8.3636e-02, -1.0353e-02, -2.8692e-04,
         -4.2837e-04, -3.9680e-10, -2.3262e-43,  4.8494e-13,  2.7227e-42,
         -2.4962e-04, -2.2605e-05, -1.9752e-05, -1.3898e-05, -1.3898e-05,
         -8.4311e-05, -3.2763e-02, -2.8980e-02, -1.3223e-02, -1.7879e-02,
         -1.7316e-02,  2.2687e-02,  1.7783e-04],
        [ 1.6497e-04,  8.5793e-05, -4.0885e-04,  5.7641e-04, -8.2165e-05,
          1.3155e-03,  4.1354e-07, -7.6991e-15, -2.5494e-15, -2.6008e-42,
          2.7440e-04,  3.0525e-02,  1.5141e-02,  4.0494e-04,  2.8405e-03,
          2.6267e-02,  1.3081e-02,  2.1816e-03,  1.0835e-02,  9.1013e-03,
         -5.2918e-03, -7.0891e-03,  1.0472e-02,  8.9974e-05,  5.7933e-04,
          2.4854e-04,  7.0401e-04,  3.0975e-03,  1.3121e-04,  2.4853e-04,
          9.5847e-04,  3.1867e-03, -1.8155e-03, -1.4805e-04, -1.2835e-05,
          1.6395e-05, -4.5051e-07, -1.7396e-04, -6.6540e-02, -2.8770e-02,
         -7.4456e-04,  2.7162e-03, -3.1124e-04,  2.6676e-02,  1.6539e-02,
          1.4175e-03,  8.5423e-03,  7.4857e-02,  3.1067e-03,  5.8152e-05,
          9.6358e-04, -2.8544e-42, -2.0998e-14,  2.5055e-42,  3.4080e-42,
          1.6774e-04,  6.5300e-04,  1.6497e-04,  5.0650e-05,  5.0651e-05,
          3.6494e-04,  3.9634e-03,  1.9182e-02,  1.4940e-02,  1.5988e-02,
          3.1303e-02, -1.3716e-01, -5.3739e-05]], device='cuda:0')), ('conv1.aggr.t', tensor([1.], device='cuda:0')), ('bn1.weight', tensor([0.8177, 0.9732, 0.8920, 1.0019, 0.8056, 0.9432, 0.9334, 0.7904],
       device='cuda:0')), ('bn1.bias', tensor([-0.0374,  0.1189,  0.1664,  0.0394,  0.1266,  0.0168,  0.0154, -0.1102],
       device='cuda:0')), ('bn1.running_mean', tensor([ -313.6007,     9.2754,     2.5459,   628.7326,    -1.9969,    25.3803,
          -73.0392, -1071.5995], device='cuda:0')), ('bn1.running_var', tensor([7.8148e+03, 2.5871e+02, 1.4895e+02, 2.2610e+04, 7.5131e+02, 7.9862e+02,
        3.0441e+03, 1.6457e+05], device='cuda:0')), ('bn1.num_batches_tracked', tensor(47024, device='cuda:0')), ('conv2.bias', tensor([-3.7223e-06,  4.6321e-06, -4.5098e-06,  3.1334e-07,  1.4332e-05,
        -3.7409e-07,  3.1409e-06, -2.7403e-05,  1.6387e-05, -7.7428e-06,
         4.3653e-05,  3.0819e-06,  1.8999e-06, -1.2304e-05,  4.2158e-07,
        -2.8054e-06], device='cuda:0')), ('conv2.lin.weight', tensor([[-0.2552,  0.1931, -0.1061, -0.3843,  0.1836, -0.0238, -0.0510, -0.3322],
        [-0.4778,  0.2756, -0.0393,  0.1181, -0.1750, -0.0939, -0.2190, -0.1328],
        [-0.2201, -0.2590,  0.1187,  0.4476,  0.0573,  0.1906, -0.3644, -0.0238],
        [-0.2012,  0.5205, -0.1645, -0.3350,  0.1406, -0.2392,  0.1217, -0.1979],
        [ 0.1364,  0.0812, -0.0115, -0.1515,  0.0291, -0.1512,  0.3057, -0.0904],
        [-0.3455, -0.2107,  0.0869,  0.2097, -0.3345,  0.1996, -0.2109, -0.4417],
        [ 0.1915, -0.5468, -0.1678, -0.1396,  0.0357, -0.3803,  0.0806, -0.1996],
        [ 0.1023,  0.3125,  0.0826,  0.0116,  0.0795,  0.2503, -0.0391,  0.0206],
        [-0.2763, -0.1727,  0.0287, -0.4917, -0.2857,  0.1202,  0.3642, -0.2933],
        [-0.1740,  0.2579,  0.0284,  0.2265,  0.4227,  0.0413,  0.1202,  0.3996],
        [ 0.2404,  0.1192,  0.3924,  0.2144,  0.1328, -0.1289,  0.3792, -0.3085],
        [-0.4926,  0.1956, -0.1513, -0.4176, -0.0900, -0.1393, -0.2807,  0.1112],
        [-0.0416,  0.4663, -0.0781, -0.0448, -0.0831,  0.3866,  0.1032, -0.1533],
        [-0.2382,  0.0165, -0.3682,  0.2006, -0.0723, -0.4161, -0.2666, -0.2718],
        [ 0.3487,  0.1580,  0.2227, -0.3960, -0.0723,  0.3438,  0.3424, -0.2856],
        [-0.1555,  0.3352,  0.3725,  0.3600, -0.1146,  0.4707,  0.3612, -0.2668]],
       device='cuda:0')), ('conv2.aggr.t', tensor([1.], device='cuda:0')), ('bn2.weight', tensor([0.7190, 0.7224, 0.8031, 0.7871, 0.8753, 0.8753, 0.8637, 0.8538, 0.7593,
        0.7979, 0.8457, 0.6950, 0.8629, 0.8654, 0.8718, 0.8614],
       device='cuda:0')), ('bn2.bias', tensor([-0.1434,  0.5607,  0.6761,  0.2257,  0.2720, -0.6112, -0.5586, -0.1649,
         0.4792, -0.2998, -0.1179, -0.4384, -0.0520, -0.5265,  0.2669,  0.5132],
       device='cuda:0')), ('bn2.running_mean', tensor([-0.2422, -0.1665,  0.0449, -0.0955,  0.0360, -0.2593, -0.4328,  0.2889,
        -0.3463,  0.4647,  0.4141, -0.4419,  0.2300, -0.4204,  0.1974,  0.5869],
       device='cuda:0')), ('bn2.running_var', tensor([0.1064, 0.1668, 0.2423, 0.2358, 0.0762, 0.3655, 0.4160, 0.1598, 0.2062,
        0.1935, 0.3074, 0.1733, 0.2850, 0.3774, 0.4653, 0.6768],
       device='cuda:0')), ('bn2.num_batches_tracked', tensor(47024, device='cuda:0')), ('conv3.bias', tensor([ 6.7308e-06, -5.6477e-07,  2.3151e-06, -6.3892e-07, -3.8235e-06,
        -5.2200e-07,  2.6606e-06,  9.9805e-07, -3.1340e-06,  7.2135e-07,
         1.5753e-06,  2.7459e-06, -2.4454e-06,  1.6812e-08, -1.3113e-06,
        -1.8558e-06,  8.7112e-06, -1.3861e-06, -1.9226e-06, -1.1568e-07,
         6.1845e-07,  9.9214e-07, -8.7182e-07,  3.5032e-07, -1.9237e-06,
         3.6688e-06, -1.7112e-06, -2.1399e-07,  2.4098e-06,  3.1748e-06,
        -2.4780e-06,  2.8779e-06], device='cuda:0')), ('conv3.lin.weight', tensor([[ 2.3906e-01,  1.3246e-01,  1.5365e-01, -2.4410e-01,  2.2079e-01,
         -6.3400e-04,  1.2344e-01,  1.4226e-01, -7.9426e-03, -7.1072e-02,
         -7.9713e-02, -1.2335e-01,  2.7605e-01, -1.7453e-01, -1.3015e-01,
         -2.0856e-01],
        [-6.5214e-02, -6.0661e-02,  8.5205e-04,  4.9225e-02,  1.1773e-01,
          1.3406e-01,  1.4735e-01, -1.7513e-01, -8.9993e-03,  2.5031e-01,
         -2.3188e-01, -4.6806e-02,  7.9876e-02, -4.7225e-02, -6.9369e-03,
          2.2609e-01],
        [ 7.4414e-03,  1.3051e-01, -1.9899e-01, -2.3116e-02, -9.2289e-02,
         -1.4072e-01, -1.4977e-01, -1.4868e-02, -5.0661e-02, -1.5667e-01,
          6.9418e-02, -1.7294e-01, -1.7236e-01,  1.7379e-01,  1.3345e-03,
          6.9454e-02],
        [-5.9087e-03, -1.9231e-02, -2.8321e-01, -1.4129e-01, -7.9010e-02,
          7.1015e-02,  1.1124e-01,  3.3810e-02, -1.4920e-02,  1.3606e-01,
         -4.3466e-02, -4.2923e-02,  1.5714e-01,  2.2237e-04, -2.3132e-01,
          1.4118e-01],
        [ 1.0828e-01, -4.3560e-02, -2.0622e-01, -5.6145e-02,  1.0962e-02,
          2.7337e-01, -2.1843e-01,  1.4604e-01, -4.9882e-02, -1.7475e-03,
          2.1229e-01,  8.7325e-02, -2.1928e-01, -7.4062e-02, -2.1352e-01,
         -1.3275e-01],
        [-1.6074e-01,  1.4807e-02,  4.4950e-02,  1.2109e-01, -8.3042e-02,
          3.6273e-02, -1.3254e-01, -2.1036e-01,  7.1246e-02,  9.3986e-02,
          2.2647e-01,  3.7336e-02,  1.6073e-01, -1.8544e-01, -1.6277e-01,
         -2.9854e-01],
        [ 3.4962e-02, -2.5748e-02, -2.0854e-01, -1.8528e-01,  7.0408e-02,
          8.2245e-02,  2.7799e-01,  3.0115e-01, -1.2179e-01, -5.4156e-02,
         -5.8981e-02,  4.0180e-02,  1.6109e-01,  3.7240e-03, -2.8925e-01,
          2.2528e-01],
        [-1.1097e-01, -1.2206e-01, -2.4603e-02, -9.1599e-02, -1.1260e-01,
         -1.4018e-01, -6.7096e-02,  4.6644e-02,  6.0195e-02, -7.9266e-02,
          2.3603e-02,  5.7985e-02,  1.2137e-01,  4.5358e-02, -6.1165e-02,
         -3.2169e-02],
        [-1.5524e-01, -4.5250e-02,  7.8854e-02,  1.7590e-01,  1.5022e-01,
          3.0251e-01,  1.3746e-01,  5.1743e-02, -1.1035e-01,  1.5956e-01,
          1.1680e-01,  2.1836e-01, -7.2738e-02,  4.8761e-02,  1.1487e-01,
         -6.3198e-04],
        [ 3.4717e-03,  6.8814e-02, -1.2890e-01,  1.2344e-03, -3.7620e-02,
         -2.0549e-01, -9.1864e-02,  2.2805e-01,  1.4191e-01, -5.9882e-02,
         -1.1159e-01, -8.6193e-02, -1.5029e-01,  1.7979e-01, -2.1311e-01,
          1.5410e-01],
        [ 8.7622e-02, -1.6747e-02,  2.5086e-01,  1.0095e-02,  1.6909e-01,
         -2.3610e-02, -4.4445e-02,  7.9059e-02,  1.3653e-01, -2.4032e-02,
         -1.5454e-01, -7.2150e-02,  1.9229e-01, -2.0316e-01, -1.9702e-01,
         -2.1831e-01],
        [ 8.3455e-02,  4.1648e-02, -1.1453e-01, -8.5014e-02, -3.2731e-02,
          1.2882e-01,  8.9778e-02, -9.7135e-02, -2.6022e-02,  6.8461e-02,
          2.7807e-01,  6.1726e-02, -5.1088e-03, -1.6906e-01, -1.6806e-01,
         -3.2570e-03],
        [ 1.1166e-01,  6.8413e-02, -3.3360e-01, -1.8289e-01, -1.8537e-01,
          3.9850e-02,  2.1412e-01,  2.6517e-01,  1.4248e-01,  2.3783e-01,
         -9.0837e-02, -1.0231e-01, -1.0659e-01, -1.7147e-02, -2.3319e-01,
          2.3777e-01],
        [ 1.8355e-02,  2.7312e-02,  1.1728e-01,  9.0074e-03,  7.2414e-02,
         -6.1255e-02,  4.0868e-02, -3.5997e-02, -6.2734e-02, -7.4395e-02,
          3.3962e-03, -1.2932e-01, -3.1827e-02,  5.7928e-02,  4.4083e-02,
          9.7640e-02],
        [ 1.1647e-01,  8.4181e-04, -7.4657e-02, -1.7849e-01,  9.3885e-03,
          1.5087e-02, -6.5571e-02,  1.2680e-01,  8.6389e-02,  9.4280e-02,
          7.2315e-02,  8.0676e-02,  5.7580e-02,  1.8876e-01,  7.2541e-03,
         -1.0991e-01],
        [ 9.0426e-02,  3.9571e-02,  1.2827e-03, -9.0567e-02,  1.6875e-01,
          8.6554e-02,  1.1247e-02, -1.5533e-01, -4.4587e-02,  2.3892e-01,
         -1.9800e-01, -1.3692e-01,  1.2325e-03,  2.0520e-01,  1.8586e-01,
          1.6274e-01],
        [-1.1513e-01,  5.0122e-02,  9.9468e-02,  1.3008e-01,  2.1697e-01,
         -3.4958e-02, -1.9110e-02,  1.9771e-01, -4.7354e-03, -1.3767e-01,
         -2.3673e-01, -2.0535e-01, -1.0209e-02,  9.9628e-02, -8.4517e-02,
          1.2898e-02],
        [-1.2968e-02, -9.5663e-02,  2.7724e-01,  5.2720e-02,  5.5613e-02,
         -4.5528e-02, -1.9899e-01,  5.6867e-02,  2.9782e-02,  1.1468e-01,
         -1.2375e-01, -7.0127e-02, -9.8431e-02,  2.5960e-01,  2.0439e-01,
         -2.0145e-02],
        [-1.4670e-01,  2.1660e-02,  2.4159e-02,  3.6662e-02,  1.6273e-01,
         -6.9746e-02,  1.1680e-01, -1.0078e-01,  9.5971e-02, -2.4885e-02,
         -1.2599e-02,  5.7412e-02,  4.9087e-02, -4.9524e-02, -1.1321e-01,
          1.0961e-01],
        [ 8.0779e-02, -1.0245e-01,  1.4845e-01, -1.7724e-01,  1.9063e-01,
         -3.2767e-02,  7.0677e-02,  4.6931e-02, -2.5367e-02,  1.5089e-02,
          2.5031e-02,  2.8281e-02,  3.4587e-02,  1.6729e-01, -3.8940e-02,
          2.0512e-01],
        [ 2.0615e-02,  1.3264e-01, -3.1922e-01, -1.6491e-01, -2.5628e-01,
          1.6005e-01, -8.5034e-02, -1.6164e-01,  1.2602e-02,  1.9151e-01,
          2.1270e-01,  3.2979e-02, -1.3766e-01, -5.0505e-02,  2.9979e-01,
         -2.5344e-01],
        [ 9.9341e-02, -1.8262e-01,  9.8831e-02,  3.5050e-01, -9.7595e-02,
          9.8330e-02, -1.5542e-01, -3.1686e-02, -1.1188e-01, -1.2036e-01,
         -2.0181e-01, -1.8135e-01, -2.2050e-01, -2.5829e-01, -1.9121e-01,
          1.7650e-01],
        [-1.2204e-01,  3.6813e-02,  3.9435e-02,  1.7461e-01,  2.4938e-01,
          1.4376e-01, -2.5361e-01, -1.0532e-01,  1.0158e-01,  1.1992e-01,
         -1.7669e-01, -6.0675e-02, -1.5824e-01,  2.0264e-02,  2.6268e-02,
         -1.3255e-01],
        [-9.3723e-02, -8.5395e-02, -8.8475e-02, -4.8901e-02,  3.2581e-02,
          1.5687e-01,  1.2477e-01,  1.0335e-01, -1.2824e-01,  8.1351e-02,
         -1.5809e-01,  5.4624e-02,  1.5480e-01,  1.4603e-01,  1.7835e-01,
          2.9553e-02],
        [-4.9029e-03,  1.7969e-01, -1.4067e-01, -1.2184e-01,  9.9043e-02,
         -8.2107e-02, -1.4921e-01, -2.0535e-02,  1.1020e-02, -1.9193e-01,
          6.3662e-02, -7.5935e-02, -9.5076e-02, -1.7994e-01, -2.2761e-01,
         -1.0197e-01],
        [ 4.0240e-02, -7.3701e-02,  2.5691e-01,  2.4654e-01, -5.7120e-03,
         -1.1807e-01, -3.4598e-01,  3.8276e-02,  9.0916e-02, -2.0375e-01,
          1.2392e-01, -2.8403e-02, -1.9505e-01,  3.9192e-02, -7.5516e-02,
         -1.7573e-01],
        [-1.2165e-01, -8.1590e-02, -1.3296e-01, -1.2389e-01, -7.5390e-02,
          1.7230e-01,  2.9559e-03, -2.3183e-01,  2.1080e-02,  1.7619e-01,
          2.9131e-01,  1.9556e-01,  3.2260e-01, -1.1704e-01, -6.2403e-02,
         -2.6902e-01],
        [ 2.7136e-01, -1.9281e-01,  2.9160e-02, -2.3012e-01,  3.1892e-01,
         -1.2634e-01, -1.2027e-02, -7.9832e-02, -2.4413e-01,  1.6177e-01,
          9.1352e-02,  1.4580e-01,  8.7239e-03, -1.2851e-02, -5.6959e-04,
         -1.7394e-01],
        [-5.6570e-02, -3.3074e-02, -1.4455e-01,  6.0074e-02, -1.6322e-01,
         -1.0124e-01,  3.2494e-01,  5.7363e-02,  1.8183e-01,  7.3926e-02,
         -1.9221e-01, -6.0958e-02,  6.5412e-02, -3.4719e-02, -5.6506e-02,
          2.6506e-01],
        [-5.9536e-03, -2.6949e-01, -4.3761e-01, -1.2476e-01, -2.0942e-01,
          5.5822e-01,  4.8046e-01,  9.4574e-02, -2.8365e-01,  2.1369e-01,
          5.3025e-02,  2.6485e-01,  8.9144e-02,  3.1599e-01, -1.3345e-01,
         -2.9209e-01],
        [-1.2082e-01, -7.3130e-02, -8.3293e-02,  1.9427e-02,  2.0436e-01,
          1.4432e-01,  1.2040e-01, -1.9534e-01, -8.7175e-02,  4.3524e-02,
         -1.9892e-02,  1.0195e-01,  2.8316e-01,  6.9262e-04, -1.1139e-01,
          8.0351e-02],
        [ 2.3740e-02,  1.6931e-01, -1.8419e-01, -1.4336e-01,  1.2759e-01,
          3.2176e-01,  5.2693e-02,  2.4563e-01, -1.8585e-01,  2.9524e-03,
         -1.7621e-01, -1.0019e-01, -8.6650e-02, -1.6606e-01,  1.4531e-01,
         -2.2182e-01]], device='cuda:0')), ('bn3.weight', tensor([1., 1., 1., 1., 1., 1., 1., 1., 1., 1., 1., 1., 1., 1., 1., 1., 1., 1.,
        1., 1., 1., 1., 1., 1., 1., 1., 1., 1., 1., 1., 1., 1.],
       device='cuda:0')), ('bn3.bias', tensor([0., 0., 0., 0., 0., 0., 0., 0., 0., 0., 0., 0., 0., 0., 0., 0., 0., 0., 0., 0., 0., 0., 0., 0.,
        0., 0., 0., 0., 0., 0., 0., 0.], device='cuda:0')), ('bn3.running_mean', tensor([0., 0., 0., 0., 0., 0., 0., 0., 0., 0., 0., 0., 0., 0., 0., 0., 0., 0., 0., 0., 0., 0., 0., 0.,
        0., 0., 0., 0., 0., 0., 0., 0.], device='cuda:0')), ('bn3.running_var', tensor([1., 1., 1., 1., 1., 1., 1., 1., 1., 1., 1., 1., 1., 1., 1., 1., 1., 1.,
        1., 1., 1., 1., 1., 1., 1., 1., 1., 1., 1., 1., 1., 1.],
       device='cuda:0')), ('bn3.num_batches_tracked', tensor(0, device='cuda:0'))])