OrderedDict([('conv1.bias', tensor([ 4.3555e-06,  1.5621e-07,  2.6316e-07,  4.3418e-07, -4.2753e-08,
         9.6704e-08, -6.7463e-09, -1.4837e-06], device='cuda:0')), ('conv1.lin.weight', tensor([[-3.3607e-05, -1.1459e-04, -2.9742e-04, -3.4469e-04,  3.9310e-05,
         -3.3933e-03,  2.8096e-07, -4.2106e-27,  4.5359e-18,  2.6344e-43,
          3.4257e-03, -6.4053e-02, -1.1599e-01, -8.0816e-03, -6.8566e-03,
         -1.4154e-01, -3.5864e-02, -9.2953e-03, -5.2240e-02, -2.9573e-02,
         -2.4295e-02, -2.7753e-02, -4.7453e-02, -5.2673e-04, -3.8284e-03,
         -1.6389e-03, -2.6050e-04, -9.9249e-03,  2.4924e-05, -1.6389e-03,
         -7.2079e-03,  2.8859e-02, -2.2862e-03,  3.3653e-03, -1.5787e-03,
         -1.9339e-03, -1.9338e-42, -5.6020e-03, -3.1340e-02,  1.6766e-01,
         -2.0190e-03, -1.5999e-02, -1.1942e-02, -1.1945e-01, -2.8331e-01,
         -2.6870e-03, -5.5433e-02,  2.1120e-01, -7.4707e-03, -1.2941e-03,
         -2.4843e-03, -1.0277e-06,  2.2281e-42,  8.0995e-42, -1.5936e-21,
         -1.1881e-03, -1.5009e-03, -3.3608e-05, -1.0181e-03, -1.0181e-03,
         -4.3044e-04,  3.8678e-02, -5.1637e-02, -6.3161e-02, -1.0901e-01,
         -1.2247e-01,  4.2376e-02, -5.7185e-04],
        [-5.9764e-05, -1.0774e-04, -3.1532e-05,  7.4400e-05, -7.8110e-06,
         -5.9571e-04,  7.5180e-42, -1.0196e-07,  4.2338e-16, -1.2401e-42,
          2.4590e-04, -4.9684e-03, -1.3108e-02, -1.5462e-03, -1.1815e-03,
          2.2370e-03, -3.7794e-03, -2.4636e-03, -5.9279e-03, -5.9669e-03,
         -2.9385e-03, -2.2286e-03, -5.5014e-03, -1.3054e-06, -7.4571e-04,
         -2.5585e-04,  1.5884e-04, -1.4185e-03,  6.4192e-05, -2.5585e-04,
         -1.2105e-03,  2.4730e-04, -6.6577e-04,  8.2818e-04, -2.8092e-04,
         -3.6313e-04,  1.0146e-06, -1.4337e-03,  1.7647e-02,  3.6370e-02,
          1.5193e-04, -2.2332e-03, -1.6748e-03, -3.2208e-04, -4.3744e-02,
         -3.8291e-04, -6.8669e-03,  6.5269e-03, -1.1096e-03, -2.4227e-04,
         -4.2098e-04,  6.8837e-08,  9.7717e-12,  4.8989e-42, -1.1828e-40,
         -2.8055e-04, -2.4487e-04, -5.9764e-05, -1.2531e-04, -1.2531e-04,
         -1.2352e-04,  3.4461e-04, -1.1728e-02, -1.2932e-02, -1.4295e-02,
         -2.7182e-02, -5.0340e-02, -5.6476e-05],
        [ 1.1698e-05,  1.4088e-05, -1.1402e-04, -1.5052e-04,  8.5917e-05,
         -4.6089e-04,  6.6391e-13, -2.0454e-19, -2.9612e-22, -7.9313e-43,
         -1.9926e-04, -3.9781e-03, -1.1067e-02, -1.1561e-03, -8.3777e-04,
         -2.7032e-03, -3.6737e-03, -2.3165e-03, -5.0952e-03, -4.8574e-03,
         -2.5946e-03, -2.1092e-03, -4.7790e-03,  1.2014e-04, -6.0942e-04,
         -1.9746e-04,  4.2032e-04, -1.0059e-03, -4.1656e-05, -1.9746e-04,
         -9.9169e-04,  3.8623e-04, -5.7009e-04,  9.9658e-04, -1.4822e-04,
         -2.3523e-04, -4.5640e-42, -1.1907e-03,  5.8120e-02,  1.1510e-01,
          1.3309e-04, -1.7019e-03, -1.4789e-03,  8.2816e-04, -4.2649e-02,
         -2.7879e-04, -5.5609e-03,  5.7776e-02, -9.3337e-04, -1.3272e-04,
         -3.4679e-04,  2.2939e-42,  8.8982e-43,  4.2361e-08,  9.3186e-43,
         -3.7583e-04, -2.2187e-04,  1.1697e-05, -1.4123e-04, -1.4123e-04,
          1.1610e-04,  5.0457e-04, -9.6900e-03, -1.0752e-02, -1.2154e-02,
         -2.3197e-02, -4.8404e-02,  1.3955e-04],
        [-2.1320e-04, -1.9766e-05,  9.0004e-04, -5.7315e-04,  5.1502e-04,
          2.8280e-03,  6.4880e-42,  9.6676e-42,  1.1760e-13,  6.0945e-27,
         -2.6756e-02,  1.9816e-02,  4.2494e-02,  5.9203e-03,  5.9717e-03,
         -1.5509e-01,  6.6365e-03,  5.5671e-03,  1.9780e-02,  2.3078e-02,
          5.7059e-03,  2.8143e-03,  1.7951e-02,  2.2998e-04,  1.4866e-03,
          9.8029e-04, -6.5196e-04,  5.5331e-03,  2.7683e-05,  9.8029e-04,
          4.6422e-03, -1.2064e-02,  2.4847e-03, -2.0423e-03,  1.1194e-03,
          1.3244e-03, -5.9723e-42,  5.6657e-03, -1.0472e-01,  5.0047e-02,
         -1.8620e-03,  8.0526e-03,  4.4481e-03, -3.9697e-02,  1.9316e-02,
          3.3621e-04,  2.2220e-02, -1.0026e-01,  1.5812e-03,  8.1048e-04,
          2.0341e-03,  1.0543e-12,  2.6458e-06,  1.2817e-08, -4.0680e-42,
          9.6815e-04,  1.4158e-03, -2.1320e-04,  6.6726e-04,  6.6726e-04,
          7.0437e-05, -1.4732e-02,  3.7970e-02,  4.1088e-02,  4.5483e-02,
          9.3457e-02,  6.2609e-02,  2.8815e-04],
        [-2.8219e-05, -2.2955e-04, -1.9800e-04,  1.2542e-04,  4.4662e-05,
         -1.3395e-03, -2.8054e-42, -4.3831e-06,  8.2256e-43,  5.5622e-12,
          3.3312e-04, -1.0148e-02, -1.9673e-02, -2.4302e-03, -2.4506e-03,
          2.6378e-02, -6.9710e-03, -3.7174e-03, -9.8071e-03, -9.6092e-03,
         -3.2988e-03, -2.3136e-03, -9.1765e-03, -8.6306e-05, -7.8458e-04,
         -5.4146e-04,  3.4623e-04, -2.5542e-03, -1.3946e-05, -5.4145e-04,
         -1.8637e-03,  1.0490e-03, -4.5971e-04,  1.3472e-03, -6.1004e-04,
         -7.6182e-04, -5.4464e-18, -2.3461e-03,  1.1771e-01,  6.1801e-02,
          7.9324e-04, -3.6944e-03, -1.9911e-03,  1.7591e-03, -6.1761e-02,
         -6.3147e-04, -1.0213e-02,  2.4765e-02, -2.0552e-03, -6.3533e-04,
         -9.7626e-04,  2.7849e-26, -1.8114e-10,  4.8844e-09,  7.3252e-12,
         -6.2712e-04, -6.5988e-04, -2.8219e-05, -3.2797e-04, -3.2797e-04,
         -2.6788e-04,  1.2661e-03, -1.8374e-02, -1.9542e-02, -2.1453e-02,
         -4.0782e-02, -6.5917e-02, -2.9378e-04],
        [-3.2847e-04,  2.7003e-05,  1.5294e-03, -1.5823e-03,  6.5373e-04,
         -1.9984e-03, -8.1614e-10,  1.1018e-07, -2.5786e-19, -1.5618e-10,
         -6.9648e-02, -2.1002e-01,  1.9588e-02,  1.1252e-03, -6.2043e-03,
          1.6477e-01, -7.8497e-02, -2.6273e-02,  8.0151e-03, -5.4435e-02,
         -5.1109e-02, -2.6422e-02, -1.3662e-02, -5.7945e-04,  4.4987e-03,
         -5.8644e-04, -4.3328e-03, -9.6100e-03, -3.0283e-05, -5.8644e-04,
         -2.2972e-03, -1.0956e-01,  1.0371e-02, -3.7400e-03,  3.0916e-04,
          3.2924e-04,  5.7794e-14,  6.1593e-03,  2.0373e-02, -1.4632e-02,
         -3.9883e-04, -6.8328e-02, -2.3695e-02,  2.1504e-01,  3.3798e-02,
         -5.4586e-03, -5.7852e-02, -9.4840e-02, -1.4812e-02,  1.1131e-03,
         -1.5256e-03,  6.7236e-28,  8.8982e-43, -3.7050e-42, -1.4826e-42,
          1.2867e-03, -1.1611e-03, -3.2847e-04,  1.0878e-04,  1.0878e-04,
         -5.1972e-04, -1.5682e-01,  7.2510e-02, -8.6221e-02,  3.3797e-02,
          6.1611e-02, -3.2636e-02,  3.3294e-04],
        [-6.4813e-05, -5.8665e-05,  3.1085e-04, -1.8738e-04,  1.3072e-04,
          3.3840e-04,  6.9943e-20,  2.3452e-09,  4.1782e-06, -6.0830e-42,
         -2.5455e-03, -1.2287e-02,  1.0850e-02,  1.7980e-03,  6.3062e-04,
         -1.1764e-01, -1.7101e-03,  4.7490e-03,  6.7903e-03,  7.2195e-03,
          3.2458e-05, -1.1953e-03,  6.5426e-03, -6.5341e-05,  1.1366e-03,
          4.4619e-05, -7.3645e-04,  2.8583e-04,  1.0933e-04,  4.4626e-05,
          8.4706e-04, -8.4875e-04,  1.8642e-03, -1.4033e-03,  2.5241e-04,
          3.0496e-04,  3.2755e-14,  2.5620e-03, -5.3034e-02, -1.1904e-01,
         -4.6274e-04,  1.5538e-03,  2.3663e-03,  2.1931e-02,  7.9094e-02,
         -3.2710e-04,  3.9655e-03, -1.8662e-01,  1.2601e-04,  4.3031e-04,
          1.2902e-04,  9.8497e-42, -8.6629e-17,  3.5453e-43, -6.9224e-42,
          4.5069e-04, -2.8007e-05, -6.4361e-05,  1.3400e-04,  1.3478e-04,
         -1.1074e-04, -1.2210e-03,  9.4451e-03,  1.3776e-02,  1.2638e-02,
          2.2768e-02,  9.8732e-02,  8.3241e-05],
        [ 1.4766e-05,  3.2273e-05,  2.6846e-04, -4.0991e-04,  3.3154e-05,
         -7.9069e-04, -6.3114e-42, -4.5369e-15, -2.5942e-26,  3.7260e-16,
         -2.9345e-02, -4.3174e-02, -1.7200e-02, -5.8419e-04, -1.7508e-03,
          3.1651e-02, -1.9648e-02,  9.6594e-04, -7.9498e-03, -6.1698e-03,
         -4.3745e-03, -4.5322e-03, -7.6507e-03, -1.3626e-04,  1.1244e-04,
         -3.0366e-04, -7.7028e-04, -2.3637e-03, -2.1429e-04, -3.0366e-04,
         -7.4267e-04, -3.8043e-03,  1.7506e-03, -5.2195e-04,  8.9404e-06,
         -3.4530e-06,  1.6955e-08,  6.7483e-04,  4.7481e-02, -5.6889e-02,
         -2.1379e-04, -4.2828e-03, -3.7046e-04,  1.7501e-03,  1.1583e-01,
         -1.2244e-03, -1.4143e-02,  1.4268e-05, -3.1297e-03,  1.5503e-04,
         -6.2144e-04, -1.2088e-07,  4.8583e-42,  4.1338e-43,  1.1449e-42,
          1.3905e-04, -4.8716e-04,  1.4766e-05, -1.1131e-04, -1.1131e-04,
         -2.2392e-04, -5.9553e-03, -1.9823e-02, -1.2729e-02, -1.6177e-02,
         -5.0492e-03, -9.3776e-03,  7.1353e-05]], device='cuda:0')), ('conv1.aggr.t', tensor([1.], device='cuda:0')), ('bn1.weight', tensor([0.7438, 0.9295, 0.6878, 0.8017, 0.8366, 0.7358, 0.7276, 0.9093],
       device='cuda:0')), ('bn1.bias', tensor([-0.1366,  0.0496, -0.1192,  0.1238, -0.0066,  0.0735,  0.0993,  0.1932],
       device='cuda:0')), ('bn1.running_mean', tensor([ 341.4478, -309.3639,   -1.0337,  -23.1510, -129.7286,   -9.4935,
         -19.5887,    6.5542], device='cuda:0')), ('bn1.running_var', tensor([2.2714e+04, 9.8523e+04, 1.2659e+05, 8.1296e+02, 2.0271e+05, 1.5310e+02,
        8.4827e+04, 7.2889e+02], device='cuda:0')), ('bn1.num_batches_tracked', tensor(47024, device='cuda:0')), ('conv2.bias', tensor([-8.2325e-08,  1.1170e-06,  3.5678e-06, -1.4359e-05, -9.6380e-07,
        -5.0909e-06,  2.5127e-07,  2.4036e-06, -1.1711e-06, -6.6613e-07,
         1.4270e-05, -4.5113e-06, -3.6131e-06,  8.0540e-06,  3.7339e-06,
         7.8940e-06], device='cuda:0')), ('conv2.lin.weight', tensor([[-0.2279,  0.2131, -0.2513, -0.3499,  0.1547,  0.0325, -0.1780, -0.2009],
        [ 0.1598, -0.3508, -0.0204, -0.0985, -0.3292, -0.0369, -0.2442, -0.0301],
        [ 0.1881,  0.1929,  0.2539,  0.0699, -0.3693, -0.3313,  0.2839, -0.0236],
        [ 0.0552,  0.1225,  0.1945,  0.0852, -0.3622,  0.0099,  0.2857, -0.0144],
        [ 0.1247, -0.1918,  0.2367,  0.0015, -0.2754, -0.0124, -0.0520, -0.2756],
        [ 0.2278, -0.3039,  0.0890, -0.0695,  0.1582,  0.2308, -0.2260,  0.4062],
        [-0.0599,  0.3435,  0.0642, -0.0252,  0.0609, -0.2359,  0.2459, -0.3100],
        [ 0.1877, -0.1858, -0.1673, -0.1316,  0.0546, -0.2550, -0.2948, -0.3334],
        [-0.0415,  0.1892, -0.0844,  0.0133,  0.2184,  0.0871,  0.0180, -0.0993],
        [ 0.2247,  0.1693,  0.1821, -0.1493,  0.1890,  0.1697,  0.0278, -0.2860],
        [ 0.2115,  0.3966, -0.0025,  0.0283, -0.0742,  0.1025,  0.0976, -0.4021],
        [ 0.1011, -0.2770,  0.0788,  0.0411, -0.2390,  0.1546,  0.2026,  0.0937],
        [ 0.1264, -0.3001, -0.0362, -0.3969, -0.1859, -0.2014, -0.0815, -0.1017],
        [ 0.1077,  0.0612,  0.2282,  0.2422, -0.2956, -0.0077,  0.2300,  0.1298],
        [-0.2658, -0.0788,  0.1493,  0.3434, -0.1725, -0.1716, -0.0319,  0.3819],
        [-0.0508, -0.0216, -0.0477,  0.0509, -0.2929, -0.3717,  0.1661,  0.3504]],
       device='cuda:0')), ('conv2.aggr.t', tensor([1.], device='cuda:0')), ('bn2.weight', tensor([0.8073, 0.7288, 0.6697, 0.8052, 0.6069, 0.7964, 0.8389, 0.7760, 0.8053,
        0.7924, 0.8278, 0.8140, 0.6554, 0.8282, 0.7953, 0.8037],
       device='cuda:0')), ('bn2.bias', tensor([-0.6525, -0.4557, -0.6633, -1.0962, -0.1993, -0.6991, -0.8900, -0.6797,
        -0.3433,  0.0335,  0.9775,  0.8189,  0.5882,  0.7128, -0.3423,  0.8635],
       device='cuda:0')), ('bn2.running_mean', tensor([-0.2312, -0.3569,  0.0477,  0.1018, -0.2382,  0.1560,  0.0090, -0.4303,
         0.1104,  0.0834,  0.0579,  0.0244, -0.4393,  0.2164,  0.1299, -0.0039],
       device='cuda:0')), ('bn2.running_var', tensor([0.2264, 0.1512, 0.1126, 0.0927, 0.0906, 0.1944, 0.2080, 0.2219, 0.0563,
        0.1425, 0.1628, 0.1920, 0.1722, 0.1385, 0.1747, 0.1528],
       device='cuda:0')), ('bn2.num_batches_tracked', tensor(47024, device='cuda:0')), ('conv3.bias', tensor([ 1.0871e-06,  3.4378e-07, -1.8684e-06, -4.1768e-06, -2.5460e-07,
         1.9094e-06,  6.9775e-07, -3.7768e-06, -3.2668e-06, -3.1725e-06,
        -1.8280e-06, -4.5562e-07, -2.0941e-06, -2.9685e-06, -1.0870e-06,
         1.1424e-06,  3.6656e-06, -1.4691e-06, -4.7490e-07, -2.8112e-07,
        -2.5614e-06, -2.0723e-06,  4.5845e-06,  9.7152e-07,  1.2107e-06,
        -2.2013e-06,  2.4395e-06,  1.3070e-06,  2.8643e-07, -7.4312e-07,
        -1.4218e-06,  8.3394e-08], device='cuda:0')), ('conv3.lin.weight', tensor([[ 0.4685,  0.2769,  0.4078,  0.7827,  0.1349,  0.4159,  0.5375,  0.4162,
          0.1599, -0.0319, -0.7833, -0.5422, -0.4278, -0.4745,  0.3038, -0.5474],
        [-0.1931, -0.1267,  0.1054,  0.1589, -0.0956,  0.0536, -0.1107,  0.0477,
          0.0162,  0.0910,  0.0230,  0.1528,  0.0358, -0.3419,  0.0919, -0.1565],
        [-0.0598, -0.1494, -0.0489,  0.3327, -0.0205, -0.1742, -0.1951,  0.0865,
          0.0577, -0.2266, -0.1915, -0.0557, -0.0266, -0.1681, -0.1271, -0.1513],
        [-0.0332, -0.0201, -0.0074,  0.0052, -0.0213, -0.0667,  0.0327, -0.1618,
         -0.0888,  0.1690,  0.0739, -0.0326,  0.0565, -0.1540,  0.2012,  0.0932],
        [-0.0598, -0.0128,  0.0813, -0.0240,  0.0205,  0.1303,  0.1150, -0.1544,
          0.1532,  0.0620, -0.0337,  0.0790,  0.0890, -0.1588, -0.0391,  0.1514],
        [ 0.1446, -0.1188,  0.0048, -0.0177, -0.0901, -0.0599, -0.0269,  0.0398,
         -0.1435,  0.0939, -0.0652,  0.1042,  0.0889,  0.1826, -0.1255, -0.0814],
        [ 0.0610, -0.1470, -0.1636,  0.0959,  0.0583, -0.1838,  0.0564, -0.0432,
         -0.2443,  0.1390, -0.1009,  0.0402,  0.1048,  0.0263,  0.0557, -0.0541],
        [-0.0640,  0.0040,  0.0169, -0.1165, -0.0588, -0.1127,  0.0365,  0.0024,
         -0.1464,  0.2920, -0.2201, -0.1458,  0.0695,  0.2348,  0.0344,  0.0244],
        [-0.1248, -0.0009,  0.1580, -0.0158,  0.0431,  0.1716, -0.0287,  0.1417,
          0.1391, -0.0904, -0.0300, -0.0369, -0.0111, -0.0410, -0.1770,  0.0990],
        [-0.1684,  0.1213, -0.0341, -0.0155,  0.0162, -0.0762,  0.2344, -0.1651,
          0.0740, -0.1217, -0.1694,  0.1150, -0.0791, -0.0288, -0.1915, -0.1731],
        [ 0.1077,  0.0702, -0.1355,  0.0919,  0.0335, -0.0150,  0.1159, -0.0233,
          0.1067, -0.1927,  0.0541,  0.0450,  0.0388, -0.0815,  0.1573,  0.0434],
        [-0.0347, -0.0626, -0.0474, -0.0870,  0.1017, -0.1698,  0.1764, -0.2631,
          0.0223, -0.0227, -0.2085,  0.1770,  0.0821, -0.1350,  0.0083, -0.0860],
        [ 0.0026,  0.1147, -0.0584,  0.2283, -0.1179,  0.0845,  0.1912, -0.0555,
         -0.0482, -0.1069, -0.0104,  0.0308, -0.0730, -0.1498, -0.1109,  0.0171],
        [ 0.0245, -0.1193,  0.1105, -0.0882,  0.0378, -0.1171, -0.1138,  0.1535,
         -0.1964,  0.0979, -0.1211,  0.0902, -0.1823, -0.1214, -0.0720,  0.1078],
        [-0.0465,  0.0247,  0.1116, -0.0918, -0.0776,  0.1548,  0.2401,  0.1631,
          0.0342, -0.1682,  0.0802,  0.2505, -0.1442, -0.1460, -0.1238,  0.1487],
        [ 0.0487, -0.1350, -0.0059, -0.0643,  0.0941,  0.0378, -0.1206,  0.0818,
         -0.0258, -0.0978,  0.2127,  0.1607, -0.0271, -0.2304,  0.1210,  0.0062],
        [ 0.1887, -0.1421, -0.0476,  0.0794, -0.0853, -0.0134,  0.2157,  0.0984,
         -0.3187,  0.0418, -0.1622,  0.1925, -0.0549,  0.0152,  0.0745, -0.0735],
        [-0.1917,  0.1951, -0.0237, -0.0324, -0.0200,  0.0354,  0.0332,  0.0329,
          0.1974,  0.1589,  0.1164,  0.0639, -0.1036, -0.1245, -0.1496,  0.2961],
        [-0.1821,  0.1561, -0.1275, -0.1662,  0.0513, -0.1257,  0.2424, -0.1770,
          0.1608,  0.0974, -0.0481,  0.0251,  0.0553, -0.0211,  0.1463,  0.1173],
        [ 0.2169, -0.0967,  0.0063, -0.0527,  0.1469, -0.2248, -0.2284, -0.2263,
         -0.1525,  0.1605, -0.0944,  0.0186, -0.0368, -0.1536,  0.0261,  0.0785],
        [ 0.0051,  0.1358, -0.0491, -0.0580,  0.1089, -0.1248, -0.0965, -0.0714,
         -0.0605,  0.1960,  0.0967, -0.0894, -0.0398,  0.0226,  0.1293,  0.0688],
        [ 0.2024, -0.0493, -0.0409, -0.1396,  0.2070, -0.1314,  0.1356, -0.1958,
          0.1696, -0.0933, -0.1762,  0.1872,  0.0238, -0.0098, -0.0423,  0.1719],
        [-0.0923,  0.0072, -0.1218,  0.1077,  0.1824, -0.1037, -0.1217, -0.0777,
          0.2314, -0.0022, -0.0448, -0.1009, -0.0649, -0.2156,  0.1350,  0.1557],
        [-0.3075, -0.0344, -0.1575,  0.0120,  0.0751, -0.0406,  0.2239, -0.0668,
          0.1645, -0.1307,  0.0515,  0.0248,  0.0909, -0.2532, -0.0475,  0.2024],
        [-0.1554, -0.0564,  0.0473, -0.1114, -0.0302, -0.0011,  0.0636,  0.1284,
          0.0753,  0.0120,  0.0164,  0.0405,  0.1589,  0.0608,  0.2469, -0.1174],
        [ 0.0917,  0.0942,  0.0236, -0.1514, -0.0474,  0.1351,  0.1153, -0.0840,
         -0.1477, -0.1862,  0.2617, -0.0562, -0.0251,  0.0085, -0.1193,  0.1027],
        [-0.1107, -0.1059, -0.0573, -0.0685,  0.1103, -0.1786,  0.1228, -0.0818,
         -0.0442,  0.0067, -0.2096,  0.0536,  0.1323,  0.0505, -0.0542, -0.1039],
        [ 0.0317,  0.0593, -0.0951,  0.0282,  0.0108,  0.0902,  0.3023,  0.1779,
          0.2098, -0.2018, -0.0112,  0.2281, -0.1166,  0.1511, -0.1305,  0.0780],
        [-0.0526, -0.0132,  0.0642,  0.0042, -0.1143, -0.0804,  0.1798, -0.1184,
         -0.0087, -0.2041,  0.1202,  0.1860,  0.1297, -0.1199,  0.0647, -0.1984],
        [ 0.2149,  0.1018, -0.1012,  0.0032,  0.1005, -0.2129, -0.0286, -0.3097,
         -0.2319,  0.2386, -0.0951,  0.0114, -0.0877, -0.1809,  0.1625,  0.0748],
        [ 0.1324, -0.0920, -0.0890,  0.0619,  0.0596,  0.0226,  0.1172,  0.1481,
         -0.2248,  0.0008, -0.0489,  0.0279, -0.0945,  0.2531, -0.0425, -0.0931],
        [-0.0468,  0.0039,  0.1349,  0.1314, -0.1717, -0.0640, -0.2331,  0.1028,
          0.1088,  0.2435, -0.2738, -0.2164,  0.0768,  0.1689, -0.1528,  0.0998]],
       device='cuda:0')), ('bn3.weight', tensor([1., 1., 1., 1., 1., 1., 1., 1., 1., 1., 1., 1., 1., 1., 1., 1., 1., 1.,
        1., 1., 1., 1., 1., 1., 1., 1., 1., 1., 1., 1., 1., 1.],
       device='cuda:0')), ('bn3.bias', tensor([0., 0., 0., 0., 0., 0., 0., 0., 0., 0., 0., 0., 0., 0., 0., 0., 0., 0., 0., 0., 0., 0., 0., 0.,
        0., 0., 0., 0., 0., 0., 0., 0.], device='cuda:0')), ('bn3.running_mean', tensor([0., 0., 0., 0., 0., 0., 0., 0., 0., 0., 0., 0., 0., 0., 0., 0., 0., 0., 0., 0., 0., 0., 0., 0.,
        0., 0., 0., 0., 0., 0., 0., 0.], device='cuda:0')), ('bn3.running_var', tensor([1., 1., 1., 1., 1., 1., 1., 1., 1., 1., 1., 1., 1., 1., 1., 1., 1., 1.,
        1., 1., 1., 1., 1., 1., 1., 1., 1., 1., 1., 1., 1., 1.],
       device='cuda:0')), ('bn3.num_batches_tracked', tensor(0, device='cuda:0'))])