OrderedDict([('conv1.bias', tensor([-2.3891e-07, -2.5643e-08,  3.7983e-09,  8.6604e-08, -2.3337e-09,
        -4.1107e-07,  2.6011e-08,  1.0544e-08], device='cuda:0')), ('conv1.lin.weight', tensor([[-7.0266e-05,  3.9902e-05,  1.0232e-04,  1.1452e-05,  1.2531e-05,
         -5.1348e-04,  9.3887e-43,  3.1123e-42, -3.7247e-42, -7.1466e-44,
          5.8560e-05, -7.6299e-05,  3.2114e-03, -1.1675e-05, -2.1848e-04,
          5.9494e-02,  6.3599e-04,  5.8601e-04, -4.6298e-04, -3.7646e-04,
          5.2081e-04, -1.3897e-03,  4.7662e-04,  2.1889e-04,  1.5533e-04,
         -1.4958e-04, -7.5188e-05,  1.7206e-04, -7.7365e-06, -1.5423e-05,
          2.2046e-04,  2.2013e-04,  1.3116e-04, -2.6930e-04,  2.3519e-04,
         -2.2435e-04, -3.6267e-09, -2.6268e-04,  1.5240e-01, -1.9346e-02,
          3.6390e-04,  8.2055e-05,  6.1580e-04,  8.2362e-02,  9.4580e-03,
          2.6177e-04, -3.0318e-04, -2.7688e-02,  1.6688e-04, -9.9936e-05,
         -8.9696e-06, -8.7287e-42, -3.0702e-10, -8.5479e-43,  2.2375e-16,
         -1.8552e-04, -9.1404e-05, -1.7525e-05, -1.4561e-04, -1.1898e-04,
          8.2106e-06,  7.7673e-04,  1.0101e-03, -1.3418e-04,  3.2661e-03,
          4.1704e-03,  2.5733e-02,  8.6713e-05],
        [-1.4789e-04, -1.8074e-05, -1.1087e-06,  3.5616e-05, -2.9852e-06,
          3.1642e-05,  2.8612e-34, -6.5399e-42, -8.6320e-42, -1.5803e-17,
         -1.1060e-04,  1.5808e-03, -2.5716e-04, -7.1718e-04,  9.5507e-07,
          9.4278e-02,  3.5466e-05, -3.3062e-04, -6.5470e-04, -1.3777e-03,
          5.1052e-05, -3.0594e-04, -1.1848e-03,  1.0756e-06,  1.7214e-05,
         -1.1376e-04, -5.0083e-05, -1.2588e-04, -1.4165e-05, -1.9819e-04,
         -4.0302e-04,  3.4739e-04, -3.1356e-04,  2.6201e-04,  1.4326e-04,
          1.5762e-04,  3.0408e-42, -1.0349e-04, -9.1862e-02,  1.9764e-01,
          7.0431e-05, -5.7380e-04, -2.8836e-05,  6.5769e-03, -1.3870e-02,
         -2.2723e-04,  1.7677e-03,  1.6290e-01, -3.1959e-04,  1.7621e-04,
         -4.0801e-06,  2.3220e-42, -8.5362e-15, -4.6495e-42,  7.3511e-31,
         -2.9055e-04,  8.7986e-05,  9.6547e-05, -6.8182e-05,  2.0982e-04,
          3.2008e-05,  1.1046e-03,  1.1429e-03,  3.9856e-04, -1.4537e-03,
          7.6595e-03, -1.7879e-02, -1.2948e-04],
        [ 1.2714e-04, -1.6817e-04, -5.9304e-05, -1.2020e-05, -2.0034e-05,
          1.2363e-04,  7.4689e-43,  2.8490e-18, -2.4116e-42, -2.2490e-18,
         -9.6019e-05,  5.5859e-04,  5.5281e-04,  7.7943e-04,  2.1824e-04,
          3.5036e-02, -1.2248e-03,  1.4348e-05, -1.4719e-03, -7.7670e-04,
         -5.8176e-04,  7.5107e-05, -5.2029e-04, -2.7050e-04,  3.9722e-04,
          8.3175e-05,  2.0172e-04, -9.6004e-05,  1.9827e-05,  6.0719e-05,
          4.6224e-04, -1.0913e-03, -1.3129e-04, -9.0019e-04,  3.6526e-04,
         -5.2866e-04,  2.2858e-28, -1.9723e-04, -9.0028e-02,  1.3701e-01,
         -2.5205e-04,  5.0258e-04, -1.0773e-04, -6.6031e-02,  1.2458e-01,
          2.2680e-04, -1.6921e-03,  1.2836e-01, -9.7645e-04, -3.1584e-04,
          3.9672e-04, -2.5434e-42, -1.5709e-42, -4.4844e-23, -1.2514e-42,
         -2.1444e-04, -1.2818e-04, -4.0729e-05, -1.9229e-05, -1.9570e-05,
         -1.8246e-04, -1.0984e-03, -1.1212e-03, -7.2628e-04,  1.6164e-03,
         -1.3173e-01, -1.4805e-02,  8.0542e-05],
        [-5.2496e-04,  6.6711e-04,  1.6272e-05, -9.3926e-05, -1.9320e-05,
         -1.1575e-04, -2.1616e-16,  6.1013e-42, -1.6829e-07, -2.5770e-06,
         -1.8820e-05,  3.9128e-03, -9.1815e-02,  1.8062e-05, -7.5853e-04,
         -1.6005e-02, -1.2805e-03,  5.8863e-04, -2.6888e-03, -5.4898e-03,
         -1.5960e-04,  4.9989e-03,  3.4245e-03, -1.8697e-04, -7.6181e-04,
         -1.5055e-04,  3.0539e-04,  1.2880e-03,  1.2139e-04,  4.3709e-04,
          1.2998e-03,  3.4892e-03,  1.1709e-03, -4.2982e-04, -4.1363e-04,
          4.4853e-04, -3.4346e-42, -1.1388e-03, -2.3449e-02, -2.9780e-02,
         -9.1372e-04,  7.0359e-04,  4.8759e-04,  7.2974e-02, -1.0344e-01,
         -4.3140e-05, -4.8806e-03, -1.7430e-02,  1.7377e-03, -9.9836e-04,
          1.2424e-04,  1.0593e-21, -4.0869e-13,  2.5940e-13, -2.9852e-15,
         -7.6417e-04, -1.2197e-05,  4.5525e-05, -1.0930e-03, -5.7116e-04,
         -2.7870e-04,  1.9740e-03, -2.5459e-02, -4.6639e-03, -1.1127e-01,
          8.0029e-02, -3.6654e-03, -7.3361e-04],
        [-4.5029e-05,  5.9329e-05, -9.1284e-06,  2.7206e-05, -4.1784e-05,
          2.2329e-04,  2.3416e-27, -3.1207e-42, -1.7990e-19,  8.3720e-26,
          1.9011e-05,  8.0468e-04, -1.5438e-03,  1.4500e-04, -4.4095e-04,
         -5.0433e-02,  4.2851e-04, -3.4280e-06, -1.3966e-03,  1.4143e-03,
          6.7969e-04, -1.8112e-04, -3.4020e-04,  1.1620e-05, -2.4776e-05,
         -1.4653e-04, -2.7304e-05, -4.2768e-06,  4.6160e-05,  8.9020e-05,
         -9.4280e-05,  1.5833e-03, -2.2705e-04,  2.2161e-04,  1.9401e-04,
          1.2380e-04,  6.6099e-42,  4.5443e-04,  1.4692e-01,  1.1337e-02,
         -9.0697e-05, -6.8566e-04, -2.6532e-04,  7.9635e-02, -9.3521e-04,
         -1.2388e-04, -6.2102e-04,  1.0703e-01,  4.2439e-05,  2.5330e-05,
          2.2997e-04, -7.3470e-42,  5.0895e-42,  3.7957e-23,  5.4370e-43,
          7.6534e-05, -1.3134e-04,  6.8885e-06,  2.9505e-05,  1.1266e-04,
          9.7061e-05,  2.3916e-04,  1.2857e-03, -1.4886e-04, -5.2504e-04,
          1.4570e-03,  6.0944e-02,  9.2620e-05],
        [-1.1192e-04, -4.8063e-05,  2.7822e-05, -1.6969e-05, -1.1093e-04,
         -1.3304e-05,  9.2749e-16,  2.9287e-43, -9.6577e-14,  1.0489e-12,
         -2.6901e-05, -3.3072e-04,  1.2255e-03,  1.7419e-05, -2.1310e-04,
          8.3514e-02, -1.9628e-03,  3.7209e-04,  6.3344e-04,  6.6268e-04,
          2.3277e-03,  7.7053e-04, -1.0432e-04,  1.2612e-04,  3.0009e-04,
          1.2768e-04, -5.3984e-05, -1.8502e-04,  4.6207e-05,  2.9039e-04,
         -3.8039e-04,  1.2568e-03,  6.9257e-04, -4.4623e-05, -2.3663e-04,
          1.8765e-04, -1.3796e-11,  2.1394e-04,  7.1190e-02,  5.6726e-02,
          2.5349e-04, -4.5111e-04, -3.0742e-04, -6.1303e-04,  1.6382e-03,
         -1.9164e-04,  5.7473e-05, -1.9291e-02, -4.5111e-04,  4.5458e-04,
         -1.5900e-05, -3.1144e-15, -1.1860e-17,  1.2556e-42,  7.7181e-19,
          4.8566e-04,  1.6058e-04, -6.7221e-05,  2.0922e-04,  1.1119e-04,
          3.5695e-05,  2.7835e-03, -3.4554e-04,  4.5812e-04,  3.5356e-03,
          1.0929e-01,  7.7507e-03, -1.8735e-05],
        [-5.1026e-05, -2.4907e-04, -1.2357e-04,  2.2319e-06, -3.2656e-05,
         -2.9847e-04,  3.7702e-07, -4.5963e-43, -8.8492e-42,  2.8736e-13,
         -3.0525e-04, -1.1356e-01,  5.4948e-03,  1.2214e-03, -3.3865e-04,
         -7.8913e-03, -1.1353e-03, -9.5015e-04, -6.3204e-03, -1.4867e-04,
         -1.3866e-02,  5.3311e-03, -4.1285e-03,  4.7902e-05,  7.9635e-05,
          3.0616e-04, -1.5678e-04,  4.4185e-04,  1.0979e-04, -1.6886e-04,
         -1.7318e-04,  2.0781e-03,  4.8002e-04, -4.0419e-04, -3.7023e-04,
          1.1020e-04,  4.5991e-21,  3.5973e-04, -1.3954e-01,  4.5129e-03,
          1.3264e-03,  2.3496e-03,  9.0318e-04, -2.3364e-01,  2.7404e-02,
          1.8608e-04,  2.9176e-02,  1.0481e-03, -9.7496e-04,  3.2548e-04,
         -1.5380e-04,  8.6320e-43, -1.9649e-14,  1.6376e-41,  4.8765e-43,
          2.5179e-04,  2.1789e-04,  3.0853e-04,  8.7485e-05, -1.6428e-04,
          2.0131e-04,  5.6410e-03,  7.8074e-02,  4.0248e-02, -1.9818e-01,
          1.8856e-02, -9.8202e-03,  1.1413e-04],
        [-5.9945e-05,  1.1784e-05,  1.4957e-05,  4.6779e-06, -2.3381e-06,
         -3.3651e-05,  4.5691e-19, -4.8695e-42, -3.7993e-11, -2.5513e-11,
         -1.8404e-05, -8.7380e-04,  1.7107e-03, -2.0984e-04,  8.5757e-05,
          5.8021e-02,  3.7530e-04,  3.1779e-04,  1.3007e-03, -1.9506e-04,
         -7.3580e-04, -8.5761e-04,  1.3349e-03, -1.3297e-04, -2.1422e-04,
          1.3128e-04, -8.8876e-05, -6.5901e-05,  2.9545e-05, -6.3303e-05,
          1.4004e-04, -1.5366e-03, -4.4754e-04, -1.2505e-04, -1.0728e-05,
          1.6160e-04, -6.6688e-42,  1.7834e-04,  1.6925e-01,  5.8290e-02,
          1.9830e-04, -9.0784e-05, -1.4426e-04,  1.1499e-01, -6.3403e-02,
          4.4050e-04,  5.5406e-05, -1.9631e-03,  3.7269e-05,  6.9083e-06,
         -4.7116e-05, -2.8578e-13, -3.4827e-22, -2.0522e-07,  1.0978e-06,
         -2.7974e-05,  5.4763e-05, -2.0417e-05, -3.7225e-05, -1.2757e-04,
         -7.8541e-06,  2.2354e-03,  1.5423e-03,  5.0998e-03,  5.8870e-03,
         -1.1284e-03,  2.7366e-02, -2.2907e-05]], device='cuda:0')), ('conv1.aggr.t', tensor([1.], device='cuda:0')), ('bn1.weight', tensor([0.6994, 0.7302, 0.7240, 0.7093, 0.7069, 0.8571, 0.8081, 0.9873],
       device='cuda:0')), ('bn1.bias', tensor([0.0357, 0.0254, 0.1843, 0.1131, 0.0063, 0.0681, 0.0531, 0.1027],
       device='cuda:0')), ('bn1.running_mean', tensor([ 510.9131,  430.3146,  203.2628, -213.2720,  786.7549,  428.9037,
        -413.0185,  713.5205], device='cuda:0')), ('bn1.running_var', tensor([1211736.0000, 2479634.0000, 1362233.0000,   86320.2422, 2861284.5000,
         527785.3125,  721429.7500, 1511218.2500], device='cuda:0')), ('bn1.num_batches_tracked', tensor(47024, device='cuda:0')), ('conv2.bias', tensor([-6.4343e-06, -3.9017e-06,  2.7789e-06,  5.6661e-07,  8.8171e-07,
        -3.3002e-06,  3.9276e-06,  2.1193e-06,  4.5190e-07, -2.6649e-06,
        -1.3605e-06, -5.8230e-08, -5.5690e-07, -2.8358e-06,  2.4763e-06,
         7.8382e-07], device='cuda:0')), ('conv2.lin.weight', tensor([[ 0.0230,  0.1145,  0.0380,  0.0824, -0.2110, -0.3003, -0.1379, -0.2532],
        [-0.0973,  0.1802,  0.0387, -0.0029,  0.0602,  0.0936,  0.3103,  0.2589],
        [ 0.0725, -0.0204,  0.1316, -0.0440, -0.0276, -0.2969, -0.0317, -0.3128],
        [ 0.2473,  0.3384, -0.1278, -0.0645, -0.3174,  0.2466,  0.1157,  0.3397],
        [-0.1830, -0.0323, -0.0223,  0.0715, -0.2385, -0.1754,  0.0156, -0.2273],
        [-0.0046, -0.0331, -0.0240, -0.4251, -0.1234, -0.2006, -0.1072, -0.2136],
        [ 0.0591,  0.3851, -0.2888, -0.0163, -0.2019, -0.1389, -0.0632,  0.3741],
        [-0.0677, -0.0222, -0.2647,  0.0213, -0.0915,  0.2771, -0.0596,  0.0259],
        [-0.0667,  0.1259, -0.3457,  0.0468,  0.2065,  0.2914,  0.3099,  0.0960],
        [-0.2748,  0.0412,  0.1409, -0.0016, -0.2493,  0.0791,  0.1398, -0.3880],
        [-0.0359, -0.2377,  0.0721, -0.0099,  0.3991,  0.1735, -0.2462, -0.3044],
        [-0.1283,  0.2177,  0.1440, -0.0070,  0.1389,  0.0262, -0.0398,  0.3524],
        [ 0.1502, -0.2488, -0.1605,  0.0286, -0.2229,  0.2090,  0.0522,  0.3526],
        [-0.1381, -0.0425, -0.2488, -0.1306, -0.0674, -0.2517, -0.1579, -0.1594],
        [-0.2343,  0.1683, -0.1626,  0.0826, -0.1693,  0.2171, -0.2265,  0.3701],
        [ 0.0832, -0.1201,  0.2145,  0.1284, -0.0700, -0.2320,  0.1226, -0.2624]],
       device='cuda:0')), ('conv2.aggr.t', tensor([1.], device='cuda:0')), ('bn2.weight', tensor([0.7171, 0.7715, 0.9141, 0.7546, 0.6877, 0.7122, 0.7050, 0.5979, 0.7196,
        0.6330, 0.6429, 0.6076, 0.7045, 0.6642, 0.6493, 0.6991],
       device='cuda:0')), ('bn2.bias', tensor([-0.5813, -0.2435,  0.8391,  0.2797,  0.6073, -0.0318, -0.2665,  0.0506,
         0.2433, -0.3778, -0.1433,  0.3581, -0.0331, -0.1323,  0.2870, -0.0789],
       device='cuda:0')), ('bn2.running_mean', tensor([-0.2129,  0.2642, -0.1942,  0.2580, -0.2362, -0.3623,  0.0487, -0.0355,
         0.1908, -0.1592, -0.0854,  0.2305,  0.1036, -0.3715,  0.0689, -0.0600],
       device='cuda:0')), ('bn2.running_var', tensor([0.2700, 0.1358, 0.2401, 0.4024, 0.3058, 0.1619, 0.2165, 0.0911, 0.1723,
        0.4286, 0.1569, 0.2453, 0.2965, 0.2268, 0.2228, 0.2114],
       device='cuda:0')), ('bn2.num_batches_tracked', tensor(47024, device='cuda:0')), ('conv3.bias', tensor([-1.1343e-06, -2.3742e-07, -1.4339e-06,  5.7099e-07, -7.4788e-07,
         1.7823e-06, -4.2236e-06,  7.7492e-07, -3.5608e-06,  1.6439e-06,
        -8.2268e-07, -1.0292e-07, -1.5641e-06, -6.4642e-07,  2.3871e-06,
         6.8640e-07,  2.9162e-06, -3.7999e-06, -2.4167e-07,  1.4506e-06,
         4.7173e-07, -1.2449e-06, -1.9455e-06, -2.4847e-07, -1.3883e-06,
        -2.7946e-06, -1.9807e-06, -2.3152e-06,  3.2857e-06,  9.3238e-07,
        -1.5941e-06, -1.8505e-06], device='cuda:0')), ('conv3.lin.weight', tensor([[ 2.5097e-01,  8.8584e-02, -5.4542e-02,  1.6898e-01, -1.6792e-01,
          4.3600e-02, -1.1348e-04, -1.5930e-01,  1.2450e-01,  1.4297e-01,
          1.0174e-01, -1.0288e-01,  1.1748e-01,  4.4087e-02,  1.0722e-01,
          3.5913e-02],
        [-2.1932e-01,  1.9084e-02,  2.2344e-01,  1.3432e-01,  1.4504e-01,
          1.8457e-01,  2.0567e-02, -1.8711e-01,  8.8018e-02, -7.0665e-02,
          3.4528e-02, -9.5058e-02,  1.2674e-01,  3.5084e-02,  1.3956e-01,
         -9.3134e-02],
        [ 1.6086e-01,  2.2436e-01, -2.2797e-01, -1.2910e-01, -1.5736e-01,
          7.1232e-02,  8.6220e-02, -1.4501e-01,  1.0383e-01,  1.7175e-01,
          1.8969e-03, -1.4952e-01,  1.1396e-01,  1.6689e-01, -1.3690e-01,
         -1.8052e-03],
        [ 1.7619e-01, -6.9866e-02, -1.2134e-01, -1.1560e-01, -5.2903e-03,
          4.2580e-02,  3.8473e-02, -4.8661e-03, -4.8733e-02, -6.5594e-02,
         -2.2316e-02,  2.2809e-01,  5.4462e-02, -1.6585e-01, -1.3199e-01,
         -5.6316e-02],
        [ 6.9515e-02, -1.3667e-01, -2.7487e-02, -2.3902e-02, -1.2671e-01,
         -1.6246e-02, -6.2437e-02,  1.1125e-02, -1.3677e-01, -9.0844e-03,
         -6.4744e-02, -5.9064e-02,  3.8286e-02, -1.7750e-01,  1.9983e-01,
          5.3062e-02],
        [-3.8109e-02, -3.8367e-02,  3.8857e-02, -7.7281e-02,  1.8472e-01,
         -1.9427e-01,  1.6701e-01, -3.4719e-02, -1.4088e-02, -2.2135e-02,
          9.0839e-02, -5.7341e-03, -1.0453e-01, -1.4703e-01,  6.7963e-02,
         -5.7060e-02],
        [ 1.7892e-01,  1.4352e-01, -1.8619e-01,  1.9371e-01, -1.7805e-02,
          1.5123e-01, -5.2182e-02,  3.8333e-02,  1.4267e-01, -7.8412e-02,
         -4.2992e-02, -1.0544e-01, -9.7866e-02, -9.3710e-03, -1.5334e-01,
          1.5843e-01],
        [-1.5424e-01, -1.1910e-01,  1.9429e-01,  1.6911e-01,  5.2015e-02,
         -1.2237e-02, -1.7930e-01,  6.4020e-02,  7.9275e-02, -7.1863e-02,
         -2.2528e-02,  4.2089e-02,  5.8405e-02,  3.3255e-02,  9.0017e-02,
          8.0567e-02],
        [ 8.3231e-02, -1.9528e-02, -4.3441e-02, -3.5548e-02, -1.3983e-01,
         -2.1306e-01,  1.7137e-01,  1.3057e-01, -7.1412e-02,  1.3014e-01,
          4.3976e-02, -1.1291e-01, -5.2677e-02,  1.1646e-01, -5.1414e-02,
         -7.6974e-02],
        [-1.3532e-01,  6.9622e-02, -8.5869e-02, -1.2323e-03, -5.0117e-02,
          8.2879e-02, -3.5157e-03, -3.7048e-02,  1.4247e-01, -1.5067e-01,
         -1.5258e-01, -9.7417e-02, -6.1719e-02,  3.6357e-02, -1.5471e-01,
          1.8901e-01],
        [-7.2281e-02, -1.5978e-01, -4.5226e-02,  7.9301e-02,  1.5355e-01,
         -1.6259e-01,  2.6744e-03,  9.2047e-02, -1.0940e-01, -7.2920e-02,
          3.0382e-02, -2.3862e-03, -2.2215e-01, -1.5936e-01, -3.3853e-03,
         -1.0008e-01],
        [-9.4870e-03,  2.3576e-01, -1.5817e-01, -6.3817e-02, -7.2668e-02,
          2.0227e-01,  7.1288e-02,  6.8661e-02, -1.4433e-01,  1.5999e-01,
          7.6601e-02, -1.3854e-01,  1.0038e-01, -1.4000e-01, -1.9425e-01,
          2.3980e-02],
        [-1.9252e-01,  2.2653e-02, -2.9626e-02, -9.9905e-02,  1.0829e-01,
          1.1390e-01,  1.0497e-01,  1.6296e-01, -8.7658e-02,  2.8946e-02,
          1.1410e-02, -4.2428e-02, -1.3443e-01, -7.6340e-02,  8.8832e-02,
         -9.6646e-02],
        [-1.6579e-01, -1.5416e-01,  3.0884e-01,  1.1216e-01,  1.7419e-01,
          2.1496e-02, -1.9761e-01, -1.5441e-02,  1.5980e-01, -9.6152e-02,
         -2.1372e-02,  2.0974e-01,  1.2940e-01, -1.1026e-01,  1.2032e-01,
          6.7899e-02],
        [ 2.5018e-01, -1.6192e-01, -1.7873e-01,  1.6570e-01, -1.8380e-01,
         -1.0907e-01,  1.3492e-01, -1.0207e-01, -4.8267e-02,  1.3293e-01,
          1.5837e-01, -1.0722e-01, -1.2635e-01,  7.1416e-02, -1.5235e-02,
         -7.9941e-02],
        [ 4.8540e-02,  1.1574e-01,  2.5138e-02, -2.0041e-01,  1.9696e-02,
         -1.0369e-01,  1.1369e-01, -1.4785e-02,  8.1039e-02, -2.9607e-02,
          1.3445e-01, -6.8556e-02,  2.4232e-02,  6.5348e-02,  1.1169e-01,
          3.5941e-02],
        [-1.6583e-01, -1.0729e-01,  2.4345e-01, -7.7762e-02,  1.9916e-01,
         -5.6861e-02,  7.8838e-03,  2.9767e-02,  5.2963e-02, -4.0568e-02,
         -1.0278e-01,  1.6315e-01, -3.5099e-02,  3.5097e-02,  1.1634e-01,
         -1.6618e-01],
        [ 1.2127e-01,  1.1417e-01, -4.4049e-02, -1.8995e-01, -8.3969e-02,
         -7.0919e-02,  3.5983e-02,  5.6351e-02, -8.9963e-02,  3.4407e-02,
         -6.5580e-02,  8.1791e-03,  1.8258e-01, -5.3641e-02,  3.9859e-02,
          1.7175e-01],
        [-1.1373e-01, -1.3930e-01, -3.2768e-03,  1.0053e-01,  1.7693e-01,
         -7.6617e-02,  4.9126e-02, -1.2656e-01, -5.2349e-02, -1.5918e-01,
          4.6988e-02, -6.3969e-02,  2.3684e-02, -3.0971e-02, -6.6932e-02,
         -1.2854e-01],
        [-5.1823e-02,  1.4056e-01, -1.0350e-01, -2.5774e-01, -1.5493e-01,
          1.5082e-01, -1.4052e-01, -6.9451e-02,  7.4222e-02,  1.6913e-01,
         -1.3556e-01, -7.5162e-02,  1.5963e-01, -2.1157e-02,  5.6180e-02,
          7.6002e-02],
        [ 2.7059e-02,  2.7857e-02,  1.1939e-01,  1.4396e-01,  2.2321e-01,
         -6.5298e-02,  7.4764e-02, -1.4133e-01,  2.8125e-01, -1.0334e-02,
          3.3774e-02, -1.6475e-02,  1.2938e-01, -1.2506e-01, -1.3997e-01,
          1.2762e-01],
        [ 8.1873e-04, -1.2149e-01, -3.2443e-01, -1.9618e-01, -1.2461e-02,
          1.4593e-01,  9.9438e-02, -8.5803e-02, -1.4464e-01, -6.6249e-02,
          3.3138e-02,  1.7675e-02, -8.6689e-02, -6.4951e-02, -9.9297e-03,
         -3.3489e-02],
        [-6.9119e-03,  9.2988e-02,  1.9090e-01, -1.1129e-01, -9.5443e-02,
         -1.3251e-01,  1.3933e-01,  1.8165e-01, -3.6777e-02, -9.6349e-02,
         -9.8264e-02, -1.0557e-01,  9.9419e-02, -6.6103e-02, -1.0801e-01,
          1.6052e-01],
        [-1.0575e-01, -1.0438e-01,  5.3267e-02, -3.2368e-02,  2.4653e-01,
          3.0462e-02, -1.2927e-01,  8.7500e-02, -3.9219e-02, -5.8199e-02,
         -2.6868e-01,  2.1279e-01, -8.8135e-02, -1.1630e-01, -4.3590e-02,
         -1.8110e-01],
        [ 1.3562e-01, -1.5760e-01, -2.1720e-01,  3.4679e-02, -9.0182e-02,
          9.0207e-02,  2.5302e-01, -1.9073e-02, -1.5894e-01,  1.4619e-01,
          2.0564e-01,  7.8670e-02,  8.6835e-02, -5.4480e-02, -6.0947e-02,
          1.0506e-01],
        [ 2.6272e-02,  5.0481e-02, -2.2331e-01, -7.0533e-02, -7.6915e-02,
          4.4969e-02,  1.1008e-01, -4.9023e-02, -8.5568e-02, -5.5169e-02,
          1.5087e-01, -1.8661e-01, -2.1452e-01, -3.4539e-02, -2.6698e-02,
         -5.3644e-02],
        [ 2.0296e-01, -2.7045e-02, -1.9276e-01, -1.3749e-01, -1.7890e-01,
         -1.2019e-01, -8.5091e-02, -1.6400e-02, -2.1400e-02,  1.9768e-01,
         -1.0631e-01, -1.2354e-01,  1.0159e-01,  5.0483e-02,  1.0729e-02,
         -7.4386e-02],
        [-1.2597e-01,  1.3858e-01,  2.3987e-01,  1.3721e-01, -1.3850e-01,
          1.4992e-01, -2.0288e-01,  3.0213e-02,  3.7737e-02, -6.8067e-02,
          4.7572e-03, -9.4709e-02,  1.9243e-02,  8.2535e-02,  1.2303e-01,
         -9.1384e-02],
        [-3.8476e-02,  7.0079e-02,  2.0406e-01,  5.0532e-02,  1.1965e-01,
          1.4259e-01, -3.0104e-02, -8.8415e-02,  8.0762e-02,  3.1405e-02,
          5.3624e-02,  2.1471e-01,  1.2381e-01, -6.1754e-02,  1.3376e-01,
         -4.8361e-02],
        [-2.8110e-01, -8.5551e-02,  1.7322e-01,  2.0828e-02,  3.5258e-02,
          3.0907e-03,  2.0137e-01,  1.6369e-01, -8.1390e-02, -4.2318e-02,
          7.4755e-02,  3.1891e-02, -8.3588e-03,  7.3278e-02,  2.9591e-02,
          2.3764e-02],
        [ 7.9469e-02,  7.8215e-02, -1.7553e-01, -8.5910e-02, -2.2592e-01,
          9.6967e-02,  6.2629e-03,  8.9544e-02, -1.4993e-01,  1.4134e-01,
         -3.9456e-02, -6.3952e-03,  1.1368e-01,  1.5000e-01, -1.4868e-01,
         -1.4477e-01],
        [ 1.8801e-02, -2.3429e-01,  1.4243e-01,  4.2987e-02, -1.4520e-01,
          1.2081e-01,  7.9661e-02,  7.2450e-02,  5.2241e-02, -6.7032e-03,
         -5.7605e-02,  5.4679e-02, -1.6997e-01, -1.2616e-01,  1.1044e-01,
         -4.8218e-02]], device='cuda:0')), ('bn3.weight', tensor([1., 1., 1., 1., 1., 1., 1., 1., 1., 1., 1., 1., 1., 1., 1., 1., 1., 1.,
        1., 1., 1., 1., 1., 1., 1., 1., 1., 1., 1., 1., 1., 1.],
       device='cuda:0')), ('bn3.bias', tensor([0., 0., 0., 0., 0., 0., 0., 0., 0., 0., 0., 0., 0., 0., 0., 0., 0., 0., 0., 0., 0., 0., 0., 0.,
        0., 0., 0., 0., 0., 0., 0., 0.], device='cuda:0')), ('bn3.running_mean', tensor([0., 0., 0., 0., 0., 0., 0., 0., 0., 0., 0., 0., 0., 0., 0., 0., 0., 0., 0., 0., 0., 0., 0., 0.,
        0., 0., 0., 0., 0., 0., 0., 0.], device='cuda:0')), ('bn3.running_var', tensor([1., 1., 1., 1., 1., 1., 1., 1., 1., 1., 1., 1., 1., 1., 1., 1., 1., 1.,
        1., 1., 1., 1., 1., 1., 1., 1., 1., 1., 1., 1., 1., 1.],
       device='cuda:0')), ('bn3.num_batches_tracked', tensor(0, device='cuda:0'))])