OrderedDict([('conv1.bias', tensor([ 1.0040e-08,  2.5255e-09,  4.1116e-08, -9.5865e-09,  6.7606e-09,
         3.1794e-07, -4.0998e-08, -2.8531e-09], device='cuda:0')), ('conv1.lin.weight', tensor([[ 7.4272e-05, -1.5506e-04,  1.2404e-05, -4.3478e-05,  7.3722e-06,
         -1.9292e-04,  2.2183e-42,  5.0913e-13, -7.0794e-15,  2.4736e-19,
          7.2652e-05, -2.1503e-03, -2.1293e-03,  3.5394e-04, -1.1453e-04,
          7.2775e-02, -8.1489e-04, -7.7516e-04,  4.8273e-04,  9.2398e-05,
         -1.7229e-03,  5.8611e-04,  1.0521e-04, -8.4272e-05, -7.9303e-04,
         -3.1888e-04, -9.8396e-05,  1.2950e-03, -2.7781e-05,  1.4570e-04,
         -6.2318e-04, -9.4060e-04, -3.5530e-04,  3.1017e-04,  1.5043e-04,
         -7.5775e-05,  9.1785e-11, -7.5197e-04,  1.2973e-01,  2.0736e-01,
          4.6382e-05, -4.1232e-04,  1.2413e-03, -6.8259e-03,  4.8487e-06,
         -9.0496e-05,  8.4642e-04, -1.5137e-01,  8.5594e-04, -3.0173e-04,
          1.0356e-04, -5.6789e-14,  2.2309e-42,  8.0659e-42, -2.2141e-42,
         -3.0530e-04,  5.2237e-05,  3.8133e-05,  3.0178e-04, -2.0126e-04,
          2.5904e-05,  4.1070e-03, -2.9395e-05,  2.1475e-03, -9.8374e-04,
          2.3503e-03,  2.1474e-02, -1.4117e-04],
        [-5.7541e-05,  2.7327e-04, -2.9708e-05,  2.6329e-05, -7.3216e-07,
         -2.2646e-04,  6.6789e-24, -2.3346e-42, -2.3444e-42,  1.4199e-25,
         -1.0936e-04,  6.9946e-04,  1.2262e-03,  7.3117e-04,  2.0126e-04,
          1.5070e-01, -8.2587e-04, -2.1537e-04, -9.5156e-04,  1.8047e-03,
          3.8369e-04, -1.9683e-03, -1.1620e-04, -6.9881e-05,  6.3848e-05,
         -2.7047e-04, -5.2782e-05,  3.2297e-04,  8.3292e-05, -2.4164e-04,
         -2.8694e-05, -3.4202e-05, -1.3701e-05,  3.7795e-04,  1.6231e-04,
          1.5126e-04, -5.9990e-42,  7.5726e-04,  1.6675e-01, -6.0534e-02,
         -5.0022e-05, -1.9189e-04,  7.2634e-04,  3.3988e-03, -7.5640e-04,
          3.6041e-04,  1.8296e-03, -8.1779e-02,  1.6733e-04,  2.2339e-04,
         -1.3719e-04,  6.1111e-15, -3.5999e-14,  9.5490e-10, -4.4671e-09,
          2.7807e-04,  1.2544e-05, -6.6023e-05,  6.9811e-05,  2.4421e-04,
          1.9066e-04,  2.5556e-04,  7.5629e-04, -1.2034e-03,  2.0151e-03,
         -3.3643e-03,  5.7606e-02,  6.9796e-05],
        [ 1.2642e-04,  8.2474e-05, -1.1427e-04, -8.1130e-06, -1.7230e-05,
          2.6222e-04, -2.7325e-42,  2.8255e-12,  6.2035e-09,  8.6040e-43,
          1.6660e-05,  6.4440e-04,  1.4238e-03, -1.8098e-04, -2.2501e-04,
          4.2792e-02, -1.4529e-04,  3.7712e-04,  8.6004e-04, -3.2289e-04,
         -1.9985e-03, -7.8979e-04, -9.8843e-04, -1.5604e-04,  6.8622e-04,
         -2.3074e-04,  1.2946e-04, -7.3970e-05, -2.8780e-05, -2.3731e-05,
         -7.0328e-04, -5.9772e-04,  4.0613e-04, -2.6819e-04, -1.0544e-04,
          1.2227e-04, -3.6630e-42, -1.5543e-04,  1.8808e-01, -9.7635e-02,
          3.6443e-04,  1.8151e-04,  8.5438e-05,  2.5967e-03,  3.2058e-03,
          3.6068e-04, -3.5780e-03,  1.0442e-01,  8.4786e-04, -3.2091e-04,
         -3.1869e-06,  4.1260e-14,  2.4937e-26,  1.2430e-42, -4.1338e-43,
         -1.6046e-04, -2.5227e-04,  3.6498e-05, -6.4815e-05,  1.1757e-05,
         -4.6287e-06,  2.2780e-03,  9.8372e-05,  1.6629e-03,  3.8096e-03,
          5.3520e-03, -1.6540e-01,  6.0770e-05],
        [ 3.5016e-06, -7.9930e-05, -2.1908e-05, -4.5493e-05,  1.5549e-05,
          3.3474e-05,  3.0506e-42, -3.1852e-42, -7.1646e-09, -5.3383e-15,
         -4.3209e-05, -1.7709e-03,  3.3744e-03, -3.4726e-04,  7.1573e-05,
          1.1241e-01,  2.8174e-04,  2.2344e-04,  6.2117e-04, -4.7644e-04,
          1.7294e-03,  1.8603e-03,  1.7527e-03, -4.0571e-05, -4.1232e-04,
          2.4148e-04,  2.8917e-05, -4.1584e-04, -4.5136e-05,  3.5423e-05,
         -5.8774e-05,  1.1826e-03, -7.4221e-04,  1.5160e-04,  1.9436e-04,
         -5.0417e-06, -7.2938e-42,  5.8885e-04,  1.8852e-01,  1.7964e-01,
         -2.4117e-04, -5.6418e-04, -1.7517e-03,  5.4307e-03,  2.7561e-03,
         -3.4976e-06, -1.9862e-04,  1.0540e-01, -3.5879e-04, -8.8728e-05,
          8.3439e-05, -7.5922e-42,  1.4542e-29,  1.1575e-42,  1.5961e-42,
          9.0374e-05, -5.8662e-05,  1.4702e-04,  2.6146e-04,  1.0162e-04,
         -5.2982e-05, -7.9294e-05,  1.1171e-03, -7.1979e-04,  1.5541e-04,
          1.7640e-03, -9.8876e-02,  1.2530e-04],
        [ 1.9358e-04, -1.0017e-04,  1.2826e-05,  1.5510e-04,  1.4423e-05,
          2.6407e-04, -7.0027e-11, -6.2583e-12,  3.5103e-23,  1.1694e-41,
          3.1072e-05, -1.7604e-03, -4.7935e-03, -2.4281e-04,  1.3417e-05,
         -3.3152e-02, -8.9415e-04, -5.0762e-04, -1.6452e-03,  5.4471e-05,
          1.6124e-03,  3.9087e-04,  1.7959e-04, -1.6243e-04,  1.7209e-04,
         -1.5454e-04, -8.7408e-05,  2.4543e-05, -5.9323e-05,  2.7064e-05,
          4.2244e-04,  2.8708e-03,  1.0294e-03,  1.9517e-04, -2.2993e-04,
         -6.9576e-04,  1.0588e-10,  5.1989e-04, -4.8271e-02,  1.2615e-01,
         -8.8889e-04, -6.8544e-04, -1.7499e-03, -1.6058e-03,  4.3579e-03,
         -4.8508e-05, -2.2260e-03,  3.9647e-03,  1.2267e-04, -5.0487e-04,
          9.1673e-05,  1.3775e-42, -4.7326e-19,  3.9753e-20, -9.9856e-21,
         -2.0216e-04, -1.5514e-04,  6.5602e-05, -2.3965e-04, -2.4496e-04,
          6.0099e-05, -1.1085e-03,  1.2045e-03,  3.7217e-03,  1.0701e-03,
         -1.4218e-03, -5.7308e-03, -1.5826e-04],
        [ 2.1396e-04, -2.7893e-04, -3.2735e-05, -5.6239e-05,  1.3231e-05,
          2.6040e-04, -5.2535e-42,  1.1441e-07,  2.9876e-42, -5.1053e-16,
         -2.7188e-08,  2.2059e-03,  2.7209e-03,  6.7699e-04,  3.8483e-04,
         -1.3700e-01,  2.2389e-04,  1.0520e-03, -7.1874e-04, -3.0666e-03,
         -8.1142e-04, -1.6562e-03,  8.1344e-04, -7.9529e-05, -1.7030e-04,
         -2.2283e-04, -3.1365e-05, -2.7701e-04, -1.4395e-04,  2.3970e-05,
          9.3779e-05,  8.2187e-04,  8.2080e-04,  6.1116e-04, -1.8861e-04,
         -2.7905e-04, -2.6345e-27,  1.8772e-04, -1.0234e-01, -8.9532e-02,
          2.1556e-04, -1.7654e-03,  1.4062e-03, -9.9141e-04,  5.5912e-04,
          2.8157e-04,  7.1043e-04,  9.2161e-02, -1.0927e-04, -1.2607e-04,
          6.5213e-05, -6.9487e-09, -3.4290e-42,  1.0248e-19,  1.7187e-18,
          2.5373e-04,  4.0342e-04, -1.6995e-05,  2.3708e-04,  2.9504e-04,
          3.5648e-05,  1.0597e-03, -2.9586e-03, -1.9382e-03, -1.3402e-03,
         -3.2974e-03, -1.1480e-01,  2.2223e-04],
        [ 1.4419e-04,  6.0148e-05,  2.7245e-05, -6.6996e-05, -1.0361e-05,
         -2.9867e-04, -5.8018e-13,  1.1252e-42,  2.3985e-14,  4.2643e-21,
         -1.7925e-04,  3.2932e-04,  1.6268e-03,  1.1878e-04,  9.1198e-05,
         -3.0428e-02,  1.4364e-03,  1.4319e-03,  4.9147e-04,  1.7661e-03,
          5.3775e-05, -5.1211e-04,  4.2940e-04, -4.5427e-05,  8.0055e-04,
         -5.2290e-06, -1.4205e-05, -4.4572e-04,  7.0089e-06, -2.5972e-04,
          4.1199e-04, -1.9037e-04, -1.1573e-04,  5.8815e-04, -1.1611e-04,
         -1.2940e-04,  9.7292e-42, -3.7073e-04, -1.5131e-01,  2.1881e-02,
          3.8059e-04,  5.6874e-04, -2.4308e-04, -4.5824e-04, -2.9530e-04,
         -1.7018e-06,  1.0457e-03,  3.4118e-02,  5.5548e-04, -5.0903e-06,
         -5.6446e-05,  2.9427e-43,  4.9123e-13, -1.2168e-15,  9.7867e-42,
         -4.0495e-04,  2.7631e-04, -6.8542e-05,  1.6056e-04,  1.0689e-04,
          1.0112e-04,  1.0045e-03, -2.5166e-03,  2.1783e-03, -4.8999e-04,
          3.0288e-03,  6.5968e-02,  9.8597e-05],
        [ 8.5842e-05, -2.0220e-04, -6.5975e-05,  6.0834e-06, -7.0206e-06,
          1.4598e-04, -9.9576e-42,  6.8882e-17, -1.5819e-09, -1.4337e-14,
          2.4007e-04, -1.0060e-03,  1.0485e-03,  1.6455e-06, -4.5358e-04,
         -6.8112e-03,  2.4855e-04, -3.3723e-04, -2.0829e-03, -1.4789e-03,
         -3.6167e-04,  2.2778e-03, -7.5264e-04, -6.2416e-05,  5.7304e-04,
          2.9375e-04,  3.2718e-05, -3.5110e-04, -9.7670e-05,  2.2661e-05,
         -5.3708e-04, -5.9988e-04,  4.2633e-04, -6.3272e-05,  8.9896e-05,
         -2.9443e-04,  4.5220e-42,  8.0780e-05,  7.9683e-02,  1.9671e-02,
          9.4021e-07, -7.8171e-05, -4.3722e-06, -3.8431e-03, -1.1611e-03,
         -9.3426e-05, -4.4484e-04, -1.3180e-01, -2.5216e-04, -4.5904e-04,
          3.2366e-04,  1.4257e-07, -7.2966e-42,  1.6241e-42,  1.9114e-42,
         -4.3150e-05, -3.0117e-05,  1.9865e-04,  9.7550e-05, -2.4248e-04,
         -6.1359e-05, -1.5153e-03, -8.5911e-05, -1.5712e-03, -2.0138e-03,
         -1.6224e-04,  5.2298e-02,  4.6300e-07]], device='cuda:0')), ('conv1.aggr.t', tensor([1.], device='cuda:0')), ('bn1.weight', tensor([0.7316, 0.7448, 0.6720, 0.6706, 0.6205, 0.6808, 0.8038, 0.7580],
       device='cuda:0')), ('bn1.bias', tensor([-0.0587,  0.0537,  0.1732,  0.0782,  0.0304,  0.1503,  0.0173,  0.0331],
       device='cuda:0')), ('bn1.running_mean', tensor([  740.2524,   792.8464,  -761.7957,   372.9063,    50.6128, -1320.1835,
          197.9993,   378.7282], device='cuda:0')), ('bn1.running_var', tensor([1556036.1250, 2202115.5000, 9356077.0000, 4584070.0000,  328485.6562,
        5002587.5000, 1837640.6250, 1140227.0000], device='cuda:0')), ('bn1.num_batches_tracked', tensor(47024, device='cuda:0')), ('conv2.bias', tensor([ 2.4452e-06,  6.1565e-06, -8.7835e-07, -6.3949e-07, -2.1661e-06,
         4.8628e-06, -9.4194e-08,  1.3454e-06,  8.3720e-07,  6.6217e-06,
         3.7402e-06, -2.2379e-06, -4.5997e-06, -1.1189e-07, -2.8287e-07,
         3.1952e-06], device='cuda:0')), ('conv2.lin.weight', tensor([[-0.3022, -0.0785,  0.1574,  0.0888,  0.2579, -0.1046,  0.3710,  0.1168],
        [ 0.1480,  0.2084,  0.3391, -0.1792,  0.1624, -0.0306, -0.1139,  0.2016],
        [ 0.0228,  0.0039, -0.0872,  0.2120, -0.1195, -0.0360, -0.0631, -0.1459],
        [ 0.0035,  0.0781, -0.1136,  0.0869,  0.2012, -0.0059,  0.0847,  0.1074],
        [ 0.0594,  0.1461,  0.0804, -0.0767,  0.0534, -0.1268,  0.2005,  0.0013],
        [-0.2005,  0.2297, -0.1370,  0.1228,  0.0357,  0.3502,  0.2598,  0.0274],
        [-0.2753,  0.2490,  0.1867,  0.2818, -0.0967, -0.0679, -0.1166, -0.2617],
        [-0.1720, -0.1877, -0.0920,  0.1976, -0.0437, -0.0587, -0.1313,  0.0962],
        [-0.0909, -0.0491, -0.0516,  0.2465, -0.1275,  0.0972, -0.1829,  0.1218],
        [ 0.0262,  0.2452, -0.0109, -0.0539,  0.1022, -0.0113, -0.0467, -0.0087],
        [-0.0868, -0.2087, -0.0476, -0.1698,  0.0703, -0.0289, -0.1598, -0.0944],
        [ 0.0652,  0.0776, -0.0754, -0.0516,  0.0813, -0.2175,  0.1230,  0.0802],
        [-0.2628,  0.0344, -0.1893, -0.2331,  0.2560, -0.2322, -0.0294,  0.2796],
        [ 0.1116,  0.1831, -0.0065,  0.0044,  0.2814,  0.0391, -0.0190,  0.0448],
        [ 0.0132, -0.1487, -0.0008, -0.0081,  0.1706, -0.0037, -0.2184, -0.1472],
        [-0.0690, -0.1327,  0.2081,  0.1522,  0.0692,  0.0415, -0.1934,  0.0394]],
       device='cuda:0')), ('conv2.aggr.t', tensor([1.], device='cuda:0')), ('bn2.weight', tensor([0.6973, 0.6663, 0.5474, 0.6544, 0.7424, 0.6398, 0.6755, 0.5819, 0.5633,
        0.5650, 0.5915, 0.6969, 0.6681, 0.6637, 0.4602, 0.6194],
       device='cuda:0')), ('bn2.bias', tensor([ 0.1693,  0.3239,  0.0868,  0.6398, -0.4500, -0.2739,  0.2099, -0.3212,
         0.0348, -0.1593, -0.0398, -0.2607, -0.0073, -0.4310,  0.2080, -0.5160],
       device='cuda:0')), ('bn2.running_mean', tensor([ 1.1219e-01,  2.1344e-01, -5.5950e-02,  9.7476e-02,  8.5241e-02,
         1.9286e-01,  2.2263e-03, -1.1402e-01,  9.7621e-05,  6.8257e-02,
        -2.0077e-01,  8.9956e-04, -1.3117e-01,  1.6016e-01, -1.0014e-01,
         3.9494e-02], device='cuda:0')), ('bn2.running_var', tensor([0.0715, 0.0541, 0.0172, 0.0295, 0.0397, 0.0665, 0.0714, 0.0281, 0.0242,
        0.0189, 0.0583, 0.0376, 0.0614, 0.0381, 0.0693, 0.0447],
       device='cuda:0')), ('bn2.num_batches_tracked', tensor(47024, device='cuda:0')), ('conv3.bias', tensor([-1.4648e-06, -9.8788e-08,  4.3917e-07,  6.2705e-08, -2.3652e-06,
        -5.4717e-07, -1.6515e-06, -1.3246e-06,  3.9335e-06, -1.2431e-06,
         1.5886e-06,  7.6289e-07, -1.4030e-06,  6.3853e-07,  1.2975e-06,
        -2.8785e-06,  4.4551e-06,  7.9351e-07, -1.8882e-07, -1.5208e-06,
         3.4007e-07, -1.6055e-06,  1.1897e-06, -1.6537e-06,  1.3502e-06,
         1.5884e-06,  2.5158e-06,  1.6252e-06, -2.0638e-07, -1.1421e-06,
        -2.0581e-06,  1.1182e-07], device='cuda:0')), ('conv3.lin.weight', tensor([[ 0.0990,  0.1575, -0.0946,  0.1202, -0.1560,  0.1006, -0.0149, -0.0773,
          0.0224, -0.0665, -0.0254, -0.1885,  0.0373, -0.0606,  0.0273, -0.0364],
        [ 0.0125, -0.0491,  0.1077,  0.0989,  0.0106,  0.0778,  0.0182, -0.0174,
          0.0365,  0.0557, -0.1089,  0.0053, -0.0969,  0.0012,  0.0046,  0.0158],
        [-0.0947, -0.1696,  0.1119,  0.1230, -0.0059, -0.1244,  0.1152,  0.0132,
          0.0095,  0.0580, -0.0634,  0.0747,  0.1609, -0.0045,  0.0877, -0.1575],
        [ 0.1163, -0.1212, -0.1312, -0.0928, -0.0123, -0.0838,  0.1464,  0.0631,
         -0.1142,  0.2204,  0.1408, -0.0350,  0.0812,  0.1004, -0.1721,  0.1327],
        [-0.0868,  0.0913, -0.0931,  0.2081, -0.1409,  0.0373, -0.0669, -0.1576,
          0.0571, -0.0932, -0.1521, -0.1657, -0.0787, -0.1004,  0.0711, -0.1263],
        [ 0.1928, -0.1753,  0.1110,  0.1537,  0.0948, -0.1115,  0.0056, -0.0522,
         -0.0358,  0.1823, -0.0420, -0.1349, -0.0644, -0.0508,  0.1402,  0.0540],
        [ 0.1179, -0.0094, -0.0430, -0.1461,  0.1522, -0.1501, -0.0209, -0.1309,
          0.1875, -0.0636,  0.0596,  0.1560, -0.1225,  0.1744,  0.0721,  0.0731],
        [ 0.0144, -0.0307, -0.0506,  0.1221, -0.1968, -0.1668,  0.0807, -0.2167,
          0.0414, -0.0833, -0.0890, -0.0449,  0.0586, -0.1385,  0.1263, -0.2060],
        [-0.1297,  0.0451, -0.1212, -0.1214, -0.1161,  0.1197, -0.0430, -0.0410,
         -0.0576,  0.0988,  0.0520,  0.0462,  0.1170,  0.0466,  0.0544,  0.0284],
        [ 0.1202,  0.1952,  0.1118,  0.1794, -0.1958, -0.2014,  0.0012, -0.0071,
         -0.0092,  0.0453, -0.0364,  0.0604, -0.0776, -0.1791,  0.0373, -0.1160],
        [-0.0878, -0.0530,  0.0289,  0.0626,  0.1158, -0.1007,  0.0940, -0.1379,
         -0.1175, -0.1034,  0.1300,  0.1496,  0.0370, -0.1221,  0.1406, -0.0353],
        [ 0.1383, -0.0916, -0.0650, -0.0491,  0.0077, -0.1655, -0.0004,  0.0631,
         -0.1424,  0.0970, -0.0099,  0.0741, -0.0786, -0.0527, -0.1305, -0.0446],
        [ 0.1367,  0.1320,  0.0069, -0.0003, -0.0103, -0.0694,  0.0860, -0.1219,
         -0.0410,  0.0239,  0.0493, -0.1063, -0.1225, -0.1590, -0.0438, -0.0729],
        [ 0.0913, -0.0640, -0.0325, -0.2030,  0.1968,  0.0602, -0.0818, -0.0490,
          0.0927, -0.0788,  0.0095,  0.0171, -0.0969,  0.0536, -0.1285,  0.2082],
        [ 0.0069, -0.0136,  0.0082, -0.1793,  0.2067,  0.0665, -0.1595,  0.1147,
         -0.0852, -0.0805,  0.0215, -0.0075,  0.0553,  0.0922, -0.0423,  0.1867],
        [-0.0229,  0.0628, -0.1045, -0.1482,  0.1026,  0.0651, -0.1140,  0.0042,
         -0.1418,  0.0838,  0.0334, -0.0602, -0.0609,  0.0600,  0.0714,  0.2224],
        [-0.0557,  0.0907, -0.1130, -0.1295,  0.1521, -0.1651,  0.0622,  0.1880,
          0.0525, -0.0004,  0.0143,  0.1457, -0.1427, -0.0449, -0.1040, -0.0894],
        [ 0.1234,  0.1960, -0.0215,  0.2289, -0.2343, -0.1887,  0.1634,  0.0014,
         -0.0205, -0.0770,  0.0682, -0.0786,  0.0572, -0.0621, -0.1172, -0.2061],
        [-0.0279,  0.0833, -0.1256,  0.1479, -0.0649,  0.0622,  0.1361, -0.1574,
         -0.0951,  0.0986,  0.0933, -0.1129, -0.0840, -0.1763,  0.0444, -0.0438],
        [ 0.1111, -0.0814, -0.0106, -0.0682,  0.0435, -0.1563,  0.1410,  0.0926,
          0.0020,  0.0778, -0.1000,  0.1469,  0.1413, -0.1213,  0.0094,  0.0330],
        [-0.1059, -0.1987, -0.0297, -0.2085,  0.0797,  0.0620, -0.0722,  0.1770,
          0.1038,  0.1087, -0.0234,  0.1285, -0.0214,  0.1640, -0.1583,  0.1107],
        [ 0.1278,  0.2425,  0.0532,  0.1650,  0.0186, -0.1483,  0.1385, -0.0538,
          0.1082, -0.0673,  0.1621, -0.1585,  0.1175, -0.1184, -0.0870, -0.1935],
        [ 0.1532,  0.1040, -0.0686, -0.1860,  0.0660, -0.0942,  0.1469,  0.1058,
         -0.1299,  0.0545,  0.2191,  0.0714, -0.1327,  0.1344,  0.0656, -0.0920],
        [-0.1536, -0.1387, -0.0192, -0.2165,  0.1806, -0.0389, -0.0652,  0.0255,
          0.0324,  0.1059,  0.1092,  0.0617,  0.1043,  0.0623, -0.1008,  0.1199],
        [-0.0297, -0.0723, -0.0396,  0.0260, -0.0947,  0.2019,  0.0135, -0.0954,
         -0.1101,  0.0781,  0.1380, -0.0579, -0.0674,  0.1509,  0.0180,  0.0254],
        [-0.0286, -0.0607,  0.0787,  0.1078,  0.0634,  0.0034, -0.1100, -0.0392,
          0.0253,  0.0493,  0.0918,  0.0210,  0.0426, -0.0575,  0.0830, -0.1307],
        [-0.1397,  0.1058,  0.1047,  0.0939,  0.1361, -0.1464, -0.0498, -0.0073,
          0.0244, -0.0668, -0.0238, -0.0589,  0.0436, -0.0276,  0.0898, -0.1652],
        [-0.0889,  0.0144, -0.0109, -0.1481,  0.1155,  0.0413, -0.0149,  0.0130,
         -0.0208,  0.1284, -0.0008, -0.0348,  0.1064, -0.0101, -0.1085,  0.0249],
        [-0.1118,  0.0217,  0.0437,  0.0666, -0.1021,  0.1050,  0.0442,  0.1881,
         -0.1098, -0.0549, -0.0843,  0.0342,  0.1153,  0.1361,  0.0967,  0.0981],
        [ 0.0804, -0.1565,  0.0220,  0.1001, -0.0145, -0.1083, -0.1344, -0.0370,
          0.0689, -0.0082,  0.0977, -0.0068, -0.1009, -0.0161, -0.0455, -0.1260],
        [-0.1576, -0.1510,  0.0119, -0.0772, -0.1544,  0.1328,  0.0144, -0.0710,
         -0.0414,  0.0984, -0.0400,  0.0927,  0.0439, -0.0389,  0.0275,  0.0082],
        [ 0.0240, -0.0835,  0.0307, -0.1199, -0.0242,  0.0355,  0.1257,  0.1013,
         -0.0262,  0.0274, -0.1422,  0.1122,  0.0616,  0.1654, -0.0494, -0.0177]],
       device='cuda:0')), ('bn3.weight', tensor([1., 1., 1., 1., 1., 1., 1., 1., 1., 1., 1., 1., 1., 1., 1., 1., 1., 1.,
        1., 1., 1., 1., 1., 1., 1., 1., 1., 1., 1., 1., 1., 1.],
       device='cuda:0')), ('bn3.bias', tensor([0., 0., 0., 0., 0., 0., 0., 0., 0., 0., 0., 0., 0., 0., 0., 0., 0., 0., 0., 0., 0., 0., 0., 0.,
        0., 0., 0., 0., 0., 0., 0., 0.], device='cuda:0')), ('bn3.running_mean', tensor([0., 0., 0., 0., 0., 0., 0., 0., 0., 0., 0., 0., 0., 0., 0., 0., 0., 0., 0., 0., 0., 0., 0., 0.,
        0., 0., 0., 0., 0., 0., 0., 0.], device='cuda:0')), ('bn3.running_var', tensor([1., 1., 1., 1., 1., 1., 1., 1., 1., 1., 1., 1., 1., 1., 1., 1., 1., 1.,
        1., 1., 1., 1., 1., 1., 1., 1., 1., 1., 1., 1., 1., 1.],
       device='cuda:0')), ('bn3.num_batches_tracked', tensor(0, device='cuda:0'))])