OrderedDict([('conv1.bias', tensor([ 4.0855e-10, -9.0726e-08, -9.9411e-08,  2.3365e-06, -4.6558e-08,
         3.5772e-07, -9.5928e-08, -6.7749e-06], device='cuda:0')), ('conv1.lin.weight', tensor([[-3.8300e-06, -7.9389e-05,  8.0337e-05, -3.4313e-05, -1.7333e-05,
         -1.4650e-03,  3.7737e-42,  1.6439e-21,  3.6325e-18,  8.1685e-15,
          1.2111e-04,  1.0363e-03,  2.0744e-03,  2.5956e-03,  2.0613e-03,
         -2.0387e-01, -4.1628e-03, -3.4848e-03, -3.2806e-03,  2.5184e-03,
         -1.5421e-03,  3.7812e-03, -3.2042e-03, -9.3456e-05, -2.8699e-03,
          1.1674e-03,  4.2699e-04,  1.2561e-03, -4.5802e-06, -2.0131e-04,
          3.3068e-05, -3.1568e-03, -1.3182e-05,  2.5641e-03, -1.4441e-03,
         -3.6669e-04,  1.4938e-42,  2.1087e-03, -1.4125e-01, -1.4240e-01,
         -5.1525e-04, -2.2557e-03, -2.1481e-03,  5.2291e-02,  5.0420e-03,
         -2.4813e-04, -1.1669e-03, -4.7832e-03, -2.9195e-03, -2.0147e-03,
          4.5714e-04, -1.3753e-10, -2.3360e-10, -6.0298e-42,  2.2999e-06,
          6.2210e-04,  2.0913e-04, -1.5804e-04, -1.1961e-03, -2.7300e-04,
         -3.6852e-04, -1.0831e-03,  3.7181e-03,  2.8201e-03, -3.5304e-03,
          2.5933e-02, -8.8532e-02, -3.3877e-04],
        [ 3.5669e-05, -5.2998e-04, -2.3163e-04,  9.2403e-05, -1.1780e-04,
         -9.1987e-05,  3.2709e-16,  4.0879e-18, -9.5415e-07,  7.4538e-17,
         -1.0611e-03, -1.1835e-04, -1.9266e-03, -2.6624e-05, -1.9290e-03,
         -5.4235e-02,  1.7436e-03, -1.4489e-04, -1.2039e-03,  1.0907e-03,
         -4.3414e-05,  2.8400e-05, -6.0270e-04, -6.8230e-05, -1.2912e-03,
          8.0612e-04, -5.5589e-05,  5.7472e-04,  4.8141e-05,  9.8508e-04,
          4.2665e-04, -2.8297e-03,  6.4739e-05,  8.6178e-04, -1.0325e-03,
          1.4425e-03, -1.4293e-43,  1.4361e-04,  2.1043e-01, -9.5792e-02,
          2.0224e-04, -1.1897e-04,  1.0683e-03,  3.8304e-03, -1.0744e-02,
          4.6031e-04, -1.4702e-03,  1.8266e-01, -1.0658e-03, -8.9155e-05,
         -3.0014e-04, -1.0056e-21,  9.6020e-13,  2.8467e-08,  1.4702e-41,
         -1.3608e-03, -6.9219e-04,  4.0976e-04,  9.2635e-04,  7.0005e-05,
          3.9064e-04, -3.1413e-04, -2.4222e-03,  6.2513e-04, -4.2186e-03,
         -1.0115e-02, -1.3262e-02, -1.2699e-03],
        [ 4.2252e-04,  1.0047e-04, -3.2694e-04,  3.2183e-04, -1.4954e-04,
          2.4259e-04,  8.7861e-43,  5.7677e-42,  4.4267e-42,  2.2197e-42,
          7.0987e-04,  7.1223e-04, -4.4557e-02, -3.2305e-04, -5.5309e-04,
         -3.8501e-02,  2.5036e-04,  2.4917e-03, -6.4741e-04, -2.9437e-04,
          1.5422e-03,  4.3626e-03,  3.0802e-04,  6.6845e-04, -1.3331e-04,
         -5.3597e-04, -6.8099e-04, -1.3558e-03, -8.4601e-05, -5.4556e-04,
         -6.5524e-04,  2.2941e-03,  1.4568e-03, -5.1450e-04,  1.1540e-03,
          3.2741e-05,  1.3520e-41, -5.1968e-04, -3.6332e-02, -3.5196e-02,
         -7.9699e-04,  1.4813e-03, -1.9787e-03,  4.8178e-02,  5.5966e-03,
         -8.8355e-04, -4.4105e-03, -5.1557e-02, -2.2431e-04, -3.8926e-04,
         -8.5887e-05, -1.3399e-07,  2.6428e-42,  2.8635e-06,  7.6819e-15,
          6.1216e-04,  1.2622e-04,  6.4099e-04,  9.4133e-04, -7.1794e-04,
         -7.7705e-04,  6.6796e-03,  4.3473e-03,  4.7619e-03,  6.6748e-02,
          5.0555e-02, -6.6756e-03,  8.0476e-04],
        [-3.2972e-04,  7.3368e-05, -8.5257e-06, -4.3228e-05,  1.1388e-05,
         -4.2779e-05, -8.7903e-42,  1.0002e-41,  1.3629e-12,  7.5966e-17,
         -3.2208e-04, -9.6078e-04, -7.6156e-03, -5.8062e-04, -5.5765e-05,
          1.1888e-01, -2.9070e-04,  2.1616e-04, -1.1950e-03, -1.3061e-03,
         -1.6307e-03,  1.7771e-04,  1.5408e-03,  8.9653e-05,  4.4922e-05,
          8.5849e-04,  3.2793e-04, -1.0884e-03, -1.5112e-05, -5.6038e-04,
         -1.1852e-03, -1.0796e-03, -8.6186e-05,  1.2527e-04,  3.1568e-04,
         -1.8939e-05,  2.8979e-42,  7.5366e-04, -3.8150e-02,  1.9615e-01,
         -1.8038e-03, -5.7590e-04, -2.1236e-04, -1.1033e-02,  2.0816e-01,
         -4.2116e-04,  2.2938e-03,  5.0482e-02,  3.4289e-05,  1.1726e-04,
          1.2298e-03,  4.1805e-25, -2.8834e-17,  1.4013e-42, -2.9862e-11,
         -7.5086e-04,  1.0973e-04, -1.4683e-04,  2.1191e-05, -9.3804e-05,
         -5.7538e-04,  2.5583e-04,  1.6750e-02, -3.6789e-03,  6.0471e-02,
          1.5951e-01, -5.2187e-03, -2.4711e-04],
        [-6.6996e-05, -2.8294e-04, -9.8327e-05, -7.1743e-05,  1.1727e-06,
          2.6709e-04,  4.1340e-17, -2.7611e-11,  1.4158e-31,  3.9877e-12,
          2.9621e-04, -3.0933e-04,  3.6042e-03, -5.5208e-04, -6.1397e-04,
         -9.2397e-02, -1.3110e-03,  6.5338e-04, -9.3802e-04, -9.8039e-04,
         -5.5158e-04,  1.4217e-03,  4.6579e-05,  6.5467e-05,  5.9786e-04,
         -4.8643e-05, -8.9528e-05,  1.0193e-03,  5.4889e-05,  4.1519e-04,
          6.8388e-05, -6.4702e-04,  4.7595e-04, -6.8258e-04, -1.2932e-04,
         -3.7528e-04,  2.9457e-08, -2.3592e-04,  1.2167e-01, -1.5428e-01,
          1.0599e-04,  5.8973e-04, -3.7300e-05,  8.4556e-02,  1.1774e-01,
          6.7161e-06,  2.0864e-03, -1.4087e-01, -5.2751e-04,  1.9328e-04,
          5.2463e-04,  2.3766e-42, -1.1829e-34,  1.2345e-42, -7.1031e-15,
          1.2196e-05,  4.8657e-04,  1.6255e-04,  4.7150e-05,  2.3298e-04,
          4.1405e-04,  2.7001e-03,  9.4782e-05,  2.0022e-03,  3.9598e-03,
          1.3918e-01,  3.1484e-02,  4.4007e-04],
        [-5.0475e-04,  3.0019e-04,  7.8609e-05,  1.4208e-04, -1.7460e-05,
         -2.6803e-04, -3.7457e-42, -5.3557e-07, -6.4062e-15, -3.4442e-06,
         -9.5488e-04, -1.8453e-05,  3.3312e-03, -5.5329e-04, -1.2834e-04,
          1.3154e-01, -5.9155e-04,  1.5050e-03,  2.8865e-03,  2.6213e-04,
         -3.8714e-03,  1.5189e-03, -9.5123e-04, -1.0234e-05,  5.2079e-04,
         -3.5881e-04, -4.1587e-04,  1.1990e-03, -1.5314e-06, -3.1001e-04,
         -1.6085e-03,  2.3417e-03, -6.4794e-04, -2.2674e-05,  1.3982e-03,
          5.6702e-04, -1.4652e-12,  6.4073e-04,  1.2275e-01,  2.0179e-01,
         -7.6703e-04, -1.0816e-03, -2.2751e-05, -3.6732e-02,  1.3036e-02,
          4.4864e-04, -2.0287e-03,  1.7302e-01,  9.5342e-04,  2.2162e-05,
          2.2531e-03, -1.6070e-06, -1.0043e-35,  2.2841e-43,  3.6644e-42,
          4.1839e-04, -3.8388e-04, -2.9681e-04,  4.3856e-04, -6.7342e-04,
          5.1786e-05,  1.0057e-03,  4.1971e-03,  6.5641e-03,  6.4979e-03,
          4.7728e-03, -2.6212e-02,  5.5102e-05],
        [ 4.6873e-04, -1.6129e-03,  1.4349e-04,  1.9691e-04,  1.5316e-05,
          9.1068e-05,  5.9844e-07, -8.5984e-42,  5.1680e-42, -9.5911e-08,
         -8.1684e-04,  3.0322e-03,  1.1469e-03, -3.4856e-04, -1.9582e-03,
         -6.2564e-02, -1.4371e-03,  8.8345e-04, -1.7331e-03, -1.3789e-03,
          1.1682e-03, -1.0039e-03, -1.3932e-03,  3.3294e-04, -6.3892e-04,
         -1.3067e-04, -3.2021e-04, -1.2201e-03,  2.7721e-05,  5.6999e-04,
          1.6635e-03,  3.3434e-04, -1.1421e-03,  7.4798e-04, -4.7465e-04,
          6.1757e-04,  2.4453e-42, -5.2820e-05, -1.6662e-01, -2.3499e-02,
          5.1728e-04,  5.0361e-04,  2.8694e-04,  8.9158e-02, -2.4047e-01,
         -1.4326e-04,  5.5350e-03, -6.9421e-02, -5.5372e-04,  1.5927e-04,
          3.5497e-04, -4.2723e-13,  2.7227e-42, -2.6404e-18,  8.2021e-15,
          2.9885e-04, -7.1017e-04, -4.9435e-04,  3.1199e-04, -1.0062e-03,
          1.0268e-03, -3.6901e-03, -1.9406e-02, -1.5448e-02,  1.3545e-02,
          1.2145e-01, -1.5235e-02, -4.7374e-04],
        [-1.4711e-04, -8.2848e-05, -1.0144e-04, -5.5642e-05,  2.0362e-06,
          1.5067e-04,  4.6292e-11,  3.6546e-42,  9.2906e-43,  6.3626e-11,
         -5.8608e-04, -4.6901e-03,  1.3429e-02, -7.0150e-04, -1.4806e-03,
         -1.6070e-01, -7.0457e-04, -3.7950e-03,  3.2982e-03, -9.5101e-04,
          1.8427e-03, -2.3468e-02, -3.9730e-03,  4.1282e-05,  5.2809e-05,
          1.9215e-04,  6.1084e-05, -9.4306e-04, -1.8257e-04, -4.0157e-04,
          6.4063e-04, -4.0154e-03,  2.7501e-04, -1.2013e-04, -4.3927e-04,
         -2.5436e-04, -3.4948e-42, -5.4177e-04, -6.5137e-02, -1.5439e-01,
          8.6432e-04, -1.0346e-03,  1.4725e-03,  1.0961e-01,  1.0734e-01,
          5.8757e-04,  5.4828e-03,  1.6508e-02,  2.7545e-04, -3.0042e-04,
          8.1692e-04, -4.3959e-13, -4.3689e-09, -9.0944e-43,  1.6760e-42,
         -4.6832e-04, -5.4680e-04, -1.0014e-04, -5.4361e-04,  6.0549e-05,
          1.7917e-04,  1.6051e-03, -4.2263e-02, -5.7173e-02, -1.2017e-01,
          9.5956e-02, -6.1097e-02, -5.2188e-05]], device='cuda:0')), ('conv1.aggr.t', tensor([1.], device='cuda:0')), ('bn1.weight', tensor([0.7711, 0.7152, 0.7071, 0.9396, 0.7834, 0.9967, 0.8133, 0.8136],
       device='cuda:0')), ('bn1.bias', tensor([0.0984, 0.0431, 0.1363, 0.1118, 0.0293, 0.0877, 0.0960, 0.0921],
       device='cuda:0')), ('bn1.running_mean', tensor([-1408.9720,   247.0791,  -271.6599,   648.4874,   -94.0090,   847.0507,
         -664.9895,  -974.6052], device='cuda:0')), ('bn1.running_var', tensor([4935352.5000, 1617514.5000,  159284.0156, 1225445.6250, 1604483.3750,
        2216416.0000,  845390.5625, 2686957.0000], device='cuda:0')), ('bn1.num_batches_tracked', tensor(47024, device='cuda:0')), ('conv2.bias', tensor([ 4.0507e-06,  2.9847e-06,  2.8447e-06, -1.2755e-06, -1.1275e-06,
        -2.4690e-06, -6.5457e-07,  1.8683e-06,  1.4234e-06, -9.5862e-06,
         7.6345e-06, -1.6185e-06,  2.1561e-06,  9.4858e-06, -1.2623e-05,
        -7.9794e-06], device='cuda:0')), ('conv2.lin.weight', tensor([[-0.0293,  0.2126,  0.3194,  0.2226, -0.4266, -0.2480,  0.3115, -0.1770],
        [ 0.0538,  0.3158,  0.1571, -0.3231,  0.0040,  0.2893,  0.1119, -0.3283],
        [-0.2034, -0.2623,  0.2993,  0.5113,  0.2356, -0.2944, -0.1206,  0.2145],
        [-0.0580,  0.1468,  0.0734,  0.4215, -0.1881, -0.3571,  0.3261,  0.2155],
        [-0.2696, -0.1721,  0.1157,  0.2640, -0.1201,  0.3337,  0.2014, -0.2760],
        [ 0.0902,  0.0280,  0.1291, -0.0338, -0.2387,  0.2644, -0.1366, -0.3134],
        [ 0.3288,  0.0063, -0.1311,  0.1047, -0.2277,  0.1829,  0.0896, -0.1933],
        [ 0.0939,  0.1201, -0.0692,  0.1540, -0.3401,  0.3443, -0.1588, -0.1221],
        [-0.0640,  0.0752, -0.0377,  0.0429,  0.0014,  0.1784, -0.2217, -0.2757],
        [ 0.2002, -0.2242,  0.3451,  0.1269, -0.0571,  0.2871,  0.0144, -0.2515],
        [-0.1889,  0.0476,  0.0105, -0.2589,  0.0163,  0.1794, -0.1419, -0.1093],
        [ 0.0351,  0.0570,  0.0222, -0.4290,  0.1640,  0.0536, -0.2734,  0.2004],
        [ 0.0193,  0.2843,  0.1575, -0.2831, -0.1318,  0.2520, -0.0230, -0.1400],
        [ 0.0667,  0.1286,  0.1916,  0.1711, -0.1249,  0.2306,  0.2932, -0.1761],
        [ 0.1128,  0.3399, -0.2149,  0.0881,  0.0058, -0.4380, -0.3218,  0.1335],
        [-0.0878, -0.0401,  0.1313, -0.2107, -0.0145, -0.2970,  0.2934, -0.2613]],
       device='cuda:0')), ('conv2.aggr.t', tensor([1.], device='cuda:0')), ('bn2.weight', tensor([0.7538, 0.7435, 0.7489, 0.7297, 0.7606, 0.7190, 0.7529, 0.7107, 0.7246,
        0.7945, 0.7564, 0.7383, 0.7100, 0.7306, 0.7413, 0.7827],
       device='cuda:0')), ('bn2.bias', tensor([-0.2450, -0.0493, -0.5573,  0.5680, -0.1778,  0.3566, -0.2556, -0.3651,
        -0.0776,  0.2982,  0.3797, -0.2239, -0.4003,  0.0941,  0.1512, -0.1469],
       device='cuda:0')), ('bn2.running_mean', tensor([ 0.0762,  0.0699,  0.1379,  0.1948,  0.0944, -0.0377,  0.0847,  0.0532,
        -0.0932,  0.1963, -0.1518, -0.0959,  0.0341,  0.2853, -0.1609, -0.1829],
       device='cuda:0')), ('bn2.running_var', tensor([0.1437, 0.1624, 0.2510, 0.1820, 0.2567, 0.0962, 0.0860, 0.2484, 0.0927,
        0.1232, 0.0660, 0.1756, 0.1216, 0.1152, 0.1581, 0.1906],
       device='cuda:0')), ('bn2.num_batches_tracked', tensor(47024, device='cuda:0')), ('conv3.bias', tensor([ 1.7336e-06, -1.5260e-06, -1.7171e-06, -2.1112e-06, -2.2063e-06,
        -2.6088e-07, -8.7170e-07, -5.7131e-08,  1.8368e-07,  7.0405e-07,
        -3.6474e-06,  1.5126e-06,  2.0043e-06, -2.3314e-06,  2.3264e-06,
         2.2686e-06,  7.3317e-07,  2.0474e-06, -9.8819e-07,  2.4040e-06,
         4.7816e-07,  1.1337e-06,  3.0473e-07, -2.3837e-06, -2.3231e-06,
        -3.0008e-06,  2.5842e-06, -1.6085e-06,  2.6398e-06, -1.0034e-06,
         1.5879e-06, -6.5270e-09], device='cuda:0')), ('conv3.lin.weight', tensor([[-0.1226, -0.0255, -0.0835,  0.2116, -0.1195,  0.0015,  0.0097, -0.1441,
         -0.0164,  0.1552,  0.0951, -0.0583, -0.0361,  0.1908,  0.0129, -0.0299],
        [-0.2609,  0.2436, -0.1873,  0.2063,  0.1909,  0.2178, -0.0498, -0.0680,
          0.0065, -0.1503, -0.1487, -0.1740, -0.2095, -0.0546, -0.0239,  0.1718],
        [ 0.1677,  0.1119, -0.1158, -0.2706,  0.1047, -0.2711,  0.1244,  0.1229,
         -0.0729,  0.0010, -0.0834, -0.0940, -0.0797,  0.0175,  0.0830,  0.0584],
        [-0.1342,  0.0336,  0.0199,  0.1589, -0.0249, -0.0572,  0.0627, -0.0075,
          0.0952,  0.1182,  0.0875, -0.0027,  0.1512, -0.1095,  0.0875,  0.0322],
        [-0.1534,  0.1985, -0.1396,  0.1976, -0.0160, -0.1227,  0.2168, -0.1754,
         -0.0131,  0.1559, -0.0865,  0.0915, -0.1100, -0.0893,  0.0385, -0.1555],
        [ 0.1175, -0.0805, -0.1317, -0.1004, -0.0098,  0.0773, -0.1035, -0.0519,
          0.0219,  0.1875, -0.0739, -0.1623,  0.1504, -0.2130,  0.1785, -0.1884],
        [ 0.0297,  0.0151, -0.1622,  0.1991,  0.1723, -0.1496, -0.0955, -0.1218,
          0.1456,  0.1065, -0.0636,  0.1211, -0.0617, -0.1058,  0.0328, -0.0796],
        [ 0.0845,  0.0266,  0.2214, -0.1222,  0.1092, -0.2027,  0.1760, -0.0168,
         -0.0351, -0.1155, -0.1436,  0.1519,  0.2094, -0.1533, -0.1374, -0.1818],
        [-0.1527, -0.0834, -0.1005,  0.1308, -0.0320,  0.1793, -0.2581,  0.1312,
         -0.1743, -0.1445, -0.0798, -0.0703,  0.1047,  0.1799,  0.0081,  0.0448],
        [-0.0635,  0.0365, -0.1071,  0.0007, -0.1068,  0.0922,  0.1351, -0.1066,
         -0.0858,  0.1664, -0.0927, -0.0207, -0.0280, -0.1447,  0.0561, -0.1509],
        [-0.1288, -0.0287, -0.1824,  0.1767, -0.0833,  0.1119,  0.0835, -0.2248,
          0.0826,  0.1475, -0.1372,  0.0565, -0.0554,  0.0972,  0.1248,  0.0702],
        [-0.0689, -0.0583,  0.1428, -0.0386,  0.1625,  0.0716,  0.0014, -0.0543,
          0.1146,  0.0035, -0.1995,  0.1284,  0.1638,  0.0583, -0.0222,  0.1680],
        [ 0.0521,  0.1935,  0.1481, -0.0636,  0.1053, -0.1957,  0.1444,  0.1017,
          0.2283, -0.2122, -0.1584, -0.1181,  0.1269, -0.2351, -0.1681,  0.1562],
        [ 0.1015, -0.0773, -0.1078,  0.1446,  0.1670,  0.0208, -0.0588,  0.0348,
         -0.1490, -0.2034,  0.0119,  0.1261,  0.0343, -0.1320, -0.1890, -0.2818],
        [-0.1593,  0.1557,  0.1601,  0.0883,  0.1609, -0.0356, -0.0258, -0.1665,
         -0.1093, -0.0438, -0.0226, -0.0222,  0.1637,  0.1590,  0.0555, -0.0391],
        [-0.0737, -0.1588, -0.0416,  0.0570,  0.2362, -0.0751,  0.0667,  0.0147,
         -0.0075, -0.1312,  0.2061, -0.1062,  0.0515, -0.0894, -0.0759,  0.1275],
        [ 0.1040, -0.1382,  0.2283,  0.0249,  0.1081,  0.1413, -0.0079, -0.1415,
         -0.1735,  0.1082,  0.2002,  0.1473,  0.1422, -0.0715,  0.0913, -0.1610],
        [ 0.1581, -0.0266, -0.2463, -0.0951, -0.0879, -0.0689, -0.1351,  0.0591,
         -0.0867,  0.0863, -0.0169, -0.1020, -0.0552, -0.1441, -0.1518, -0.1291],
        [-0.1855, -0.1500,  0.0911,  0.1820, -0.0701,  0.2000, -0.0426, -0.1398,
         -0.1254, -0.1045,  0.1598, -0.1828,  0.1255,  0.1186,  0.0653, -0.1075],
        [ 0.1115,  0.0358,  0.1458, -0.1691,  0.0386, -0.1075,  0.2562, -0.0888,
          0.0164,  0.1779,  0.0544,  0.1610, -0.0113, -0.0738,  0.1219,  0.1270],
        [ 0.1077, -0.2498, -0.1217, -0.0125,  0.0119, -0.1115, -0.2492,  0.0731,
         -0.0445,  0.0370,  0.0443, -0.0802,  0.1909,  0.1652, -0.0903,  0.0269],
        [ 0.1154, -0.1813, -0.1319, -0.2267,  0.1780, -0.1280, -0.0181,  0.1345,
          0.1727, -0.0706, -0.1469, -0.0784,  0.1312, -0.0747,  0.0555,  0.1026],
        [-0.2438,  0.1179,  0.0874,  0.0217, -0.0911,  0.0383,  0.1167, -0.0773,
         -0.0784, -0.2869, -0.1859, -0.1710,  0.0823, -0.0050, -0.1646, -0.0980],
        [-0.2128,  0.1724, -0.0052,  0.2345, -0.1011,  0.2656, -0.1738, -0.0549,
         -0.0851,  0.1845,  0.1767, -0.1692, -0.1597,  0.1071,  0.2044,  0.0999],
        [ 0.0962, -0.0481, -0.2502,  0.1835,  0.0143,  0.1218,  0.0280, -0.2195,
          0.0223, -0.0652,  0.2193, -0.0665, -0.2320, -0.0848, -0.1424, -0.1873],
        [-0.2553, -0.2740, -0.1261,  0.0433,  0.1635,  0.0650,  0.1305, -0.1425,
         -0.1504,  0.0133,  0.0364, -0.0709,  0.1012, -0.0030,  0.1514,  0.0692],
        [ 0.0380, -0.0176, -0.2926,  0.2034, -0.1403,  0.1702, -0.1758, -0.2158,
          0.0412,  0.1232,  0.1844, -0.1399, -0.1863,  0.0446, -0.0204, -0.1417],
        [ 0.0190,  0.1428,  0.1518, -0.1605,  0.0075, -0.0205,  0.1590, -0.0283,
          0.0527, -0.1698, -0.2521,  0.0792,  0.0723,  0.0854,  0.0361,  0.1116],
        [ 0.2397,  0.0153,  0.1740, -0.1374, -0.0434, -0.0991,  0.1831,  0.1433,
         -0.0518, -0.1454, -0.0396,  0.0751,  0.0549, -0.1778, -0.1352, -0.1209],
        [ 0.0495, -0.0605, -0.0619,  0.0437,  0.1616, -0.1561,  0.0030,  0.0176,
          0.0627,  0.0512,  0.1258,  0.0573, -0.0628, -0.2012,  0.0340, -0.0005],
        [-0.1098,  0.0229,  0.0421, -0.0352, -0.1545,  0.0177, -0.0190, -0.1531,
          0.1577,  0.0731, -0.1571, -0.0629, -0.0321,  0.1670, -0.0668,  0.1380],
        [-0.0139,  0.0163,  0.0031, -0.2005,  0.0572,  0.0258, -0.2217,  0.1196,
         -0.1885, -0.0783, -0.1352, -0.0354,  0.0777,  0.1404, -0.0951, -0.0602]],
       device='cuda:0')), ('bn3.weight', tensor([1., 1., 1., 1., 1., 1., 1., 1., 1., 1., 1., 1., 1., 1., 1., 1., 1., 1.,
        1., 1., 1., 1., 1., 1., 1., 1., 1., 1., 1., 1., 1., 1.],
       device='cuda:0')), ('bn3.bias', tensor([0., 0., 0., 0., 0., 0., 0., 0., 0., 0., 0., 0., 0., 0., 0., 0., 0., 0., 0., 0., 0., 0., 0., 0.,
        0., 0., 0., 0., 0., 0., 0., 0.], device='cuda:0')), ('bn3.running_mean', tensor([0., 0., 0., 0., 0., 0., 0., 0., 0., 0., 0., 0., 0., 0., 0., 0., 0., 0., 0., 0., 0., 0., 0., 0.,
        0., 0., 0., 0., 0., 0., 0., 0.], device='cuda:0')), ('bn3.running_var', tensor([1., 1., 1., 1., 1., 1., 1., 1., 1., 1., 1., 1., 1., 1., 1., 1., 1., 1.,
        1., 1., 1., 1., 1., 1., 1., 1., 1., 1., 1., 1., 1., 1.],
       device='cuda:0')), ('bn3.num_batches_tracked', tensor(0, device='cuda:0'))])