OrderedDict([('conv1.bias', tensor([ 2.4516e-07, -3.9470e-09, -3.9206e-08,  3.1524e-09, -1.7273e-06,
        -1.3235e-07, -1.1108e-06,  3.2239e-06], device='cuda:0')), ('conv1.lin.weight', tensor([[ 1.7071e-06, -1.9764e-05, -1.1437e-05, -1.1383e-05, -2.6782e-06,
          2.5905e-05, -9.1938e-08,  5.2913e-42,  3.7555e-42,  3.3074e-10,
         -2.7637e-04,  7.7437e-04,  1.3208e-03, -8.4686e-05,  3.5948e-04,
          8.6213e-03, -2.6393e-04,  1.3247e-03,  1.0190e-03,  8.5143e-04,
         -1.2226e-03, -4.1204e-04,  3.2079e-04, -2.9188e-05,  7.1332e-04,
         -9.5132e-05,  1.1773e-04,  1.8613e-04, -6.8409e-06, -1.2842e-04,
          5.8673e-05,  1.7317e-03,  2.1296e-05,  7.7514e-05,  2.7460e-04,
          6.4176e-05, -3.9228e-10, -1.9969e-04, -1.4173e-01,  1.7159e-02,
         -6.2614e-04, -1.4800e-04, -1.8787e-04,  8.3211e-03,  5.8945e-03,
          2.9657e-04,  2.9376e-03,  5.9128e-02, -1.8972e-04, -6.1670e-05,
          2.8338e-05,  1.1000e-42, -2.6665e-26,  2.0223e-09,  1.3251e-22,
          3.2539e-05, -2.2242e-05, -4.0826e-05,  3.6394e-05,  1.7871e-04,
         -4.3082e-05,  2.5569e-03,  1.0611e-03,  3.8259e-04,  1.9342e-04,
          4.2076e-03,  1.0731e-01, -7.4559e-05],
        [-6.3096e-05,  1.1139e-05,  3.1928e-05,  9.7502e-06,  2.4895e-06,
         -1.0900e-05, -3.3449e-42,  8.7650e-27,  5.4468e-42,  4.1759e-42,
         -8.6251e-05,  1.0433e-03,  1.7630e-03,  4.6331e-04,  2.4962e-04,
          1.6814e-01, -3.5298e-04,  1.6670e-03,  1.4939e-03, -5.1994e-05,
          9.7410e-04, -1.6465e-04, -1.4998e-03,  5.0760e-05,  5.9978e-04,
          8.7378e-05, -1.0027e-05,  1.1803e-05,  1.3043e-06, -1.4756e-04,
          1.5078e-04,  1.3919e-03, -3.8795e-04, -1.9788e-04,  3.2260e-05,
         -2.6267e-04, -1.3138e-11,  2.4889e-04,  1.5398e-01, -5.4145e-02,
         -8.4005e-05, -3.3771e-04, -8.3795e-04,  9.2345e-03,  5.9663e-03,
          3.0097e-05,  3.4797e-04,  1.7281e-01,  3.4608e-04, -3.7912e-05,
         -3.9234e-04,  1.9015e-17,  2.4846e-15, -1.4559e-42, -7.8428e-19,
          2.5122e-04, -1.8717e-05, -3.7407e-05,  1.5385e-05,  1.4838e-04,
         -3.7723e-05,  6.2126e-04,  7.3931e-04, -1.2284e-04,  2.2432e-04,
         -1.8349e-03, -1.0907e-02,  8.1970e-05],
        [ 6.2197e-05, -1.8909e-04, -7.2757e-06,  7.1330e-06, -9.5326e-06,
          7.2655e-04,  9.3469e-39,  2.3475e-14,  4.0443e-17, -1.9394e-12,
         -1.1288e-05,  2.1732e-03,  2.7888e-04, -2.6789e-04,  5.6653e-04,
          1.3120e-01, -3.7160e-04,  1.1225e-03,  1.9135e-03,  7.4623e-04,
         -3.7159e-03, -1.6240e-03,  1.4332e-03,  1.2183e-04,  4.0673e-05,
         -4.3020e-05,  2.2300e-05,  8.8970e-05,  7.7902e-05, -1.3410e-04,
          3.2001e-05,  1.2487e-03, -2.9939e-04, -3.4255e-04,  5.8483e-05,
          3.4665e-05, -3.7232e-11, -2.0820e-04, -1.0126e-01, -1.1944e-01,
         -5.0728e-04, -4.8328e-05, -1.3175e-03,  9.0634e-03,  1.2571e-02,
          1.7933e-04,  3.4666e-05, -1.0900e-01,  3.1522e-04, -1.4244e-04,
          3.6614e-05,  6.1097e-43, -1.3579e-06, -1.4616e-42, -1.2275e-42,
          1.0981e-04,  2.7409e-04, -2.1038e-05, -5.7321e-05, -3.7097e-05,
         -1.1648e-04,  3.8971e-05,  3.7997e-03, -2.2251e-04, -6.4066e-04,
          2.8712e-03, -1.6881e-01,  3.7130e-05],
        [ 1.7514e-05,  8.3301e-05,  4.7126e-05, -9.2079e-05, -2.2191e-05,
         -2.9180e-04,  2.1774e-08, -2.8292e-42, -2.5699e-09, -6.9411e-15,
         -6.0936e-05,  1.1556e-03, -2.6650e-04,  5.6597e-04,  7.6058e-06,
         -1.5608e-01,  1.4725e-03,  1.8230e-04,  8.0479e-05,  9.2743e-04,
         -1.8455e-03,  7.3282e-05, -9.5057e-04,  3.4895e-04, -5.0453e-04,
          1.4898e-05, -9.9719e-05, -3.6575e-04, -9.1738e-05,  2.6150e-04,
         -8.0986e-04, -1.1697e-03, -2.3575e-04,  1.9224e-04, -2.0394e-05,
         -3.8509e-04,  1.6201e-17, -2.8399e-04,  4.3165e-02, -2.9373e-02,
         -3.1922e-04,  8.9094e-04, -1.6658e-05, -2.8171e-03,  3.8688e-03,
         -9.5865e-06,  1.9459e-04,  1.3128e-01,  3.6866e-04,  8.5555e-05,
          3.4075e-04, -1.1673e-42,  4.7174e-14,  8.6740e-42, -1.0366e-22,
         -1.0239e-04,  1.9359e-04,  5.7770e-05,  4.1539e-05,  4.6390e-05,
         -1.5032e-05, -1.7552e-03, -4.7892e-04,  2.4139e-03,  2.8538e-04,
          2.1804e-04, -1.7602e-01,  3.8083e-05],
        [-4.7839e-05,  2.7167e-05,  6.2445e-05,  2.0665e-06,  6.5741e-06,
         -4.1768e-04,  2.1090e-42, -9.8773e-08, -2.3658e-28,  1.7534e-06,
         -2.9183e-05, -1.3720e-03,  2.0563e-05, -1.1364e-04, -2.7359e-05,
          1.7965e-02, -4.2020e-04,  7.4238e-04, -7.7853e-04,  1.2733e-04,
          4.6864e-04, -1.0518e-04, -4.4072e-04,  2.7530e-05, -2.9615e-04,
         -1.6175e-05,  2.2513e-04,  2.3688e-04,  4.3984e-05, -9.5663e-05,
         -6.4661e-04,  5.5684e-04, -2.3901e-04,  2.9615e-04,  3.0886e-04,
         -1.6421e-04, -1.0287e-41,  4.0592e-06,  1.3749e-01,  1.8746e-01,
         -1.6639e-05, -4.9514e-04,  1.4624e-04, -1.0878e-03, -2.8747e-03,
          9.5796e-05, -1.9956e-03,  1.5641e-02,  4.8868e-04, -5.0433e-05,
         -2.2012e-04, -2.2533e-42,  2.9273e-42, -4.5067e-16,  4.0420e-17,
          8.7505e-06,  6.9165e-05,  5.8354e-06, -4.4558e-06, -1.6904e-05,
         -7.2843e-05,  6.9247e-04,  1.9762e-03, -3.8964e-04, -1.3630e-03,
         -3.5812e-03, -2.4898e-03, -5.7184e-05],
        [ 5.2614e-05,  6.3101e-05, -1.2501e-05, -3.7306e-05, -9.7779e-06,
          2.6138e-04, -3.5032e-44,  3.0023e-41, -2.9623e-42, -1.1484e-07,
          1.2745e-04,  1.4680e-03,  8.4731e-04, -1.4838e-04,  2.6904e-04,
          1.4638e-01,  4.1685e-04,  1.1877e-03,  2.0635e-03,  8.1329e-04,
         -3.7404e-03, -1.5256e-03,  2.4271e-03,  9.3207e-05,  6.6547e-04,
          3.5822e-05,  1.6967e-04, -5.0842e-05, -6.4803e-05,  5.6342e-05,
         -3.0509e-04,  5.6631e-03, -1.9534e-05,  2.5888e-04, -5.2545e-05,
          2.2639e-04,  9.7969e-06,  7.2780e-05, -1.0689e-01, -8.5744e-03,
         -5.3986e-04, -5.5660e-04, -6.9104e-04,  2.6311e-02,  1.7091e-02,
         -4.4110e-04,  9.5742e-04,  2.5769e-01, -1.9560e-04, -1.3588e-04,
          1.9678e-04, -1.7165e-27, -1.7125e-22, -1.3477e-19, -3.3547e-11,
          3.9851e-04,  1.6101e-04, -4.7719e-05, -8.0816e-06, -2.3220e-04,
          1.5729e-04,  4.8647e-03,  2.3878e-03,  2.7924e-03,  5.5412e-04,
          5.6186e-03,  3.6297e-02,  4.3300e-05],
        [ 3.9066e-05,  1.4682e-05, -1.1345e-05, -2.5629e-05,  8.5739e-06,
         -7.1180e-05, -1.4176e-07, -2.3292e-09,  3.8970e-42, -1.0573e-10,
          1.0826e-05, -3.5064e-04, -2.7682e-04,  1.6116e-04,  1.4761e-04,
         -6.6113e-03,  1.1766e-04,  1.1550e-06, -7.1198e-04, -9.5713e-04,
         -2.2859e-04,  1.1046e-03, -1.6927e-04, -1.7124e-04, -3.8687e-04,
         -2.7784e-04,  1.8363e-05,  2.0124e-04, -1.4005e-05, -2.6032e-05,
          9.8700e-05, -3.6919e-04,  1.5031e-04,  1.2646e-05, -6.1182e-05,
          1.5459e-04, -4.3839e-14, -3.0985e-04,  2.7965e-01,  9.5061e-02,
         -2.2826e-04,  3.8490e-04,  8.5333e-04, -5.7976e-03, -3.8856e-03,
          9.6834e-05,  1.2501e-03,  5.3717e-02,  5.1955e-05,  6.0283e-06,
         -5.4824e-05,  9.4223e-42, -5.8663e-19, -6.4049e-12,  4.1259e-10,
         -1.3966e-04, -7.5334e-06,  5.3989e-05,  7.6996e-05, -1.0066e-04,
          2.7250e-05, -9.4808e-04,  3.4433e-04, -6.5368e-04, -3.5913e-04,
          5.4278e-04, -6.7104e-02,  2.3135e-05],
        [ 4.3415e-05, -1.5660e-04, -8.3770e-05, -1.2004e-04,  1.4878e-06,
         -3.6851e-04,  3.7667e-42,  2.9278e-14, -1.7979e-42, -1.1503e-13,
          4.8951e-05, -2.8975e-05,  4.6259e-05,  9.0279e-04, -9.9177e-04,
         -1.2674e-01,  2.2624e-03, -3.7925e-03, -3.7761e-03, -2.1637e-03,
          2.6291e-03,  4.2043e-03, -4.3401e-03, -1.5207e-05, -1.5469e-03,
         -1.3648e-04, -7.6129e-05,  5.5841e-04, -1.3923e-04, -1.5651e-05,
         -1.7073e-04, -9.0580e-03,  3.8033e-05,  3.7930e-04, -8.7778e-05,
          4.5053e-04,  8.2950e-08,  3.8500e-04, -1.7028e-01,  1.6375e-01,
          1.3896e-03,  2.7924e-03,  3.2280e-03, -4.5248e-02, -3.6519e-02,
          6.9851e-04, -3.9812e-04, -1.0035e-01,  4.9506e-04, -4.9356e-04,
         -5.0603e-04,  4.0217e-42,  2.4686e-11,  3.9419e-42, -4.1361e-19,
         -2.4914e-04,  9.0231e-06,  2.6823e-05, -1.6027e-04,  1.4560e-04,
          1.4859e-04, -9.4412e-03, -4.0459e-03, -3.1304e-03,  1.0639e-04,
         -4.4460e-03, -8.4430e-02, -2.4152e-04]], device='cuda:0')), ('conv1.aggr.t', tensor([1.], device='cuda:0')), ('bn1.weight', tensor([0.8137, 0.6509, 0.6718, 0.6887, 0.7310, 0.8307, 0.7430, 0.7299],
       device='cuda:0')), ('bn1.bias', tensor([0.0704, 0.0269, 0.2031, 0.1821, 0.0053, 0.1153, 0.0203, 0.0167],
       device='cuda:0')), ('bn1.running_mean', tensor([  720.9999,   718.6638, -1632.5061, -1475.2098,   643.3149,   773.4891,
          245.1841, -1135.4017], device='cuda:0')), ('bn1.running_var', tensor([ 5164371.0000,  2032115.7500, 11975397.0000, 12969507.0000,
         1452259.1250,  2839789.0000,  4216840.0000,  5050753.5000],
       device='cuda:0')), ('bn1.num_batches_tracked', tensor(47024, device='cuda:0')), ('conv2.bias', tensor([ 2.7799e-06,  5.0843e-07, -1.8097e-06, -6.4571e-06, -3.5372e-06,
         1.5238e-06, -1.1966e-06, -2.0583e-06,  9.4969e-07,  1.8436e-06,
        -3.1189e-06, -1.3672e-06,  4.2833e-06,  2.6956e-06, -3.2962e-06,
        -2.5359e-06], device='cuda:0')), ('conv2.lin.weight', tensor([[-0.2048,  0.0113,  0.0490,  0.0179,  0.0871, -0.1849,  0.2247, -0.0293],
        [-0.1207,  0.0602,  0.1686, -0.2753,  0.0499, -0.2525, -0.1455,  0.0711],
        [-0.0897,  0.0666, -0.1045,  0.1409,  0.0640, -0.2311,  0.0453,  0.2094],
        [-0.2493,  0.1010, -0.0287,  0.0017, -0.1498, -0.0594, -0.1813, -0.1056],
        [-0.1889,  0.1104, -0.0745,  0.1749,  0.1083, -0.2744, -0.3009, -0.1898],
        [ 0.3050,  0.2249, -0.0835,  0.1625,  0.1941,  0.0398, -0.0316, -0.1000],
        [-0.1934, -0.1667, -0.0682,  0.0380, -0.2988,  0.1639, -0.0440,  0.0557],
        [ 0.2651, -0.0583,  0.0902,  0.0252, -0.2800,  0.1300, -0.2114,  0.1184],
        [-0.2200,  0.0766,  0.3454,  0.0841, -0.2194, -0.2603, -0.1326, -0.0593],
        [ 0.1793,  0.1695,  0.2019,  0.1166,  0.0832,  0.2023, -0.0670,  0.0143],
        [-0.2221,  0.1733,  0.3048,  0.0710, -0.1032,  0.0773, -0.1566, -0.1971],
        [ 0.4027, -0.2369, -0.0260, -0.1845,  0.3040,  0.1060,  0.3177, -0.1113],
        [ 0.2482, -0.1926,  0.0446, -0.0657,  0.3178, -0.0155,  0.0092,  0.0844],
        [ 0.3443,  0.1352, -0.1291, -0.2192,  0.1705, -0.0578,  0.2718, -0.0435],
        [-0.1730, -0.0858,  0.0599,  0.0256, -0.2600, -0.0700, -0.1426, -0.1802],
        [-0.1095, -0.2619,  0.0497,  0.1316, -0.2104, -0.2412, -0.0455, -0.1254]],
       device='cuda:0')), ('conv2.aggr.t', tensor([1.], device='cuda:0')), ('bn2.weight', tensor([0.7135, 0.6906, 0.6590, 0.8671, 0.6736, 0.6951, 0.5528, 0.7002, 0.7525,
        0.6142, 0.6404, 0.7419, 0.7123, 0.6876, 0.7286, 0.6704],
       device='cuda:0')), ('bn2.bias', tensor([-0.4399, -0.0913, -0.2211, -0.6102,  0.2139, -0.0901,  0.0529, -0.4127,
         0.3722, -0.2694, -0.0810, -0.4125, -0.0659,  0.1506,  0.2622, -0.3634],
       device='cuda:0')), ('bn2.running_mean', tensor([-0.0260, -0.1382,  0.0067, -0.1739, -0.1681,  0.1947, -0.1200,  0.0544,
        -0.0708,  0.2833,  0.0369,  0.1237,  0.1063,  0.0742, -0.2036, -0.2092],
       device='cuda:0')), ('bn2.running_var', tensor([0.1017, 0.0748, 0.0722, 0.0719, 0.1028, 0.1163, 0.0902, 0.1593, 0.1653,
        0.0821, 0.0908, 0.2335, 0.1007, 0.1627, 0.1009, 0.1384],
       device='cuda:0')), ('bn2.num_batches_tracked', tensor(47024, device='cuda:0')), ('conv3.bias', tensor([-1.3746e-06,  1.0524e-06,  2.6757e-06,  3.4234e-07,  1.5566e-06,
        -1.5905e-06,  1.7581e-06, -7.3713e-07, -3.2184e-07,  3.9005e-06,
         3.3243e-06,  4.8026e-07,  2.2813e-06,  1.6887e-06,  8.9338e-07,
         1.2054e-06, -1.0193e-06,  6.4937e-07, -9.7686e-07, -3.3926e-06,
         5.0528e-07,  1.8603e-06,  4.3119e-06, -2.1453e-06,  6.1841e-07,
         1.0806e-06,  3.9742e-07,  1.3826e-06, -2.2038e-06,  1.1714e-06,
        -2.0292e-06, -2.6978e-06], device='cuda:0')), ('conv3.lin.weight', tensor([[-2.1148e-02, -1.2878e-01,  1.4581e-01,  1.8971e-01,  1.6599e-02,
         -9.1631e-02,  1.6656e-02,  1.4828e-01,  6.1145e-02,  1.1222e-01,
         -1.6336e-01, -6.6653e-02,  1.1770e-01, -1.1471e-01, -1.9221e-01,
         -8.9467e-02],
        [-7.0827e-02,  1.1492e-01, -4.6321e-02, -9.5939e-02, -9.7739e-02,
         -1.5339e-01, -6.3064e-02, -8.4580e-02, -6.6342e-02,  2.8823e-02,
         -1.5693e-01, -1.2582e-01, -1.0010e-01,  1.4120e-01,  4.8622e-02,
         -1.0204e-02],
        [ 2.8095e-03, -9.6502e-02, -1.1345e-01, -2.8179e-01,  3.2033e-02,
         -1.3688e-01, -1.8445e-01, -1.4518e-02,  1.8434e-01,  1.5919e-01,
         -3.3709e-02, -1.5529e-01, -1.9083e-02, -1.4094e-01,  5.8831e-02,
         -9.6577e-02],
        [-1.2273e-01, -2.5016e-02, -1.5606e-01, -1.0447e-01,  1.7739e-01,
         -1.3198e-01,  1.7139e-02, -1.4668e-01,  2.0812e-01, -6.4760e-02,
         -1.2673e-01, -1.3414e-01, -6.3539e-02,  2.2081e-01, -3.8774e-02,
         -6.9109e-02],
        [-2.7573e-02, -3.5491e-03, -1.8162e-01, -2.1543e-01,  5.2723e-02,
         -4.5461e-02,  2.6116e-02, -8.1426e-02,  1.6529e-01, -7.8070e-02,
          1.4145e-01, -4.0175e-02,  9.6146e-02,  5.0434e-02,  1.7658e-01,
         -1.7415e-01],
        [ 2.1233e-01,  1.0223e-01,  1.7635e-03,  2.7232e-01, -1.4200e-01,
          1.4938e-01,  8.4475e-02,  1.3530e-01, -1.2377e-02,  1.4634e-01,
          1.7771e-02,  1.9412e-01,  1.6564e-01, -1.1267e-01, -1.6629e-01,
          2.1747e-01],
        [-5.7968e-02,  8.1787e-03, -1.2265e-01, -1.8875e-01,  5.5428e-02,
          1.2692e-01,  9.3534e-02, -1.3371e-01,  2.0866e-01, -2.0443e-01,
          8.3886e-02, -2.1289e-01,  1.8595e-01, -1.2522e-02, -6.6167e-02,
         -1.6541e-01],
        [-1.9129e-01, -1.3184e-01, -2.9247e-02, -6.9087e-02,  9.4709e-02,
          2.0451e-01,  4.0143e-02, -1.9622e-01,  1.9073e-01, -7.0716e-02,
         -2.0128e-01, -1.9888e-01,  8.5475e-02, -2.0110e-02,  1.1685e-01,
         -7.5420e-02],
        [ 1.1847e-01, -1.3780e-02,  7.5139e-02,  2.5176e-01, -1.8385e-01,
          1.4740e-01, -6.9084e-02,  1.5258e-01,  2.3887e-01, -8.3570e-02,
          3.5317e-02,  1.6675e-02,  8.5529e-02,  1.1730e-01, -1.0188e-02,
         -1.7804e-01],
        [ 2.0211e-02,  7.2065e-02, -6.6398e-02,  4.0619e-02,  1.2245e-01,
          9.5762e-02,  1.6658e-01, -8.3103e-02, -1.7911e-01, -5.4118e-03,
         -1.3722e-01, -4.6702e-02, -1.4235e-01,  1.2870e-01,  1.5155e-01,
         -1.6766e-01],
        [-1.2728e-01,  1.2506e-01, -9.1265e-02, -2.5289e-01,  8.5223e-02,
         -1.3456e-01,  6.9820e-02, -6.9421e-02, -1.1030e-01, -1.2467e-02,
         -1.7859e-01, -1.8067e-01, -1.4452e-01,  1.4233e-01,  1.5954e-01,
         -5.6397e-02],
        [-3.5139e-03, -9.2726e-03,  1.0991e-01,  7.2208e-02, -5.5176e-02,
         -1.9210e-01, -4.6643e-02,  1.8810e-02, -7.5214e-02,  9.7751e-02,
          1.0034e-01, -1.2651e-01,  6.1235e-02,  1.4500e-02, -4.5236e-02,
         -6.2449e-02],
        [-5.8269e-02,  8.0944e-02,  1.1675e-01,  6.1161e-02,  1.2687e-01,
          1.1051e-01,  1.9284e-02,  1.0482e-01, -1.1143e-01, -3.1029e-02,
          2.6879e-01,  1.2056e-01,  1.0616e-01,  6.1663e-02, -3.4097e-02,
          7.8042e-02],
        [-6.1713e-02,  2.0577e-01, -1.1582e-02,  1.0223e-01, -7.1468e-02,
         -4.5511e-02,  1.2565e-02, -2.0297e-02, -1.2480e-01, -8.0598e-02,
          1.2076e-01,  1.9437e-01, -1.1973e-01,  7.7853e-02,  1.3078e-01,
         -1.4317e-01],
        [ 1.1360e-01,  9.7813e-02, -9.0441e-02, -2.3461e-01,  1.2202e-01,
         -2.2543e-02,  1.4136e-01,  1.6112e-02, -8.7030e-02, -7.9426e-02,
          1.7239e-01,  8.7729e-02,  2.5748e-02, -1.7832e-01, -7.1899e-02,
          6.5102e-02],
        [ 9.6094e-02, -1.2207e-01,  1.7228e-01,  9.6752e-02, -5.5916e-02,
         -4.6503e-03, -1.2942e-01,  6.3532e-02, -4.6997e-02,  3.2438e-02,
         -3.5632e-02, -6.7032e-02,  7.1574e-02, -8.3486e-02, -5.0762e-02,
          8.7639e-02],
        [-1.5174e-01,  7.5625e-03, -1.2247e-01, -4.1565e-02, -1.1611e-02,
         -1.2401e-01, -2.0578e-01, -1.6828e-01, -1.4059e-01, -1.3255e-01,
          6.1157e-02, -2.0233e-01,  1.3783e-01, -4.5718e-02,  9.4543e-02,
         -1.6354e-01],
        [-1.7448e-02, -2.4388e-01, -4.2424e-02, -2.0248e-01,  1.0830e-01,
          5.8972e-02,  1.4892e-02, -5.2424e-02,  1.0731e-01, -1.0539e-01,
          1.3610e-01,  1.2904e-02, -9.2011e-02, -7.0947e-02, -1.4997e-01,
          1.0479e-01],
        [-1.3899e-02, -2.5213e-01,  6.3893e-02, -1.3215e-01,  7.7935e-02,
         -6.8078e-02,  6.8773e-02,  1.2656e-02,  9.0761e-02, -9.5063e-02,
         -2.8597e-03, -1.3277e-01, -7.2899e-02,  9.1136e-02, -1.6939e-01,
          1.7390e-02],
        [-9.3161e-02, -1.4787e-02,  2.0294e-02, -1.0774e-01,  1.0048e-01,
          1.1952e-01,  1.0823e-01,  6.1858e-02,  1.3696e-01, -2.6649e-01,
          2.1536e-02,  3.4254e-02, -1.5721e-01,  1.5115e-01, -4.1693e-02,
          4.7291e-03],
        [ 2.0862e-01,  4.6384e-02,  1.6233e-02,  1.8720e-01, -5.2719e-02,
         -2.1086e-02, -9.7767e-02,  1.8360e-01, -1.4311e-02,  1.2229e-01,
         -7.4349e-02,  1.1444e-01, -1.2823e-01,  2.1659e-02, -6.1230e-02,
          1.2409e-01],
        [ 1.8220e-02,  1.2203e-01,  1.2244e-02,  1.8606e-01, -1.5921e-01,
         -5.5775e-02, -1.5032e-01,  2.2099e-02, -1.3619e-01, -7.2466e-02,
          2.7354e-02, -1.2503e-02, -2.0194e-03,  1.2694e-01, -1.1363e-01,
          7.6716e-02],
        [ 9.2071e-02,  1.5266e-01,  1.3173e-01,  4.3565e-02,  2.3241e-02,
          3.5944e-02,  8.2339e-02,  2.3128e-01,  1.3614e-02,  1.2272e-01,
          4.5170e-03,  4.8682e-02, -5.8623e-02,  1.3717e-01, -1.4954e-01,
         -4.1241e-03],
        [ 3.4669e-02,  1.3729e-01, -9.8782e-02,  1.6367e-01,  3.3708e-03,
          3.8688e-02,  8.2192e-02, -2.8756e-04, -2.3226e-01, -9.5772e-02,
         -1.4680e-01,  8.1191e-02, -1.2539e-01, -9.8490e-02, -5.5390e-02,
         -1.5569e-01],
        [-1.4119e-01,  1.8844e-01,  1.0817e-01, -1.2963e-01, -1.2319e-01,
          1.6164e-01,  1.9471e-02,  1.0760e-02,  4.7130e-03, -1.2659e-01,
         -1.4945e-01, -1.9865e-01, -9.4173e-02, -1.3858e-01,  3.1419e-02,
         -1.6830e-01],
        [-6.1743e-03,  4.0284e-02,  1.0715e-01, -2.1285e-01, -5.3624e-02,
         -1.5755e-01,  8.9211e-02,  3.2270e-02,  1.3460e-01,  1.0414e-01,
          1.2762e-01,  7.9076e-02, -1.4727e-01,  1.2849e-01, -8.7358e-02,
         -1.9753e-02],
        [-7.9409e-02, -6.6440e-02,  1.8804e-01,  2.5504e-01, -1.3646e-01,
          1.5350e-01, -2.1896e-02,  1.4846e-01, -1.7507e-01, -1.5708e-01,
          1.9953e-01, -9.3054e-02,  2.1115e-01,  1.4258e-01,  5.3674e-02,
          9.3810e-02],
        [ 1.9192e-01, -5.2490e-02, -9.5453e-02,  1.6012e-01,  3.7835e-02,
          1.9124e-01, -1.6096e-01,  7.6055e-02, -1.3519e-01,  5.4849e-02,
         -5.2925e-02, -3.6736e-02, -3.5416e-02, -9.0720e-02, -1.3539e-01,
          1.9077e-01],
        [ 1.4989e-01, -3.1628e-02,  1.7326e-02,  2.3473e-01,  1.1568e-01,
         -1.6340e-01,  1.3254e-01,  1.6426e-01, -1.2352e-01, -4.1347e-02,
         -6.4255e-02,  1.4448e-01,  7.1789e-02, -6.9892e-02, -1.3027e-01,
         -1.4883e-01],
        [ 2.9822e-01, -4.7888e-02, -8.0659e-02, -1.6102e-02,  1.5409e-01,
         -2.7778e-02,  4.9488e-02,  1.9160e-01, -1.3800e-01,  6.6627e-02,
         -1.0001e-01, -8.3525e-02, -1.7433e-01, -1.3103e-01, -1.2533e-01,
         -1.1217e-01],
        [ 1.2358e-01,  4.8554e-02,  2.9044e-02,  2.1115e-01, -1.6268e-01,
         -3.8426e-02, -1.5001e-02,  1.1377e-01, -1.7475e-01,  1.1962e-01,
          3.6862e-04,  1.9816e-01,  1.9854e-02, -8.2008e-02, -1.1876e-02,
          1.4036e-01],
        [ 3.4053e-02, -2.8452e-03, -1.4093e-01,  1.0498e-01,  1.3851e-01,
          6.1838e-02, -9.7975e-03, -6.3291e-02, -1.7768e-01, -1.2151e-01,
          6.0733e-02,  2.1712e-01, -1.0235e-01,  3.4572e-02,  1.3139e-02,
          1.3318e-01]], device='cuda:0')), ('bn3.weight', tensor([1., 1., 1., 1., 1., 1., 1., 1., 1., 1., 1., 1., 1., 1., 1., 1., 1., 1.,
        1., 1., 1., 1., 1., 1., 1., 1., 1., 1., 1., 1., 1., 1.],
       device='cuda:0')), ('bn3.bias', tensor([0., 0., 0., 0., 0., 0., 0., 0., 0., 0., 0., 0., 0., 0., 0., 0., 0., 0., 0., 0., 0., 0., 0., 0.,
        0., 0., 0., 0., 0., 0., 0., 0.], device='cuda:0')), ('bn3.running_mean', tensor([0., 0., 0., 0., 0., 0., 0., 0., 0., 0., 0., 0., 0., 0., 0., 0., 0., 0., 0., 0., 0., 0., 0., 0.,
        0., 0., 0., 0., 0., 0., 0., 0.], device='cuda:0')), ('bn3.running_var', tensor([1., 1., 1., 1., 1., 1., 1., 1., 1., 1., 1., 1., 1., 1., 1., 1., 1., 1.,
        1., 1., 1., 1., 1., 1., 1., 1., 1., 1., 1., 1., 1., 1.],
       device='cuda:0')), ('bn3.num_batches_tracked', tensor(0, device='cuda:0'))])