OrderedDict([('conv1.bias', tensor([ 1.2718e-07, -4.9668e-06,  5.9953e-07,  1.3601e-06,  3.0206e-07,
         1.0547e-06,  8.9475e-09,  9.4857e-09], device='cuda:0')), ('conv1.lin.weight', tensor([[-2.7842e-04,  4.3497e-05,  3.7098e-04,  7.6993e-05, -5.2288e-06,
          2.0592e-03, -3.1610e-11, -2.3029e-08,  3.2398e-42,  3.1249e-43,
         -4.9835e-05,  1.3454e-02,  5.4303e-03,  1.0891e-03,  3.6559e-03,
         -7.4200e-02,  6.5971e-03,  6.0048e-04,  8.1160e-03,  6.4395e-03,
         -8.9566e-03, -9.1976e-03,  6.1934e-03,  4.2474e-04, -6.9566e-05,
          3.7665e-04, -3.3929e-04,  2.4858e-03, -3.2662e-05,  5.5360e-04,
          8.0547e-04, -1.1878e-02, -1.5644e-03, -8.0076e-04,  3.5906e-04,
          4.7004e-04,  9.1785e-43,  1.7031e-03, -8.4372e-02, -7.3003e-02,
         -2.4301e-03,  2.0539e-03, -8.9177e-04,  2.8200e-04, -2.9153e-02,
          8.8911e-04,  2.6006e-03, -1.7670e-01,  1.9212e-03,  6.5580e-04,
          1.6613e-03,  3.1411e-09,  1.0723e-11, -5.9555e-43, -5.1862e-42,
          6.9069e-04,  1.5611e-03, -3.3096e-04,  4.1579e-04,  4.6564e-04,
         -1.3133e-04, -1.4759e-02,  8.6350e-03,  6.0414e-03,  6.2910e-03,
          1.0644e-02, -2.3721e-02,  1.9443e-04],
        [-4.5115e-04, -2.7121e-04,  5.4266e-04,  2.5229e-04, -3.4579e-05,
          4.9884e-03, -1.2655e-26,  9.9110e-21, -1.5928e-15,  5.5085e-42,
         -4.3025e-03,  2.9580e-02,  2.3051e-02,  3.7750e-03,  1.1234e-02,
         -1.1878e-02,  1.0653e-02,  1.5985e-02,  4.9103e-02,  3.2192e-02,
         -4.0132e-02, -5.9141e-02,  4.3629e-02,  2.3364e-04,  5.4447e-04,
          5.0625e-04, -1.1518e-03,  4.5739e-03, -2.0775e-05,  6.6364e-04,
          1.0471e-03,  4.1246e-02, -2.0523e-03, -2.9551e-03,  4.7376e-04,
          6.7486e-04,  2.7465e-17,  6.5363e-03, -1.0711e-01, -1.4537e-01,
         -9.3295e-03,  2.9391e-03, -4.9001e-03, -7.2443e-02,  2.0788e-01,
          8.1897e-04,  4.9215e-03, -1.5263e-03,  3.4262e-03,  6.2849e-04,
          3.5370e-03,  6.9701e-42, -5.6192e-43,  8.3546e-15,  2.1141e-18,
          2.0383e-03,  2.6222e-03, -4.5276e-04,  4.9053e-04,  4.3490e-04,
          5.0308e-07,  7.8947e-03,  4.3385e-02,  3.5701e-02,  3.0246e-02,
          5.1021e-02, -6.0986e-03, -1.7932e-04],
        [ 1.2706e-04,  7.1825e-06, -1.1851e-04, -9.6331e-05, -6.0856e-06,
         -1.1483e-03, -7.0808e-42,  2.6893e-09,  3.0646e-26,  1.0028e-41,
         -2.0642e-03, -6.0726e-03, -3.9779e-03, -9.2535e-04, -1.5744e-03,
          4.0635e-02, -3.5096e-03,  2.1043e-03, -2.1140e-03, -1.9128e-03,
          2.8853e-03,  3.2919e-03, -1.6976e-03, -1.4748e-04,  1.0526e-03,
         -3.1701e-04,  2.0636e-04, -1.2059e-03, -8.7699e-05, -2.7785e-04,
         -5.3718e-04,  3.0690e-03,  3.5561e-04,  4.8376e-04, -2.5578e-04,
         -2.5003e-04, -2.9552e-41, -1.3764e-03, -1.5731e-02,  3.4797e-02,
          1.4357e-03, -1.7285e-03, -3.3670e-04, -9.7752e-03,  4.2241e-02,
         -4.3489e-04, -2.5927e-03,  4.0144e-02, -9.9232e-04, -3.3091e-04,
         -7.8375e-04,  3.1389e-42, -4.7012e-09,  3.4424e-14,  1.3962e-33,
         -4.2642e-04, -6.4872e-04,  7.9362e-05, -2.4157e-04, -2.3176e-04,
         -1.2746e-04,  3.0150e-03,  6.2329e-03,  1.1594e-02,  6.8386e-03,
          9.7663e-03,  1.6963e-02, -8.5077e-05],
        [ 1.6818e-04, -5.3303e-04, -2.6362e-04,  2.7123e-04, -3.4048e-05,
          1.0090e-03,  5.9023e-42, -3.9541e-09,  9.2864e-42,  6.6576e-42,
         -1.7423e-03,  2.5411e-02,  1.5178e-03,  2.4972e-03,  3.6518e-03,
         -4.5033e-02,  1.2423e-02, -2.5899e-03,  7.4689e-03,  5.8879e-03,
         -1.4050e-02, -1.2870e-02,  6.7570e-03, -5.2319e-04, -3.3152e-03,
          4.6288e-05,  3.5834e-04,  2.1104e-03,  1.1724e-04, -1.0515e-04,
          8.4228e-04, -2.0723e-02, -2.2852e-03,  1.2700e-03, -2.6512e-04,
         -3.5690e-04,  2.3831e-16,  1.0877e-03, -2.1050e-01, -2.1060e-01,
         -2.3660e-03,  4.8847e-03,  2.7343e-04, -5.4725e-02, -5.9479e-02,
          7.3701e-04,  2.1929e-03, -1.0631e-01,  3.4624e-03, -6.9628e-04,
          9.7988e-04, -3.6664e-21,  4.1534e-18, -1.1548e-15,  2.1290e-14,
         -2.6639e-04,  6.3890e-04,  1.4585e-04, -5.6666e-04, -5.8843e-04,
         -4.3553e-06, -2.6405e-02,  8.0793e-03,  3.8716e-03,  4.5424e-03,
          1.2124e-02, -1.3085e-02, -6.7593e-04],
        [-6.3638e-04, -2.6037e-04, -2.1498e-05,  5.8398e-04, -1.8877e-05,
          2.2015e-03, -1.7544e-42,  2.1523e-12, -2.7858e-42, -7.8991e-42,
          1.1118e-04,  2.6944e-02, -4.0916e-03, -2.8600e-04,  5.1204e-03,
         -4.3305e-02,  4.7660e-03,  1.0228e-03,  1.2723e-02,  1.0206e-02,
         -3.0924e-02, -2.9687e-02,  1.3462e-02,  7.3409e-05, -7.2175e-04,
          1.3866e-04,  3.1639e-05,  1.2986e-03, -8.1543e-05,  2.0772e-04,
         -1.0740e-03, -2.7660e-02, -2.8149e-03, -8.3173e-05, -9.5121e-05,
         -1.9025e-04, -2.7479e-42,  1.5299e-03, -5.6670e-02, -5.0873e-02,
         -6.5046e-03, -2.4006e-04, -5.2162e-03, -1.1113e-01,  4.0243e-03,
          5.7421e-04, -9.1857e-03, -1.0556e-01,  9.4036e-04,  7.0324e-05,
          1.8452e-03,  1.5961e-42,  2.6975e-42,  1.2012e-21, -5.4384e-42,
          1.2157e-03,  1.5446e-03, -4.7205e-04, -2.9151e-04,  3.3744e-04,
         -8.1604e-05, -3.5039e-02,  9.2515e-03,  1.1100e-02,  3.1006e-03,
          2.9541e-02, -1.2173e-02, -3.3506e-04],
        [ 2.1847e-04, -4.5316e-05, -9.5922e-05, -7.3196e-05, -2.0213e-05,
         -8.6200e-04, -2.1247e-13,  3.9383e-14, -6.3178e-14, -6.3322e-36,
         -1.0904e-04,  3.6769e-03,  1.1027e-02,  9.5265e-04, -1.5461e-03,
         -9.0793e-03,  5.3244e-03, -6.7293e-04, -1.1004e-03, -4.4297e-04,
          1.9426e-02,  1.8475e-02, -2.9241e-03, -2.5722e-04,  1.3488e-03,
         -9.5132e-05,  2.0642e-04,  3.4033e-04,  1.0003e-05, -1.2221e-04,
          1.1925e-03, -1.5949e-02,  9.3851e-04,  2.8417e-04, -1.6659e-05,
         -8.8571e-06,  2.6040e-13,  1.0911e-04,  6.8331e-02,  9.6231e-02,
          2.8103e-03,  4.1675e-03,  5.4606e-03, -3.1471e-02,  3.1943e-02,
          7.7472e-06,  1.1027e-02, -3.1199e-01,  1.3971e-03,  5.7040e-05,
         -5.5586e-04, -9.0396e-07, -2.2880e-23,  2.2435e-42, -7.1308e-14,
         -4.9099e-04, -5.3772e-04,  2.1931e-04, -6.8595e-05, -1.2717e-04,
          6.2716e-05,  2.5011e-02,  3.0813e-03,  1.0942e-02,  1.0933e-02,
         -9.9687e-03,  7.0330e-02, -6.1676e-05],
        [ 1.9860e-04, -4.7477e-05, -9.6872e-05, -7.8861e-05,  1.0027e-05,
         -1.2829e-03,  7.3037e-10, -2.6755e-07,  5.1372e-42, -1.3572e-06,
         -1.2076e-04, -6.8752e-03, -6.1259e-03,  1.6796e-04, -3.2840e-03,
          4.4069e-02,  1.0745e-03, -8.4078e-03, -1.3550e-02, -1.0426e-02,
          3.7225e-02,  3.5010e-02, -1.0329e-02, -3.1119e-04, -1.3192e-03,
          1.7379e-05,  1.2142e-04, -1.1207e-03,  6.8122e-06, -1.9661e-04,
         -2.7221e-05,  1.5699e-02,  7.2837e-04,  9.8473e-04, -5.5059e-05,
         -1.4535e-04,  7.1006e-10, -1.0418e-03,  5.2045e-02,  6.1420e-02,
          3.3919e-03,  1.6283e-03,  4.2185e-03, -7.6246e-02, -2.2267e-01,
         -2.3829e-04,  1.9546e-03, -1.5236e-01, -1.8762e-04, -4.7138e-04,
         -1.0000e-03,  3.3323e-42, -5.6985e-09,  7.6114e-16,  1.0636e-42,
         -7.2646e-04, -6.9002e-04,  2.0785e-04, -2.0686e-04, -2.1200e-04,
          3.0133e-05,  8.8014e-03, -1.8517e-02, -7.2190e-03, -6.1591e-03,
         -3.3588e-02, -9.7066e-03, -7.5702e-05],
        [ 6.7284e-05,  3.9486e-05, -8.7541e-05, -5.2253e-05, -6.6274e-06,
         -1.9146e-03, -3.1102e-25,  2.9525e-42, -1.1735e-06, -3.2552e-42,
          5.8979e-05, -1.3351e-02, -1.7046e-02, -6.9402e-05, -4.7315e-03,
         -7.3460e-02, -1.5041e-03, -9.4095e-03, -1.3991e-02, -1.4696e-02,
          1.0806e-02,  1.1889e-02, -1.4575e-02, -2.1460e-04, -2.8582e-03,
         -2.9736e-04,  8.7383e-05, -2.2055e-03, -1.2226e-07, -3.0373e-04,
         -8.8409e-04, -1.3776e-02,  9.6419e-04,  4.6760e-04, -1.2464e-04,
         -1.6001e-04, -9.9885e-42, -1.6998e-03,  1.4157e-01,  1.3026e-01,
          3.8747e-03, -9.9220e-04,  4.9784e-03, -2.7122e-02,  2.1561e-02,
         -3.2668e-04, -2.9038e-03,  9.3762e-02, -1.1164e-03, -3.9760e-04,
         -1.2608e-03, -2.8797e-42, -4.3681e-19,  3.1655e-18, -3.2526e-17,
         -7.4103e-04, -9.3645e-04,  1.6118e-04, -2.7191e-04, -2.7120e-04,
         -6.0735e-06, -8.5813e-03, -1.8832e-02, -1.9082e-02, -1.8409e-02,
         -3.2678e-02, -2.1637e-02, -6.2872e-05]], device='cuda:0')), ('conv1.aggr.t', tensor([1.], device='cuda:0')), ('bn1.weight', tensor([0.6169, 0.8890, 0.7212, 0.7084, 0.9326, 0.6427, 0.7227, 0.6746],
       device='cuda:0')), ('bn1.bias', tensor([-0.0273,  0.0205, -0.0301, -0.0324,  0.1378, -0.1382,  0.0888,  0.0261],
       device='cuda:0')), ('bn1.running_mean', tensor([ -820.6899,  -430.9382,   289.8158, -1115.4708,  -513.7649,   335.2316,
         -100.6469,   343.0950], device='cuda:0')), ('bn1.running_var', tensor([128551.4531,  67360.9844,  35847.8750, 111821.5312,  46100.1797,
         63167.8516, 102051.1328, 143742.6719], device='cuda:0')), ('bn1.num_batches_tracked', tensor(47024, device='cuda:0')), ('conv2.bias', tensor([ 1.4473e-06,  3.3908e-07,  8.9562e-07,  1.6507e-06, -3.9564e-06,
         7.5803e-07, -7.1561e-08,  1.2283e-06, -3.2302e-06, -2.3648e-06,
         4.5098e-07, -1.3077e-06,  1.2052e-06, -8.7879e-06,  5.2322e-06,
        -2.0007e-06], device='cuda:0')), ('conv2.lin.weight', tensor([[-0.0960, -0.3327,  0.0562, -0.2322, -0.2783, -0.0049, -0.3552,  0.0442],
        [-0.1520,  0.1543, -0.0380,  0.3143, -0.2353, -0.1677, -0.1413, -0.1584],
        [-0.1168, -0.2717, -0.2224, -0.2990, -0.0165, -0.0093,  0.0935,  0.0839],
        [-0.2085,  0.0885, -0.0090,  0.1495,  0.3422,  0.0202, -0.1293,  0.1862],
        [-0.2823, -0.1996, -0.0527, -0.1099, -0.3404, -0.1372,  0.2878, -0.0932],
        [-0.1053,  0.2522,  0.1523, -0.1138, -0.3579, -0.0584, -0.0620, -0.1844],
        [-0.0586, -0.1225,  0.2080, -0.3472, -0.2425, -0.0353, -0.2031,  0.0512],
        [ 0.0747, -0.2225,  0.2128,  0.0453,  0.0662,  0.1296,  0.1223,  0.3205],
        [ 0.2771, -0.1685, -0.2251, -0.2616, -0.1712, -0.2560,  0.4128, -0.1867],
        [-0.1906, -0.3968,  0.1989, -0.1758,  0.0966, -0.1946,  0.1870,  0.0423],
        [ 0.1015,  0.0224,  0.2834,  0.1848, -0.4210, -0.1525,  0.0104, -0.1843],
        [-0.2342, -0.0494,  0.2526,  0.2533, -0.3562,  0.1589,  0.1559, -0.1819],
        [-0.2420,  0.3690,  0.1455,  0.1583, -0.3872, -0.0876, -0.2525,  0.0024],
        [-0.2723, -0.2410, -0.1805, -0.1303, -0.1074, -0.1132,  0.1266,  0.0087],
        [-0.0165, -0.0403, -0.2074,  0.0495, -0.2247,  0.0308,  0.2430, -0.3610],
        [-0.0620,  0.3301, -0.0082, -0.0981,  0.2186,  0.1596, -0.1234,  0.0079]],
       device='cuda:0')), ('conv2.aggr.t', tensor([1.], device='cuda:0')), ('bn2.weight', tensor([0.7334, 0.6831, 0.6751, 0.7767, 0.7250, 0.7740, 0.7080, 0.5539, 0.7708,
        0.6784, 0.7594, 0.7476, 0.7808, 0.7141, 0.6847, 0.6490],
       device='cuda:0')), ('bn2.bias', tensor([ 0.5445,  0.2604,  0.0517,  0.2620,  0.3332,  0.7043, -0.5472,  0.0929,
         0.2332, -0.0804, -0.1268,  0.0850, -0.5856, -0.3618, -0.2924,  0.0507],
       device='cuda:0')), ('bn2.running_mean', tensor([-0.4035, -0.1482, -0.2079,  0.1784, -0.2760, -0.1544, -0.2392,  0.1998,
        -0.1658, -0.0864, -0.1072, -0.0555, -0.1128, -0.2513, -0.1792,  0.1668],
       device='cuda:0')), ('bn2.running_var', tensor([0.2232, 0.1563, 0.1471, 0.1000, 0.1853, 0.2070, 0.1798, 0.1010, 0.1553,
        0.1275, 0.1976, 0.1542, 0.3100, 0.1012, 0.0787, 0.0761],
       device='cuda:0')), ('bn2.num_batches_tracked', tensor(47024, device='cuda:0')), ('conv3.bias', tensor([ 1.4350e-06,  5.0025e-07,  3.7038e-07, -8.0984e-07, -1.4925e-06,
        -1.7348e-06, -2.0777e-06, -1.1492e-06, -2.0923e-06, -2.8335e-07,
        -1.2068e-07,  1.1699e-06, -2.3126e-06,  4.0141e-06,  1.0062e-06,
        -1.7230e-06, -3.2690e-08,  1.7620e-06, -1.6030e-06, -9.2242e-07,
        -8.5786e-07, -2.0995e-06,  8.5794e-07, -2.2990e-06,  3.2624e-06,
         9.4277e-07, -1.1394e-07, -3.3612e-06,  2.3010e-06, -6.4359e-07,
         1.8273e-06,  1.5395e-06], device='cuda:0')), ('conv3.lin.weight', tensor([[ 0.1746,  0.1401, -0.1527, -0.0866,  0.0146,  0.2075, -0.2697, -0.0212,
         -0.0580,  0.0896, -0.1736,  0.1486, -0.2703, -0.0360, -0.0725, -0.0674],
        [-0.0965,  0.1039,  0.1482, -0.0601,  0.1586,  0.0686, -0.1439,  0.0051,
         -0.1805, -0.2123, -0.0316, -0.0652, -0.0139,  0.1149, -0.1291, -0.1072],
        [-0.0037, -0.2649, -0.0323, -0.0201, -0.1515, -0.2712, -0.0050, -0.0594,
         -0.0637,  0.0594,  0.1069,  0.0244,  0.2276,  0.0731,  0.1577, -0.1152],
        [ 0.0182,  0.1615,  0.1017, -0.1227, -0.1621, -0.2188,  0.0564, -0.0349,
         -0.1725,  0.0780,  0.0344, -0.0058,  0.0065, -0.0418,  0.0768, -0.1178],
        [-0.1907, -0.1073,  0.0357, -0.0179, -0.0249, -0.2905,  0.1095, -0.0037,
         -0.0343, -0.0755,  0.0043,  0.1002,  0.2338,  0.1481,  0.0100, -0.0601],
        [-0.2027,  0.0132, -0.0775, -0.1996,  0.0347,  0.1150,  0.0046,  0.0823,
         -0.2026, -0.2047, -0.0983, -0.1792,  0.0312,  0.1651,  0.0284, -0.1684],
        [-0.2014, -0.0800,  0.2788, -0.0348,  0.0660,  0.1359,  0.0098, -0.0417,
         -0.0237, -0.0967, -0.2336,  0.1436,  0.1154, -0.0944, -0.1410, -0.0485],
        [ 0.0455,  0.1572,  0.1037, -0.0019,  0.0948,  0.1793, -0.1437,  0.0588,
          0.1828, -0.0856, -0.0402,  0.0510, -0.1946, -0.0791, -0.1286,  0.0452],
        [-0.0159, -0.0014, -0.0345, -0.2374, -0.0910, -0.1731,  0.1759,  0.0607,
         -0.1566, -0.0928, -0.2176,  0.1440, -0.0027, -0.0705,  0.1068, -0.0685],
        [ 0.1948, -0.0603, -0.0849, -0.0406,  0.0764,  0.2241, -0.0952, -0.0450,
         -0.0293, -0.1392, -0.2094,  0.1299, -0.2804, -0.0742, -0.0156, -0.1172],
        [-0.0240, -0.0664,  0.0289, -0.2475, -0.1630, -0.1040,  0.0523, -0.0431,
          0.0130, -0.0712, -0.1320,  0.1381,  0.0605, -0.1375, -0.1176, -0.1135],
        [ 0.2490,  0.1631,  0.0921,  0.2699,  0.1609,  0.2272, -0.2423,  0.0652,
          0.1625,  0.0236,  0.0540, -0.1323, -0.0832, -0.2041, -0.0713, -0.0746],
        [-0.2019, -0.1748, -0.0670, -0.1065, -0.1762, -0.2654,  0.2619, -0.0674,
         -0.1167,  0.0481,  0.0346, -0.1345,  0.2996,  0.2148,  0.1992,  0.0060],
        [ 0.0014,  0.1010, -0.1160,  0.0944,  0.1874,  0.0418,  0.0236,  0.0195,
          0.2230,  0.1036, -0.2698,  0.1195,  0.0880, -0.1506, -0.1717, -0.1177],
        [-0.2514, -0.0011,  0.1198, -0.0483,  0.1475, -0.1430,  0.1609,  0.0837,
          0.0457, -0.0189,  0.1346, -0.1363,  0.1757, -0.1292, -0.1250, -0.0210],
        [ 0.0435,  0.0379,  0.0017,  0.0916,  0.2722, -0.1001, -0.0216,  0.1060,
         -0.0451, -0.1229,  0.1206,  0.1202, -0.1425, -0.0855, -0.1480,  0.0605],
        [ 0.0377,  0.0302,  0.1714,  0.1109,  0.0977,  0.1396, -0.1076,  0.0193,
         -0.0291, -0.1079,  0.1643, -0.0745, -0.0264, -0.1201,  0.0028, -0.0670],
        [-0.1350,  0.1006,  0.0409,  0.0875, -0.0339, -0.0710,  0.1845, -0.1042,
          0.1137,  0.1115,  0.1083,  0.0602, -0.0212, -0.1200,  0.0642,  0.0506],
        [ 0.1243, -0.1346,  0.1913,  0.0632, -0.1554,  0.1787, -0.0098, -0.0862,
          0.1005, -0.0359, -0.1763,  0.1501,  0.0803, -0.1746, -0.1289, -0.1993],
        [-0.0008,  0.0722,  0.1684, -0.0173, -0.1064, -0.1085, -0.0016, -0.0407,
          0.0938, -0.1310, -0.0136, -0.0418,  0.1840,  0.1124, -0.1093, -0.1029],
        [ 0.0480,  0.0870, -0.1104,  0.0030, -0.0050,  0.1960, -0.0724,  0.0141,
         -0.0146,  0.1237, -0.2055,  0.1460, -0.0524,  0.1116, -0.0369,  0.0897],
        [-0.1570,  0.1431, -0.1259, -0.1693, -0.1664, -0.0569,  0.1331,  0.1224,
         -0.0997,  0.1783, -0.0546,  0.1672, -0.0767,  0.2541, -0.0178,  0.1799],
        [-0.2454, -0.0254,  0.1195,  0.0216,  0.0111, -0.1518,  0.0076, -0.0092,
          0.1201, -0.1343,  0.1081,  0.1819,  0.1674,  0.1491, -0.1801,  0.0375],
        [ 0.0678,  0.1948,  0.0519,  0.1111,  0.0720, -0.1486,  0.1372,  0.0024,
         -0.0387, -0.0948, -0.1095,  0.1037, -0.1366, -0.0056,  0.0778,  0.1528],
        [ 0.0691, -0.1069, -0.1631, -0.2034,  0.0021,  0.0346, -0.1500, -0.0471,
         -0.0423,  0.0959, -0.0655, -0.0340,  0.1568, -0.0137, -0.0979,  0.0592],
        [ 0.1455, -0.0193,  0.0614,  0.0486,  0.1213,  0.1521, -0.0096,  0.2050,
         -0.0585, -0.2258,  0.1267, -0.0309, -0.2254,  0.0965,  0.0143,  0.2232],
        [ 0.0026, -0.1342, -0.0699,  0.3081,  0.0775, -0.0761,  0.2141, -0.0519,
          0.1289, -0.0012,  0.1584, -0.2054,  0.1920,  0.0136,  0.0992, -0.1404],
        [ 0.0175, -0.0055, -0.2160, -0.1711,  0.0560,  0.0779,  0.0552,  0.0901,
         -0.1136,  0.0540, -0.0004, -0.1220, -0.0895,  0.1401,  0.0772,  0.0696],
        [ 0.1077,  0.1083, -0.0235, -0.0288,  0.0816, -0.1463, -0.1184,  0.1110,
          0.1016,  0.0414,  0.0619, -0.0901,  0.0530, -0.1554, -0.1069, -0.0282],
        [ 0.0161, -0.1363, -0.0480,  0.1281, -0.1549,  0.1494, -0.0323, -0.0971,
          0.0097,  0.0365, -0.0078,  0.0203,  0.0813,  0.0673, -0.1427, -0.1876],
        [ 0.0032, -0.1595,  0.1267,  0.0800, -0.1446,  0.2121, -0.1321, -0.0919,
          0.0765,  0.0411,  0.1231,  0.0209, -0.0539, -0.1002, -0.0101,  0.0406],
        [ 0.1167,  0.0921, -0.0190, -0.0288,  0.1428, -0.0153, -0.1726,  0.1603,
          0.1240, -0.1531,  0.1618,  0.0774, -0.0286,  0.0922, -0.2420,  0.1465]],
       device='cuda:0')), ('bn3.weight', tensor([1., 1., 1., 1., 1., 1., 1., 1., 1., 1., 1., 1., 1., 1., 1., 1., 1., 1.,
        1., 1., 1., 1., 1., 1., 1., 1., 1., 1., 1., 1., 1., 1.],
       device='cuda:0')), ('bn3.bias', tensor([0., 0., 0., 0., 0., 0., 0., 0., 0., 0., 0., 0., 0., 0., 0., 0., 0., 0., 0., 0., 0., 0., 0., 0.,
        0., 0., 0., 0., 0., 0., 0., 0.], device='cuda:0')), ('bn3.running_mean', tensor([0., 0., 0., 0., 0., 0., 0., 0., 0., 0., 0., 0., 0., 0., 0., 0., 0., 0., 0., 0., 0., 0., 0., 0.,
        0., 0., 0., 0., 0., 0., 0., 0.], device='cuda:0')), ('bn3.running_var', tensor([1., 1., 1., 1., 1., 1., 1., 1., 1., 1., 1., 1., 1., 1., 1., 1., 1., 1.,
        1., 1., 1., 1., 1., 1., 1., 1., 1., 1., 1., 1., 1., 1.],
       device='cuda:0')), ('bn3.num_batches_tracked', tensor(0, device='cuda:0'))])