OrderedDict([('conv1.bias', tensor([-5.8716e-09,  9.2398e-09,  9.5760e-07,  1.4604e-08, -3.1785e-09,
         5.7184e-10, -4.3936e-09, -9.0113e-09], device='cuda:0')), ('conv1.lin.weight', tensor([[-6.3609e-06,  8.5096e-07,  1.2437e-06,  1.7038e-06,  2.0723e-06,
         -2.6295e-04, -1.6144e-09, -3.9965e-42,  5.2753e-06,  7.0190e-33,
         -1.6550e-05, -3.0361e-05, -3.7922e-03,  2.1790e-04, -2.2049e-04,
         -1.0501e-01, -2.0957e-03,  5.3081e-05, -2.2619e-03, -8.7746e-04,
         -2.4573e-03, -5.3695e-03, -6.9153e-04,  7.8492e-05,  7.5961e-04,
          2.8849e-06, -4.5624e-05, -8.0060e-04,  1.3593e-05, -2.9503e-06,
          9.0344e-05,  3.2434e-03, -1.1642e-05, -2.2369e-04, -2.7349e-05,
         -4.0295e-05,  5.0601e-42, -2.3562e-04,  1.9604e-02,  2.3314e-01,
          1.5716e-04,  9.2065e-04, -2.5907e-03,  5.2673e-02, -1.8022e-01,
         -6.8510e-06,  2.6661e-03,  1.1428e-01,  5.6365e-04,  5.2921e-05,
         -8.4743e-06,  1.2514e-15,  5.0956e-17,  5.9765e-42,  7.2573e-42,
         -1.3861e-05, -2.0103e-05,  2.2166e-06,  6.1438e-06, -1.9628e-05,
         -1.2543e-05,  7.5612e-04, -3.7628e-03,  2.8790e-02,  3.7508e-02,
          6.8616e-03,  5.8833e-02,  7.6992e-05],
        [ 9.1701e-05, -1.8343e-04,  1.7374e-05, -6.4631e-05, -2.2766e-05,
         -5.6449e-04,  4.3791e-42,  4.0601e-10, -4.0652e-42,  4.7644e-44,
         -2.3630e-04, -1.1916e-01,  2.7247e-02,  1.9227e-03, -6.6676e-04,
         -1.3910e-01,  5.2753e-03,  1.3598e-02, -6.5800e-03, -5.6978e-03,
         -4.3170e-02,  1.3591e-02,  5.7500e-02, -2.5518e-04,  5.8943e-04,
         -2.7473e-04, -4.4614e-04, -7.0602e-04, -2.7417e-05,  2.3298e-04,
         -4.6129e-04, -1.2736e-02,  3.8829e-04, -1.4086e-04, -1.9924e-04,
         -1.7969e-04, -4.5192e-42,  9.2849e-04,  1.7648e-02, -9.0485e-02,
          7.9010e-04,  1.7422e-03, -2.5950e-03,  4.8598e-03,  8.8567e-03,
         -3.2595e-05,  7.6092e-03, -8.7400e-02,  1.4900e-03, -4.1615e-04,
         -5.7508e-04,  2.0876e-13,  3.3519e-42, -3.0086e-42, -3.8446e-18,
         -3.1213e-04, -2.7564e-04, -2.3407e-05, -7.4417e-05, -8.1552e-05,
          2.6927e-05, -2.1552e-02,  9.0590e-03, -2.0539e-02, -1.2910e-01,
         -1.9256e-01, -2.0064e-02, -8.9777e-06],
        [ 6.1361e-05,  1.6244e-05, -2.0832e-05,  1.9970e-05,  3.1735e-07,
          6.7691e-05,  6.8032e-07,  1.5470e-42, -5.9555e-43,  3.2468e-12,
          1.0071e-04, -6.9129e-04, -9.7500e-04, -6.9664e-05,  2.6111e-04,
          1.1595e-01,  6.9699e-04,  3.5722e-04, -3.2311e-04, -5.5916e-04,
          1.1701e-03,  7.5017e-04,  2.9017e-04, -2.7266e-04, -9.7274e-05,
         -1.3785e-04,  9.2155e-05,  3.2521e-04, -8.1727e-06,  8.1420e-05,
          6.4001e-05,  3.1047e-03, -3.1549e-05, -1.7128e-04,  4.5211e-05,
         -9.7006e-05,  6.9854e-17,  1.7128e-04, -1.2239e-01,  2.4894e-01,
          1.2253e-05,  1.7693e-04, -5.4621e-07, -3.0588e-02, -4.4038e-02,
         -5.8971e-05, -5.7730e-04,  1.9199e-01,  4.0359e-05, -7.3661e-05,
         -7.9615e-06,  5.4917e-42,  5.8666e-17,  1.1044e-15,  1.0412e-42,
          3.7508e-05,  3.8261e-05,  1.5078e-04, -7.1179e-05, -7.8651e-05,
          1.4942e-05, -2.0101e-04,  1.8101e-03,  4.2080e-02,  6.5384e-03,
         -5.8231e-02,  3.3712e-02,  1.5938e-07],
        [ 2.0967e-05, -5.9636e-05, -1.0073e-05, -5.2813e-05,  3.9618e-06,
         -1.3853e-04,  3.1898e-11,  8.2008e-10,  1.8441e-42,  1.8063e-42,
          3.2480e-05, -1.6406e-03,  5.8213e-02,  2.7716e-04, -9.9601e-04,
          2.0661e-02,  1.8861e-03, -1.1169e-03, -3.3942e-03, -2.3867e-03,
          8.7426e-04,  3.0560e-03, -9.5375e-04, -4.4032e-05, -1.6165e-04,
         -2.1786e-04, -2.4849e-05, -1.0578e-05, -5.2516e-05, -6.1462e-05,
          2.5515e-05, -9.5219e-04,  1.6354e-04,  2.1824e-04, -6.7682e-05,
         -1.3878e-04, -1.5391e-12, -2.6292e-04,  1.2120e-01,  1.5488e-01,
          4.5287e-04,  3.8810e-04, -8.4167e-05, -7.9688e-02,  2.2110e-02,
         -1.1754e-04, -5.1613e-04,  5.7972e-02, -3.9626e-04, -6.4253e-05,
         -3.1399e-04,  1.1399e-07,  1.4080e-05, -4.2765e-14, -1.4770e-42,
         -1.6822e-04, -2.4391e-04,  4.0219e-05, -4.7873e-05, -1.2946e-04,
          2.2030e-05, -3.4867e-03, -1.8965e-03, -2.1725e-03, -3.8963e-03,
          2.6512e-04,  1.5964e-02, -9.5920e-05],
        [ 1.3950e-04,  9.1854e-06,  4.7030e-05,  1.9969e-05,  9.3722e-07,
         -4.2429e-04,  3.2976e-11, -1.6376e-23,  5.6524e-08, -6.0328e-14,
         -5.3883e-05,  4.0492e-03, -3.9708e-05, -6.2522e-04,  4.6622e-04,
          1.6651e-01, -3.9856e-04,  2.4632e-03,  3.0315e-03,  1.0806e-03,
          1.4159e-03, -3.2698e-03,  3.0012e-03,  7.6298e-05,  8.6188e-04,
         -3.2465e-05,  6.0218e-05,  4.5953e-05, -3.6917e-06, -2.0986e-04,
          2.3376e-04,  7.2288e-03, -4.3391e-04, -4.2791e-04,  2.7089e-04,
          2.1582e-04,  9.3522e-17,  3.7066e-05, -3.5245e-02, -3.7547e-02,
         -4.3118e-04, -1.2907e-03, -3.6817e-04,  1.8670e-01, -6.0918e-02,
         -2.6254e-04,  5.1116e-04,  9.7827e-02, -2.7768e-04,  3.2868e-04,
          3.1549e-04,  1.8287e-42,  8.8562e-42,  2.8704e-13,  3.0128e-43,
          1.5151e-04,  1.6267e-04,  3.4733e-05,  2.0599e-04,  2.0319e-05,
         -5.6012e-05,  9.0799e-03,  2.4736e-03,  8.4227e-03,  9.6436e-03,
          2.0262e-02,  1.8343e-03,  7.7050e-05],
        [-2.1852e-05,  1.0832e-05,  8.8909e-06, -1.5101e-05,  8.8876e-06,
         -6.0768e-05, -2.0554e-23, -5.2507e-42, -1.6924e-05, -6.8437e-12,
          1.0995e-04,  1.9793e-05,  1.0563e-02, -6.0040e-05, -1.1645e-05,
          9.2422e-02,  1.9263e-05, -1.3574e-05, -7.0381e-04,  1.1522e-03,
          3.3025e-04, -9.6642e-04,  1.0185e-03,  6.7535e-05,  4.5466e-05,
          6.6967e-05, -4.5601e-06,  8.6566e-05, -1.2826e-05, -3.2881e-05,
         -2.6277e-04,  2.5473e-03,  1.4191e-05,  9.8201e-05, -3.2909e-05,
          3.0770e-04,  9.1511e-07, -7.5230e-05, -8.8084e-02,  2.5873e-01,
          2.8181e-04,  1.5446e-04, -3.1346e-04,  2.9748e-02, -1.7974e-02,
         -1.2290e-04, -1.6647e-03,  1.7696e-01, -1.7126e-04, -6.6024e-05,
          2.9784e-05, -5.6683e-42,  1.9504e-11, -4.2271e-09,  1.7416e-17,
         -1.1306e-04, -1.2502e-04,  2.7253e-05, -8.7699e-05, -1.3345e-05,
         -3.1945e-05, -5.7124e-04,  3.2394e-03,  2.7074e-03,  3.4695e-03,
         -4.9650e-02,  4.7022e-02, -1.0246e-04],
        [-1.4390e-05,  5.7376e-05,  2.7507e-05, -5.4650e-06,  4.0287e-06,
          8.6593e-04,  2.4369e-42, -1.6357e-15, -1.7902e-09,  2.1401e-15,
          1.6689e-05, -1.6850e-05, -1.4808e-02, -2.6136e-04,  1.7762e-04,
          1.5673e-02,  1.9586e-03, -3.5685e-05, -2.1183e-03, -4.6331e-05,
          1.2343e-03, -2.8807e-03,  2.1192e-03,  3.0441e-05,  7.3686e-04,
         -1.8854e-05,  1.5731e-05, -3.8286e-04, -6.9196e-06, -9.5207e-06,
         -9.0116e-04,  5.5152e-03,  2.5431e-04, -3.3799e-04,  5.6171e-05,
         -1.2584e-04, -1.0284e-41,  4.6869e-04, -2.0384e-02,  8.9549e-02,
         -7.0517e-04,  1.1792e-03, -2.9710e-03, -1.1194e-01,  2.1991e-01,
          2.0954e-04, -4.4355e-04,  1.1121e-01, -8.5798e-04, -1.7836e-04,
          4.7088e-05,  7.1116e-42, -7.4415e-39, -5.3240e-16, -2.9114e-24,
         -5.9566e-05,  8.2469e-06, -2.2866e-05, -6.6796e-05,  8.0076e-05,
         -1.1952e-05,  8.3131e-03,  8.8426e-03,  6.6754e-02,  9.6357e-02,
         -8.0980e-03,  5.3361e-02,  7.0524e-05],
        [-6.5497e-05, -1.3855e-05, -5.7206e-05, -1.0235e-06, -1.0189e-05,
          8.2900e-05,  3.1557e-42, -2.6559e-08,  1.0577e-41,  1.9597e-13,
          1.1587e-05,  2.4855e-04,  1.5893e-03,  6.0247e-04,  4.6975e-04,
          2.4154e-01,  2.6526e-04,  2.4769e-04,  2.0607e-03, -2.0813e-04,
          7.8204e-05, -1.6550e-04,  1.8062e-03,  9.1265e-05,  4.4626e-04,
          1.2801e-04,  2.5485e-05, -4.7575e-05,  3.7621e-05, -1.3612e-04,
         -3.0764e-04,  2.3140e-03, -1.1012e-04, -2.6020e-04,  3.7568e-05,
         -1.5696e-05,  3.5537e-42, -2.8187e-04, -1.3727e-01, -1.2159e-02,
         -2.7391e-04, -5.9632e-04, -6.1882e-04, -3.0288e-02,  5.7197e-02,
          2.7373e-04,  8.5697e-04,  2.4940e-01, -2.1660e-05,  1.0234e-04,
         -9.0653e-05,  1.9999e-22, -6.1445e-11, -1.9044e-42,  5.8577e-15,
          2.6503e-04,  7.3130e-05, -1.0729e-06,  2.9027e-04, -1.0700e-04,
         -5.4660e-05,  3.4525e-03,  1.8497e-03, -1.4865e-03, -3.4181e-03,
          1.5351e-02, -2.6815e-02,  1.2777e-04]], device='cuda:0')), ('conv1.aggr.t', tensor([1.], device='cuda:0')), ('bn1.weight', tensor([0.7407, 0.8968, 0.7920, 1.0840, 0.7832, 0.8358, 0.9314, 0.6996],
       device='cuda:0')), ('bn1.bias', tensor([0.0516, 0.0221, 0.0390, 0.1363, 0.1496, 0.1153, 0.1006, 0.0521],
       device='cuda:0')), ('bn1.running_mean', tensor([ 768.9913, -733.7691,  921.4132,  686.5936,  387.6693, 1046.1653,
         773.2493,  411.9394], device='cuda:0')), ('bn1.running_var', tensor([2611336.5000,  943147.1250, 2821575.5000,  925996.6250,  961984.6875,
        2917554.7500, 1334399.0000, 3046268.2500], device='cuda:0')), ('bn1.num_batches_tracked', tensor(47024, device='cuda:0')), ('conv2.bias', tensor([ 5.4355e-08,  9.8519e-07, -1.5283e-07, -2.8733e-06, -2.0274e-06,
         1.8982e-06,  5.5346e-07, -1.2616e-06, -9.0753e-07, -1.4909e-06,
        -8.0536e-07, -2.6473e-07,  6.3652e-07, -4.0989e-07, -1.5545e-06,
        -5.4018e-07], device='cuda:0')), ('conv2.lin.weight', tensor([[ 0.2828,  0.1548,  0.3558,  0.1504,  0.0842,  0.1433,  0.5317, -0.2792],
        [ 0.2099, -0.3550,  0.3601,  0.2135,  0.0117,  0.1196,  0.1775, -0.1867],
        [-0.1764,  0.2926,  0.2159, -0.0752, -0.3607, -0.0772,  0.2884, -0.0928],
        [-0.4052,  0.3688,  0.2564,  0.0960, -0.3016, -0.2139,  0.3239, -0.1002],
        [ 0.0954,  0.0063, -0.1139,  0.3125, -0.2365, -0.1962,  0.2965,  0.1838],
        [-0.2589,  0.1173, -0.2853,  0.1049, -0.1651,  0.3471,  0.1713, -0.1116],
        [-0.0382,  0.2194, -0.2498, -0.2453, -0.0289,  0.1669, -0.2646, -0.0153],
        [ 0.1910,  0.0704, -0.1563, -0.2771,  0.1197, -0.3564, -0.2516, -0.0629],
        [ 0.0927,  0.0637,  0.3490,  0.3632, -0.2506,  0.2611, -0.2096,  0.2299],
        [ 0.1214, -0.2658, -0.2621, -0.2631,  0.3334, -0.0579, -0.3115, -0.2691],
        [-0.0451,  0.1535, -0.2470,  0.1423, -0.1337, -0.2753, -0.1770,  0.1709],
        [ 0.1058,  0.0379,  0.2583, -0.3515,  0.0815, -0.3107, -0.2140,  0.0259],
        [-0.1695, -0.0209,  0.2251,  0.1617, -0.0930,  0.3134,  0.1487, -0.1400],
        [ 0.3604, -0.2211, -0.2022, -0.4262,  0.2026, -0.0575, -0.3354,  0.2489],
        [ 0.1286,  0.1516, -0.3462, -0.4482,  0.2005, -0.1062,  0.0586, -0.0677],
        [-0.0727, -0.2824, -0.3367, -0.3266, -0.0483, -0.3582,  0.0472, -0.0006]],
       device='cuda:0')), ('conv2.aggr.t', tensor([1.], device='cuda:0')), ('bn2.weight', tensor([0.8614, 0.8205, 0.6752, 0.7415, 0.6486, 0.6295, 0.7181, 0.7871, 0.7161,
        0.8049, 0.7641, 0.6837, 0.8029, 0.7287, 0.7318, 0.8737],
       device='cuda:0')), ('bn2.bias', tensor([ 0.2360,  0.0516,  0.2069, -0.1876, -0.0146,  0.1780,  0.2197, -0.4308,
        -0.5914,  0.0490,  0.1044,  0.3345, -0.4316,  0.1132, -0.7803, -0.1418],
       device='cuda:0')), ('bn2.running_mean', tensor([ 0.5204,  0.2166,  0.0264,  0.0580,  0.1481,  0.0325, -0.1803, -0.2952,
         0.3078, -0.3536, -0.1404, -0.1940,  0.1910, -0.2473, -0.1894, -0.4885],
       device='cuda:0')), ('bn2.running_var', tensor([0.7319, 0.4521, 0.1541, 0.2006, 0.2060, 0.1176, 0.2400, 0.3620, 0.3879,
        0.3000, 0.2031, 0.2565, 0.1976, 0.3717, 0.3612, 0.4302],
       device='cuda:0')), ('bn2.num_batches_tracked', tensor(47024, device='cuda:0')), ('conv3.bias', tensor([-2.1182e-07, -1.3811e-06, -1.1557e-06, -3.4477e-07, -1.0956e-06,
        -7.2476e-07, -1.0491e-07, -1.0508e-06,  9.4718e-07,  5.6708e-06,
         1.0084e-06,  9.0117e-07, -3.7063e-06,  1.3014e-07,  9.4849e-07,
        -3.2125e-06, -1.9569e-06,  1.7984e-06,  1.1577e-06,  2.0310e-06,
         3.9611e-07, -5.7626e-07, -8.8003e-07, -2.5010e-06, -1.6080e-06,
        -7.2533e-07,  1.7233e-07, -2.3002e-06, -9.5085e-07, -4.9875e-07,
        -2.4299e-06, -2.2451e-06], device='cuda:0')), ('conv3.lin.weight', tensor([[ 1.6693e-01,  6.0412e-03, -3.4153e-02, -7.9720e-02, -4.1500e-02,
          8.2055e-04, -5.2043e-02, -2.0232e-01, -1.2925e-01,  9.4213e-02,
          2.2164e-02,  6.3107e-02, -1.6125e-01, -1.9849e-01, -1.1760e-01,
          1.8697e-01],
        [ 1.0328e-01,  9.5660e-02, -8.4136e-02,  1.1038e-01,  5.9628e-02,
         -2.1415e-01,  2.0985e-01,  7.3772e-03,  3.5782e-02,  1.3545e-01,
          2.5696e-01, -6.8887e-02,  2.0751e-01, -1.6938e-01,  3.1564e-01,
         -1.1864e-01],
        [-1.1488e-01,  2.2103e-01, -1.6967e-01,  1.6701e-01, -1.5171e-01,
         -5.7322e-02, -8.2964e-02,  1.9018e-01,  2.1705e-01, -1.8993e-01,
         -1.0131e-01, -1.4164e-01, -2.7807e-02, -7.2609e-02,  3.3558e-01,
          1.2072e-01],
        [ 1.1190e-01, -1.7642e-01, -1.4873e-01, -6.1972e-02, -8.2465e-02,
          1.3735e-01, -1.7707e-01,  1.0013e-01,  1.2818e-01, -5.9371e-02,
         -2.3794e-03, -6.3386e-02, -2.2175e-02, -1.5917e-01,  1.3095e-01,
          2.0511e-01],
        [ 1.4483e-01,  9.1718e-02,  1.2569e-01, -1.2563e-01,  2.9553e-02,
          5.8846e-02,  1.1226e-01,  2.3963e-02, -4.7323e-02, -4.7644e-02,
          1.2446e-01, -4.0755e-02,  3.3349e-02,  1.4716e-01,  4.8769e-02,
          5.8600e-02],
        [-2.2036e-01, -3.3701e-02,  4.1010e-02, -9.6573e-02,  8.0486e-02,
          1.0017e-01, -2.2058e-01,  8.5862e-02, -3.4155e-02, -2.6718e-01,
         -1.9467e-01,  1.3264e-02, -4.0793e-02,  1.2849e-01, -7.9637e-02,
          1.0240e-01],
        [ 1.4870e-01,  5.3277e-02,  1.8078e-01, -7.8535e-02, -1.2563e-01,
          1.4897e-01, -1.9633e-01,  2.1808e-01, -1.0967e-01, -8.7921e-02,
          1.3811e-01,  1.2349e-01,  1.5498e-01,  1.7826e-01, -1.8014e-01,
          6.3481e-02],
        [-2.6073e-01,  4.3776e-02,  1.1074e-01, -1.0788e-01,  6.9123e-02,
         -4.4577e-02, -1.5373e-01,  6.6354e-02,  4.5605e-02,  5.3080e-03,
         -5.0906e-02, -2.8686e-01, -1.7789e-01, -2.5065e-02,  2.0666e-01,
         -2.2224e-01],
        [-1.4490e-03, -1.5782e-01,  1.8517e-01, -1.2607e-01,  3.6452e-02,
         -1.6554e-01, -2.5462e-02,  1.8813e-01,  3.0793e-01,  1.0381e-01,
         -1.5234e-01, -1.9394e-01,  1.5403e-01, -2.2990e-01,  1.8284e-01,
          1.8532e-01],
        [ 4.7756e-02, -1.0327e-01,  5.0814e-02,  9.1308e-02, -1.3189e-01,
          1.6467e-01, -3.9743e-02, -2.4293e-03,  6.9020e-02,  1.4938e-01,
         -1.7584e-01,  4.4216e-02, -1.4082e-01,  1.1253e-01, -1.6524e-01,
         -7.1578e-02],
        [ 8.9192e-02,  4.8577e-02, -1.8562e-01,  1.3873e-01,  1.3254e-01,
          4.9089e-02,  4.4756e-02,  1.7360e-01,  7.9762e-02,  1.4103e-01,
         -1.4700e-01, -2.6755e-02, -6.6130e-02, -7.8981e-03,  8.5291e-03,
         -1.1121e-01],
        [-1.8148e-01, -1.4390e-01, -8.8410e-02,  8.8238e-02, -2.0580e-02,
         -9.1046e-03, -1.6300e-01,  8.0685e-02,  1.1234e-01,  4.7851e-02,
         -2.8734e-02, -7.4508e-02,  2.3179e-01,  8.9021e-02,  3.8067e-02,
          3.8591e-02],
        [-3.6408e-02,  7.7258e-02, -7.4639e-02,  5.9945e-02,  1.0755e-01,
         -3.1282e-03,  1.6840e-01, -1.3371e-01, -2.1558e-01, -7.6980e-02,
         -8.0611e-02, -9.2569e-03, -8.2799e-02,  9.2767e-02, -3.7001e-02,
         -1.8881e-01],
        [ 5.3783e-03, -2.0399e-01, -1.4321e-01,  2.4109e-01,  8.2011e-03,
          6.7695e-02, -2.4257e-01,  2.7064e-01,  1.1865e-01, -2.4318e-02,
         -1.5677e-01, -1.1332e-01,  9.8279e-02,  2.1227e-01,  2.3557e-01,
         -1.9282e-01],
        [ 2.2255e-01,  4.4171e-02,  6.6482e-02,  2.0050e-02, -2.2286e-01,
          1.0158e-01, -2.3060e-02, -5.0296e-02,  1.8192e-01,  8.0051e-02,
          1.8385e-01,  1.0677e-01, -2.8841e-01, -1.3464e-01,  8.0528e-02,
         -1.9251e-01],
        [ 2.4532e-01, -1.2347e-01, -3.2836e-02, -1.7163e-01, -1.8038e-01,
         -4.9539e-02,  3.7005e-02,  1.5309e-01,  1.3906e-01,  2.1502e-04,
          2.3723e-02, -1.6817e-01, -5.2944e-02, -2.9185e-01,  1.7415e-01,
          4.7110e-02],
        [-5.9356e-03,  1.4981e-02, -1.2528e-02,  4.1248e-02, -1.1041e-01,
          4.7832e-02,  1.6115e-01, -1.8754e-01, -1.7519e-01, -1.6345e-01,
         -1.4946e-01, -1.1524e-01, -2.8087e-01,  1.0015e-01, -1.0033e-01,
         -4.7624e-02],
        [ 3.7512e-02,  1.0006e-01, -5.6452e-02, -1.2318e-01, -1.1281e-01,
         -9.2532e-02, -6.2429e-02, -5.6189e-03, -1.2813e-01, -3.9614e-02,
         -2.5240e-03,  1.8083e-02, -1.0977e-01, -2.0498e-01, -1.5253e-01,
          1.8439e-01],
        [ 2.3668e-01, -6.8405e-02, -8.6118e-02,  1.6015e-01,  1.5144e-01,
          1.1810e-01,  1.1437e-01,  2.2920e-01, -5.9859e-02,  1.0761e-01,
         -5.7347e-02,  2.0941e-01, -4.2840e-02,  4.5346e-02, -1.3056e-01,
         -1.6041e-01],
        [-1.8737e-01, -1.2062e-01, -4.6538e-02,  4.0560e-02, -1.3086e-01,
         -5.7436e-02, -2.1016e-01,  9.2286e-02,  2.4657e-01, -6.3762e-02,
         -1.6372e-01, -1.8068e-02,  4.3698e-02, -1.1604e-01,  1.8213e-01,
          7.1690e-02],
        [ 9.2634e-02, -3.2514e-01,  2.3517e-02,  8.1701e-02, -3.9680e-03,
         -1.0170e-01, -1.9653e-01, -9.4349e-02,  1.7324e-02,  8.2503e-02,
         -1.4829e-01,  2.6757e-02, -2.4694e-01,  2.9453e-03, -1.1532e-01,
         -9.3900e-02],
        [-2.3833e-01, -1.8823e-02,  1.3559e-01, -1.2501e-01,  2.3759e-01,
         -9.5263e-03, -8.2362e-02,  1.7926e-01,  3.5283e-01,  1.8557e-01,
         -2.8888e-01, -7.3740e-02,  1.2025e-01, -1.2234e-01,  1.3842e-01,
          1.9008e-01],
        [ 2.1138e-01, -1.2530e-03, -5.0148e-02,  6.1480e-02, -7.1114e-03,
         -2.8375e-03,  1.6224e-01, -1.4714e-01,  5.8812e-02, -1.7004e-01,
          1.3161e-01, -6.2069e-02, -2.4489e-01,  1.5219e-01,  1.6370e-01,
         -3.6548e-02],
        [ 8.7726e-02, -6.2207e-02, -1.1986e-01,  1.6153e-01,  6.1813e-02,
         -9.2239e-02, -3.0490e-02, -8.6012e-02, -3.2214e-02,  1.1936e-01,
         -7.7924e-02, -4.0983e-02, -2.3642e-01, -5.7498e-02,  1.3023e-01,
         -1.1226e-01],
        [-1.3252e-02,  1.6731e-01,  1.2009e-01, -1.1286e-01,  1.6498e-01,
          1.2003e-01,  8.2669e-02,  1.1110e-01,  1.2343e-01, -9.8562e-02,
          6.7652e-02,  8.2464e-02, -1.2537e-01,  1.3576e-01,  1.1783e-01,
         -1.2007e-01],
        [-1.5386e-03,  7.5596e-02,  6.1771e-03, -2.9087e-02, -1.4009e-01,
         -9.8156e-02, -9.4847e-03, -9.2003e-02,  4.8196e-02, -7.8043e-02,
          1.2498e-01, -8.2764e-02,  6.8683e-02,  2.0103e-01,  9.0073e-02,
          7.9665e-02],
        [ 2.2478e-03,  2.6513e-01,  4.9977e-03, -1.7613e-02,  4.8966e-02,
          1.6417e-01, -9.2741e-02,  2.5177e-02,  8.1494e-02,  2.2517e-01,
          3.5626e-02,  1.2500e-01, -1.4975e-01, -2.4935e-03, -1.1875e-01,
          1.3204e-01],
        [ 1.0340e-02, -6.5868e-02, -3.1303e-02,  4.5184e-02, -1.0661e-01,
          1.2939e-01, -2.3906e-02, -2.2267e-01, -1.2138e-01,  1.0470e-01,
         -1.0501e-01, -3.0451e-03, -2.4944e-01, -1.3373e-01, -1.2525e-02,
         -7.3879e-02],
        [ 1.7258e-01, -1.9077e-02,  1.6900e-01, -2.1666e-01, -6.3237e-02,
         -7.0739e-02,  1.6230e-01, -4.4238e-03,  1.3679e-01, -2.3831e-02,
         -5.3358e-02,  1.0755e-02, -1.3429e-01, -1.5385e-02, -2.5725e-01,
          2.1669e-01],
        [ 1.9602e-01, -2.2090e-01,  1.6336e-01, -3.3476e-01, -2.0520e-01,
         -1.6208e-01,  5.0383e-02,  2.1892e-01, -2.2559e-01, -2.5067e-01,
          7.5771e-02, -1.0478e-01,  4.7331e-03, -1.5521e-01, -7.9988e-02,
         -2.0593e-01],
        [ 1.4124e-01,  1.0742e-01, -1.5015e-01,  1.1618e-01, -6.3596e-02,
         -9.3198e-02,  8.5080e-02,  1.1159e-01,  2.3323e-01, -1.7886e-02,
         -1.0674e-02, -4.8746e-02,  2.0506e-01, -8.6697e-02,  2.5584e-01,
          2.6546e-01],
        [-1.7419e-01,  1.9839e-01,  1.7904e-01, -1.4531e-01, -4.8297e-02,
          1.1630e-01, -1.0703e-01,  3.7217e-02, -2.8769e-02,  2.6864e-01,
         -4.2795e-02, -4.7834e-03, -5.3964e-02, -6.3277e-02, -1.0922e-01,
         -6.6713e-02]], device='cuda:0')), ('bn3.weight', tensor([1., 1., 1., 1., 1., 1., 1., 1., 1., 1., 1., 1., 1., 1., 1., 1., 1., 1.,
        1., 1., 1., 1., 1., 1., 1., 1., 1., 1., 1., 1., 1., 1.],
       device='cuda:0')), ('bn3.bias', tensor([0., 0., 0., 0., 0., 0., 0., 0., 0., 0., 0., 0., 0., 0., 0., 0., 0., 0., 0., 0., 0., 0., 0., 0.,
        0., 0., 0., 0., 0., 0., 0., 0.], device='cuda:0')), ('bn3.running_mean', tensor([0., 0., 0., 0., 0., 0., 0., 0., 0., 0., 0., 0., 0., 0., 0., 0., 0., 0., 0., 0., 0., 0., 0., 0.,
        0., 0., 0., 0., 0., 0., 0., 0.], device='cuda:0')), ('bn3.running_var', tensor([1., 1., 1., 1., 1., 1., 1., 1., 1., 1., 1., 1., 1., 1., 1., 1., 1., 1.,
        1., 1., 1., 1., 1., 1., 1., 1., 1., 1., 1., 1., 1., 1.],
       device='cuda:0')), ('bn3.num_batches_tracked', tensor(0, device='cuda:0'))])