OrderedDict([('conv1.bias', tensor([-2.6670e-06, -7.6827e-06, -4.6738e-07, -1.2008e-06, -4.1385e-07,
         1.0455e-06,  3.0547e-07, -1.8019e-08], device='cuda:0')), ('conv1.lin.weight', tensor([[ 9.2382e-05,  1.1606e-04, -2.5160e-04, -4.8497e-05,  6.0065e-05,
         -8.6694e-04,  1.2665e-13, -1.5498e-42,  5.2684e-27, -5.1691e-15,
          1.0823e-04, -7.7311e-03, -2.1482e-02, -2.1928e-03, -1.5682e-03,
         -8.2637e-03, -6.6299e-03, -3.8579e-03, -9.1583e-03, -8.9583e-03,
         -6.3312e-03, -5.4802e-03, -8.5062e-03, -1.4108e-04, -1.0070e-03,
         -4.1827e-04,  4.5667e-04, -1.9260e-03,  4.3452e-05, -4.1829e-04,
         -1.6545e-03,  1.9472e-04, -9.4439e-04,  1.3542e-03, -5.1192e-04,
         -6.0270e-04,  4.9045e-44, -2.1665e-03,  3.2719e-02,  1.3613e-01,
          5.5626e-05, -3.4047e-03, -2.8438e-03,  3.3802e-03, -7.2221e-02,
         -4.6259e-04, -1.1348e-02,  5.5277e-02, -1.7323e-03, -5.2334e-04,
         -6.1763e-04,  5.4763e-42, -5.8827e-42,  2.8533e-13, -1.1247e-41,
         -5.4373e-04, -3.6925e-04,  9.2365e-05, -3.8272e-04, -3.8272e-04,
         -1.2163e-04,  3.3239e-04, -1.8532e-02, -2.0542e-02, -2.3432e-02,
         -4.4135e-02, -5.7054e-02, -9.6335e-05],
        [ 6.9867e-05, -4.8933e-05,  1.9764e-04,  1.7696e-04, -4.8379e-06,
         -6.9705e-05,  3.5617e-33, -2.3731e-16,  5.7313e-42, -2.3924e-16,
          5.8149e-05, -1.5570e-03, -3.4525e-03, -1.0674e-04, -2.5132e-04,
          3.1245e-02, -7.1416e-04, -9.0876e-04, -1.9411e-03, -1.8842e-03,
         -3.9888e-04, -2.4602e-04, -1.8863e-03, -5.4363e-05, -1.9358e-04,
          1.4022e-04,  9.4173e-05,  4.2925e-05, -4.1384e-05,  1.4021e-04,
          1.8417e-04, -1.6368e-03, -4.8321e-05,  1.3637e-04,  7.0395e-05,
          1.1003e-04,  3.1595e-16,  3.8359e-04,  2.6723e-01,  2.6893e-01,
          1.2254e-04, -2.6016e-04, -1.1194e-04, -1.0229e-01, -9.1831e-02,
          2.7651e-04, -8.8578e-04,  1.3098e-01,  4.2867e-05, -6.9408e-05,
         -3.1948e-05,  3.8550e-14, -4.7835e-12,  3.9713e-42, -2.1151e-14,
         -6.8159e-05, -2.3209e-05,  6.9868e-05, -1.8801e-05, -1.8800e-05,
         -3.0459e-05, -1.6479e-03, -3.9914e-03, -4.0313e-03, -3.9676e-03,
         -1.0291e-02,  9.8213e-02, -3.1132e-05],
        [ 8.9064e-05,  1.9129e-05,  6.1849e-05, -4.8661e-05, -2.4880e-05,
          1.4330e-03, -1.2612e-43,  4.7825e-07, -7.0689e-32, -3.1796e-09,
         -3.9317e-02, -4.4345e-03,  3.5079e-02,  2.9501e-03,  3.2209e-03,
          3.0649e-03,  7.4262e-03,  7.5915e-03,  1.1033e-02,  1.1656e-02,
          1.3938e-02,  1.3193e-02,  1.0065e-02,  2.0124e-04,  1.8738e-03,
          3.4518e-04,  1.0586e-04,  4.0838e-03, -2.0086e-04,  3.4518e-04,
          2.3790e-03, -9.4479e-02,  5.3134e-05, -1.1228e-03,  3.1371e-04,
          4.5249e-04, -6.8678e-42,  2.1115e-03,  9.3175e-02, -1.0050e-01,
         -1.6502e-05,  4.7438e-03,  5.4358e-03,  4.9339e-02,  1.4076e-02,
          1.0847e-03,  1.8596e-02,  6.6217e-02,  3.0362e-03,  4.3646e-04,
          9.6520e-04,  1.9465e-11,  4.5374e-42, -8.2817e-42,  7.4647e-42,
          4.4849e-04,  5.6441e-04,  8.9064e-05,  1.4319e-04,  1.4319e-04,
         -1.2493e-04,  1.6758e-02,  2.7127e-02,  3.5617e-02,  3.9272e-02,
          8.6427e-02, -1.3842e-02,  1.4609e-04],
        [-1.8653e-04, -7.9818e-05,  3.4801e-03, -3.7071e-03,  1.8139e-03,
          2.8305e-03,  2.1849e-10, -1.4113e-40, -3.7681e-42, -6.8197e-27,
         -4.4010e-02, -4.2631e-02,  5.6196e-02,  8.9716e-03,  6.6316e-03,
         -2.2652e-01, -4.5758e-02, -2.6399e-03, -1.7922e-02, -1.2460e-02,
         -2.5999e-02, -3.4410e-02,  1.8608e-02, -4.3674e-04, -9.0598e-04,
         -2.8398e-04, -6.2829e-03,  1.6362e-04, -1.6688e-04, -2.8398e-04,
          7.0784e-03, -3.0453e-02,  1.4878e-02, -5.7195e-03,  1.6484e-03,
          2.1731e-03,  2.6344e-42,  1.8597e-02, -1.1473e-01,  6.8887e-02,
         -7.6328e-03, -5.3374e-03, -5.5045e-03,  1.2943e-01,  1.3437e-01,
         -6.8057e-03, -2.8451e-03, -1.4462e-01, -1.2472e-02,  2.3134e-03,
          1.2873e-03,  2.4004e-26,  7.7450e-42, -3.5889e-34, -4.9803e-13,
          2.8932e-03,  3.5862e-04, -1.8653e-04,  4.7227e-04,  4.7227e-04,
         -5.2932e-04,  3.8091e-03,  1.8459e-02,  9.9242e-02,  4.6876e-02,
          1.2023e-01,  8.3361e-02,  6.4559e-04],
        [-6.5016e-05, -2.6128e-04,  1.0607e-03, -4.2814e-04, -9.0009e-05,
         -1.0563e-04,  2.6383e-10, -2.6146e-12,  9.7914e-11, -2.2789e-12,
         -1.2588e-02, -1.7950e-02,  2.9829e-02,  4.9985e-03, -7.7713e-04,
         -1.5432e-01,  1.0116e-03,  9.1604e-03,  1.2472e-02,  1.3146e-02,
          1.4846e-02,  1.3686e-02,  1.1611e-02, -3.8566e-04,  2.7322e-03,
          4.8923e-04, -2.4967e-03,  3.3921e-04, -4.2091e-06,  4.8925e-04,
          3.1781e-03,  3.0511e-03,  5.8541e-03, -3.9255e-03,  1.1645e-03,
          1.3911e-03,  1.1575e-42,  5.9516e-03,  2.9321e-04, -9.2066e-02,
          2.2222e-03,  4.7586e-03,  9.5307e-03,  3.1986e-02,  1.5772e-01,
         -8.4421e-04,  1.5397e-02,  1.0860e-02,  5.5476e-04,  1.1981e-03,
         -2.0807e-04,  1.5588e-08,  6.9364e-43,  2.4460e-32,  2.6037e-06,
          1.0659e-03, -5.0729e-04, -6.5014e-05,  4.5104e-04,  4.5104e-04,
         -5.5836e-05,  3.3403e-03,  2.2701e-02,  3.0949e-02,  3.3201e-02,
          5.1038e-02,  4.2927e-02,  3.0768e-04],
        [ 2.0176e-04, -1.9455e-05, -6.6938e-05, -6.1038e-04,  3.8340e-04,
         -9.5569e-04, -4.4367e-14,  5.1146e-21, -8.4366e-10,  1.2778e-41,
         -4.1706e-02, -1.1870e-01, -4.9242e-02,  7.6986e-03,  1.0087e-03,
          1.4677e-03, -3.8167e-02,  2.2762e-02,  2.3393e-02, -1.0149e-02,
          2.1735e-02,  3.7313e-02,  6.7498e-03, -2.4735e-04,  7.2694e-03,
         -8.6811e-04,  5.3729e-04,  7.2047e-04, -7.1334e-05, -8.6811e-04,
          4.7648e-04,  1.8667e-02,  9.9336e-04,  1.0403e-04, -7.3683e-04,
         -8.7467e-04, -3.3457e-12,  3.9592e-03,  1.2228e-01, -1.4952e-01,
          2.1092e-05, -7.1723e-03,  8.2887e-03, -1.0869e-01,  3.3441e-02,
         -1.4959e-03,  1.5000e-03, -3.6086e-01,  1.1659e-03, -6.9462e-04,
         -1.0517e-03,  2.4791e-13, -1.1155e-11, -1.1407e-41, -7.5992e-42,
         -6.8545e-04, -7.2689e-04,  2.0176e-04, -7.5184e-04, -7.5184e-04,
         -1.8047e-04, -2.0133e-01, -9.3738e-02, -3.1230e-02, -2.6405e-02,
          7.6036e-02,  8.2172e-02, -3.1112e-04],
        [-1.1384e-04,  4.4388e-05,  4.4960e-04, -2.5551e-04,  9.2163e-06,
          1.3935e-03, -3.2622e-42, -6.4460e-43,  9.2360e-42, -3.5138e-22,
         -3.2086e-03, -8.5684e-04,  2.6696e-02,  3.7186e-03,  2.6858e-03,
         -3.4669e-02,  2.2160e-03,  6.9252e-03,  1.3962e-02,  1.4774e-02,
          2.9305e-03,  7.8597e-04,  1.3146e-02,  2.0768e-05,  1.5544e-03,
          4.1306e-04, -1.1356e-03,  2.1378e-03,  4.8253e-05,  4.1306e-04,
          2.3779e-03, -1.5253e-03,  2.2843e-03, -2.2585e-03,  4.3679e-04,
          6.3460e-04, -3.7709e-42,  4.3872e-03, -1.3423e-01, -4.8027e-02,
         -1.2350e-03,  4.0053e-03,  3.4235e-03, -1.2605e-02,  1.2043e-01,
         -2.2617e-05,  1.1975e-02, -7.3608e-04,  1.0068e-03,  7.2010e-04,
          9.5958e-04,  6.0260e-10, -3.7947e-27,  3.1433e-41,  7.7559e-14,
          8.8521e-04,  6.0948e-04, -1.1385e-04,  2.6158e-04,  2.6160e-04,
         -2.9496e-05, -2.0869e-03,  2.4329e-02,  2.9177e-02,  2.9781e-02,
          5.8000e-02,  4.2263e-02,  3.2231e-04],
        [ 2.2070e-04, -2.5442e-04,  5.8886e-05,  5.1639e-04, -2.5068e-04,
         -2.1787e-04,  4.8887e-14,  4.2866e-42,  5.7327e-42,  1.8203e-42,
         -5.9558e-03,  4.3220e-03,  5.2065e-03, -3.5721e-04, -7.8475e-04,
         -2.0557e-01,  9.1727e-03,  2.4588e-03,  3.2679e-03,  5.4615e-04,
          1.1669e-03,  1.6318e-03,  3.5022e-03, -2.3230e-04,  4.6230e-04,
          1.0116e-04, -4.9524e-04, -6.7827e-04,  6.6618e-05,  1.0116e-04,
         -5.5741e-04,  1.4310e-03, -3.3909e-04, -8.2124e-04,  2.1684e-04,
          2.3840e-04,  4.1733e-06,  3.6149e-04, -1.0899e-01, -1.7445e-01,
          4.3227e-04,  3.6886e-05,  1.0880e-03, -7.7176e-02, -4.3743e-02,
          5.8705e-04,  1.4238e-03, -1.9346e-01,  1.9344e-03,  4.3756e-05,
         -1.0388e-04, -1.5705e-10,  1.5680e-10,  3.3897e-42, -1.8918e-43,
          3.6333e-05, -9.0087e-05,  2.2070e-04, -1.6156e-04, -1.6157e-04,
          1.4168e-04,  1.3991e-03,  3.6288e-03,  4.1163e-03,  6.4687e-03,
          1.2405e-02,  8.2166e-02, -1.6067e-04]], device='cuda:0')), ('conv1.aggr.t', tensor([1.], device='cuda:0')), ('bn1.weight', tensor([0.8426, 0.7503, 0.8754, 0.8261, 0.7781, 0.8621, 1.0128, 0.7207],
       device='cuda:0')), ('bn1.bias', tensor([-0.0623, -0.0341,  0.1214,  0.0789, -0.0093,  0.1034,  0.1750, -0.0950],
       device='cuda:0')), ('bn1.running_mean', tensor([-109.8075, 1960.0370,   63.5224,   32.3779,  -17.1190,   25.9592,
         -15.5120, -630.9925], device='cuda:0')), ('bn1.running_var', tensor([1.9196e+05, 3.0479e+05, 1.1616e+03, 3.7315e+02, 1.5975e+04, 2.8418e+02,
        1.4244e+05, 4.5273e+04], device='cuda:0')), ('bn1.num_batches_tracked', tensor(47024, device='cuda:0')), ('conv2.bias', tensor([ 3.7142e-06,  6.6677e-07,  9.1592e-06,  7.4781e-07,  2.5516e-06,
         2.5972e-06, -2.3386e-06,  1.3686e-05,  3.2621e-07, -6.6177e-06,
        -2.2662e-07,  1.2252e-06,  2.3930e-06, -3.7239e-07,  8.6406e-06,
        -4.1669e-06], device='cuda:0')), ('conv2.lin.weight', tensor([[ 0.1761,  0.2975,  0.1737,  0.2391, -0.0037,  0.1474,  0.2597, -0.0854],
        [-0.3508,  0.3076, -0.2799,  0.1807, -0.4106,  0.0547, -0.2654,  0.1300],
        [-0.2834,  0.1638,  0.3389,  0.0444,  0.2104,  0.0935,  0.0637, -0.3490],
        [-0.1450,  0.3141, -0.4143, -0.0097, -0.1124, -0.1030,  0.2895, -0.1292],
        [ 0.4456, -0.2612,  0.2147, -0.1289, -0.0756, -0.0117, -0.2892, -0.1157],
        [ 0.0637,  0.1815,  0.1352,  0.0514,  0.2514, -0.2668,  0.5514, -0.2146],
        [-0.3519,  0.1501,  0.1419,  0.0321,  0.1459,  0.3414, -0.1836, -0.1508],
        [ 0.3713,  0.1633,  0.3685,  0.0029,  0.2223,  0.0224,  0.0391,  0.1942],
        [-0.1657, -0.1247, -0.1182, -0.2898,  0.0013,  0.0551, -0.4659, -0.3355],
        [ 0.1286,  0.2135, -0.0935, -0.0516,  0.0783,  0.0450,  0.3208,  0.2695],
        [ 0.2456,  0.2456, -0.1011, -0.0139, -0.2801, -0.1351,  0.2651, -0.3362],
        [ 0.0872, -0.1988,  0.3011,  0.0296,  0.2919,  0.2610, -0.3970, -0.2048],
        [-0.1844,  0.1675, -0.2170, -0.1213,  0.0350, -0.3700,  0.5878, -0.2134],
        [-0.0913, -0.0854,  0.0171,  0.0491, -0.1331,  0.0788,  0.3193,  0.1882],
        [-0.3166,  0.0877, -0.1868,  0.2847,  0.2851,  0.1159,  0.4255, -0.2892],
        [-0.1781,  0.0421,  0.0857,  0.0894,  0.1712,  0.3437,  0.3521, -0.0554]],
       device='cuda:0')), ('conv2.aggr.t', tensor([1.], device='cuda:0')), ('bn2.weight', tensor([0.7249, 0.6776, 0.8463, 0.7207, 0.8232, 0.7944, 0.8276, 0.7803, 0.7773,
        0.7854, 0.6982, 0.6964, 0.7363, 0.7570, 0.8493, 0.8450],
       device='cuda:0')), ('bn2.bias', tensor([ 2.4531e-01, -4.0244e-04,  7.1740e-01, -2.9691e-01,  4.8269e-01,
         3.3441e-01,  6.5827e-01, -9.4044e-01, -1.2290e+00,  8.4151e-01,
        -8.8558e-01, -1.7319e-01,  1.3581e-01, -6.2939e-01, -2.4996e-01,
        -5.2645e-02], device='cuda:0')), ('bn2.running_mean', tensor([ 0.4655, -0.2953,  0.1827, -0.1078, -0.0872,  0.3634,  0.0506,  0.4622,
        -0.5384,  0.2917,  0.0086,  0.0626, -0.0290,  0.1640,  0.2379,  0.3704],
       device='cuda:0')), ('bn2.running_var', tensor([0.2029, 0.2104, 0.2369, 0.1702, 0.2585, 0.3983, 0.1943, 0.1764, 0.3733,
        0.1213, 0.1591, 0.2035, 0.3755, 0.1105, 0.3929, 0.3574],
       device='cuda:0')), ('bn2.num_batches_tracked', tensor(47024, device='cuda:0')), ('conv3.bias', tensor([-3.2732e-06, -2.3624e-06,  3.0159e-06, -2.6543e-06, -1.7329e-06,
         2.1765e-06, -1.6125e-06,  9.8661e-07,  3.5990e-06,  6.0294e-07,
         5.2457e-06,  4.2369e-06, -1.9442e-06, -4.1274e-06, -2.9605e-06,
         4.3570e-07, -5.0795e-09,  1.8720e-08,  1.8558e-06, -4.6646e-06,
        -6.2572e-07,  6.0710e-07,  6.4707e-07,  3.5185e-06,  3.0723e-07,
        -3.4046e-06, -4.2990e-06,  2.8575e-07, -2.9793e-06,  3.2208e-06,
         2.1187e-06,  3.0749e-06], device='cuda:0')), ('conv3.lin.weight', tensor([[ 9.2493e-02,  1.6435e-01, -2.2858e-02, -2.0078e-03,  9.3300e-02,
          1.0679e-02,  1.1122e-01,  1.1240e-01, -9.5592e-02, -7.3336e-02,
          7.6300e-02, -1.3689e-01, -1.8168e-02, -6.0244e-02, -1.0634e-01,
          6.5788e-02],
        [-5.0380e-02, -9.6960e-02, -5.6515e-02,  5.3592e-02, -9.1416e-02,
          2.2307e-01, -1.0509e-01, -1.3517e-01,  2.1624e-03, -1.5226e-01,
         -1.5316e-01,  8.6453e-02, -8.8475e-02,  2.0383e-01, -1.6006e-01,
          5.2465e-02],
        [ 6.2874e-02, -1.2070e-01,  1.0400e-01, -3.9823e-02,  1.4724e-01,
         -8.8595e-02, -8.4653e-02, -2.3795e-01, -1.3227e-01, -8.0755e-02,
         -1.5607e-02,  2.4028e-02, -5.4250e-02,  1.1123e-01,  2.0628e-01,
         -1.4041e-01],
        [ 3.7052e-02,  7.0836e-02, -1.0933e-01, -7.7716e-02, -1.2343e-01,
          1.5090e-01,  1.4789e-01, -7.2285e-02,  1.2618e-02, -7.1990e-02,
          1.0930e-01, -4.8507e-02, -1.3489e-01, -9.5545e-02, -1.0206e-02,
          3.6803e-02],
        [ 2.0109e-01, -6.2254e-02, -1.2350e-01,  5.1216e-02,  7.7027e-02,
          1.6847e-02, -8.8858e-02, -3.7673e-02,  9.7583e-02, -6.7187e-02,
         -1.1736e-01, -6.4958e-02,  1.6919e-02,  8.9817e-02,  7.8794e-02,
          3.9677e-02],
        [ 1.3172e-01,  7.3990e-02, -4.6747e-02,  1.5085e-01, -1.1011e-01,
         -9.0389e-02, -1.6399e-01,  1.7271e-01,  3.0019e-01,  7.1303e-02,
         -1.9120e-01,  7.4276e-02,  1.4023e-01, -9.0334e-03, -1.3232e-01,
          1.9997e-01],
        [-1.7338e-02,  1.1460e-01, -1.1039e-02, -1.9147e-02,  8.8576e-02,
          1.3329e-01,  1.1427e-02,  1.1226e-01, -1.1300e-01, -2.3958e-01,
         -2.9585e-02, -1.1830e-01, -1.2230e-01,  8.3481e-02,  1.3860e-01,
         -1.1416e-01],
        [-2.3167e-02, -1.2756e-01,  2.0618e-01,  1.6291e-01,  9.0918e-02,
         -2.8174e-01,  1.8543e-01,  4.0926e-02, -3.0606e-01, -1.2441e-01,
         -3.2663e-04, -1.4339e-01,  1.5723e-01,  1.0146e-01, -2.0162e-01,
         -2.2104e-01],
        [ 2.3931e-01, -9.3694e-02, -2.7722e-02, -3.4657e-02,  2.3097e-01,
         -9.1373e-02,  1.5426e-01, -1.3706e-01, -6.8956e-02,  1.2366e-01,
         -1.6184e-02, -8.8497e-02,  1.5548e-02, -7.3774e-02,  1.5984e-01,
         -2.4461e-01],
        [ 7.6734e-02, -1.6659e-01, -1.3237e-01,  1.3028e-01, -4.2376e-02,
          6.6189e-02,  1.9802e-01, -1.1145e-01, -6.8679e-02,  1.1414e-01,
         -1.0799e-01, -1.4209e-01, -1.4571e-01, -9.8954e-02, -1.2639e-01,
         -1.2530e-01],
        [ 1.3071e-01, -5.0407e-02, -9.1287e-02, -1.7304e-01, -2.4265e-01,
         -4.3493e-02, -9.6246e-02, -2.0344e-01, -8.7284e-02, -1.6084e-01,
          1.5614e-01, -2.9416e-02, -8.6956e-02,  9.8796e-03, -1.9766e-01,
          2.6925e-01],
        [-1.5480e-01, -1.6223e-01, -3.5543e-02,  4.2200e-02, -1.7438e-01,
          1.0130e-01,  1.0876e-01,  8.6172e-03, -2.4180e-02, -7.0824e-04,
         -1.3099e-02, -7.9467e-02, -2.5460e-01, -2.9092e-02, -1.6179e-01,
          8.7498e-03],
        [ 8.6630e-02,  1.3767e-01,  1.7502e-01,  7.6630e-02,  2.8623e-03,
          2.1455e-02, -2.3886e-01,  2.2632e-01,  2.6617e-01, -1.3432e-01,
         -1.1074e-01, -6.7492e-02,  6.7631e-02,  1.4363e-01, -1.2334e-01,
          1.4093e-01],
        [ 3.0008e-01, -1.1077e-01, -2.1158e-01,  1.6277e-01, -4.4738e-02,
          6.2696e-02,  8.2335e-02,  6.0001e-03,  1.1602e-01, -1.8579e-02,
         -1.6968e-01,  8.1477e-02,  4.0519e-02,  2.3808e-01, -2.1730e-01,
         -1.3665e-01],
        [-1.3641e-01, -2.4854e-02, -3.9350e-01,  1.4149e-01, -2.9679e-01,
         -1.7952e-01, -3.9073e-01,  5.5568e-01,  8.0194e-01, -5.1796e-01,
          4.3565e-01,  1.2699e-01, -8.1786e-02,  3.9110e-01,  1.9388e-01,
          6.1664e-02],
        [ 5.9509e-02,  6.6924e-03, -1.0226e-02,  2.3451e-01,  1.3443e-02,
          6.9597e-02,  7.1554e-02,  1.4177e-01, -8.8333e-02, -1.3326e-01,
          5.8073e-02,  2.2024e-01,  9.0420e-02,  1.8632e-01, -2.2639e-01,
         -7.9058e-02],
        [-1.1095e-01,  7.6441e-02,  2.0342e-01, -2.3478e-02,  3.3650e-01,
         -1.7924e-01, -8.0784e-02, -4.3604e-02,  8.6335e-02,  1.6987e-01,
          9.3178e-02,  4.9977e-02,  1.2681e-01,  1.1807e-01,  1.8838e-01,
          9.6205e-02],
        [ 2.2329e-01,  8.4038e-02, -1.7199e-01,  7.6143e-02, -1.9681e-01,
          2.0583e-02, -7.6967e-02, -2.0080e-02, -3.9886e-03,  4.1097e-02,
         -8.6591e-02,  2.8818e-01,  7.9045e-02, -1.1121e-01,  1.3977e-02,
         -1.0727e-01],
        [-2.9610e-02, -1.1152e-01,  2.9137e-01,  1.3969e-02, -9.6844e-02,
         -1.3728e-01, -1.2583e-01, -1.5165e-01, -1.3437e-01,  8.7489e-02,
          5.0759e-02, -1.3178e-01, -1.6231e-01, -2.6005e-01,  1.0962e-02,
         -5.9917e-02],
        [ 8.3322e-02,  1.6412e-01, -6.1300e-02, -2.2180e-01,  2.0786e-01,
          1.9824e-01,  1.7139e-01, -1.6661e-01,  2.3788e-02,  1.8617e-01,
          4.2406e-02, -8.5402e-02,  1.5297e-01, -1.3726e-01, -1.4405e-01,
          8.9854e-02],
        [-2.4990e-01, -1.3485e-01, -6.6621e-02, -8.1670e-03, -1.4764e-02,
          6.2641e-02,  1.6050e-01, -1.3683e-01, -2.7867e-01, -2.5537e-02,
         -1.0023e-02,  7.8416e-02,  1.1466e-01, -6.5240e-03, -1.9960e-01,
          2.6810e-02],
        [-7.6097e-02,  1.0364e-01,  3.7572e-02,  1.1783e-01,  4.3533e-02,
         -1.5552e-01,  1.0245e-02,  5.5733e-02, -1.1940e-01, -6.8000e-02,
         -4.5099e-02,  8.9523e-02,  8.3761e-02,  1.6242e-01, -9.1047e-02,
          2.6117e-02],
        [ 2.4779e-02, -2.2203e-02, -1.9292e-01,  1.4156e-01,  1.8509e-01,
          5.2240e-02,  1.4830e-01,  1.1917e-01,  1.1947e-01, -1.0489e-01,
         -1.9497e-01,  2.3812e-02,  1.5928e-01, -4.8655e-02,  5.1316e-02,
          1.5857e-01],
        [ 9.3195e-02,  2.7602e-02, -6.2610e-02, -7.1336e-02,  4.9963e-02,
         -1.4836e-01,  1.7124e-01, -8.5421e-02, -1.2779e-01, -8.0027e-03,
          5.9417e-02, -3.8597e-02,  1.3487e-01,  1.4777e-01, -1.3184e-01,
         -6.1587e-02],
        [ 3.9887e-02,  9.5081e-03,  1.2964e-01,  1.9977e-01,  2.4968e-01,
         -4.0726e-02, -9.2807e-03,  5.8261e-02,  1.7096e-01,  1.0915e-01,
         -4.3582e-02, -6.3424e-02, -6.0600e-02,  9.3136e-02, -7.6273e-02,
          1.2828e-01],
        [ 1.7669e-01, -1.2213e-02, -4.8881e-02,  4.2217e-02,  3.6209e-01,
          1.8440e-01,  4.3884e-02, -2.2270e-01,  2.6446e-01,  6.3074e-02,
         -1.5823e-01, -1.6692e-01, -1.2305e-01,  1.9400e-01,  1.1400e-01,
          5.6055e-02],
        [ 7.8254e-02,  1.2630e-01, -2.2188e-02,  4.9916e-02, -1.1706e-01,
          1.6841e-02, -4.6752e-02,  2.2701e-02,  8.0124e-02,  5.0455e-02,
          1.0281e-01, -5.8708e-03, -3.4954e-03, -1.4811e-01, -1.3956e-01,
          2.3017e-01],
        [-1.8453e-01,  1.6120e-01, -1.0324e-02, -9.0871e-02, -8.0674e-02,
          1.4202e-01,  6.4167e-02, -1.6666e-02,  3.0690e-02,  1.8339e-01,
          9.3496e-02, -4.9326e-02, -4.2784e-03, -1.8328e-02, -1.7332e-01,
          8.9547e-02],
        [-1.9501e-04,  3.6341e-02, -1.8688e-01,  1.0878e-01,  8.2881e-02,
         -2.0914e-02, -2.3588e-02,  4.3418e-02, -8.8321e-02, -5.7632e-02,
         -4.3252e-02,  1.2539e-01, -5.9712e-02, -8.2905e-02,  1.4700e-01,
          1.6521e-01],
        [-1.7688e-01, -2.6442e-02,  2.7409e-01,  1.4165e-01,  2.9757e-01,
         -1.6824e-01,  3.6358e-02, -4.0362e-03,  4.0669e-02,  6.9382e-02,
          6.2518e-02, -2.2660e-01, -1.8902e-01,  2.9813e-02,  1.8954e-01,
          6.7158e-02],
        [-1.5067e-02, -4.6023e-02,  1.7448e-01,  1.4710e-01, -3.1046e-01,
         -1.1712e-01, -4.6782e-02,  7.6882e-02, -3.2633e-03, -1.1750e-01,
          9.6721e-02,  8.7395e-02, -7.1051e-03,  4.7789e-02, -1.9564e-01,
         -6.1524e-02],
        [-1.7215e-01,  1.2396e-02, -9.3572e-03, -1.2364e-01,  4.2216e-03,
          7.0021e-02,  4.7102e-02, -1.9113e-02, -4.6440e-03,  1.5371e-01,
          7.9494e-02, -5.4064e-02, -2.8983e-02, -6.0816e-04,  2.4212e-01,
         -2.0922e-01]], device='cuda:0')), ('bn3.weight', tensor([1., 1., 1., 1., 1., 1., 1., 1., 1., 1., 1., 1., 1., 1., 1., 1., 1., 1.,
        1., 1., 1., 1., 1., 1., 1., 1., 1., 1., 1., 1., 1., 1.],
       device='cuda:0')), ('bn3.bias', tensor([0., 0., 0., 0., 0., 0., 0., 0., 0., 0., 0., 0., 0., 0., 0., 0., 0., 0., 0., 0., 0., 0., 0., 0.,
        0., 0., 0., 0., 0., 0., 0., 0.], device='cuda:0')), ('bn3.running_mean', tensor([0., 0., 0., 0., 0., 0., 0., 0., 0., 0., 0., 0., 0., 0., 0., 0., 0., 0., 0., 0., 0., 0., 0., 0.,
        0., 0., 0., 0., 0., 0., 0., 0.], device='cuda:0')), ('bn3.running_var', tensor([1., 1., 1., 1., 1., 1., 1., 1., 1., 1., 1., 1., 1., 1., 1., 1., 1., 1.,
        1., 1., 1., 1., 1., 1., 1., 1., 1., 1., 1., 1., 1., 1.],
       device='cuda:0')), ('bn3.num_batches_tracked', tensor(0, device='cuda:0'))])