OrderedDict([('conv1.bias', tensor([-1.4125e-08, -3.7875e-07, -7.9486e-07, -9.3980e-09,  3.0758e-08,
         2.8093e-08, -1.0520e-07,  6.7586e-08], device='cuda:0')), ('conv1.lin.weight', tensor([[ 1.3836e-04, -1.4730e-04,  7.0476e-05,  4.2035e-05,  1.4711e-05,
         -6.3386e-04,  3.0422e-42,  4.8833e-14,  1.0219e-19,  2.5994e-42,
          3.1728e-04, -1.5193e-03, -4.0815e-03, -2.3484e-04,  1.2590e-04,
         -1.2422e-01, -1.7975e-03, -4.4775e-04,  1.7942e-05, -6.4218e-05,
          7.7384e-04,  1.2697e-03,  1.0901e-03,  2.2691e-04,  1.2852e-05,
          1.1311e-04,  8.5194e-05,  7.7659e-04,  3.3477e-06,  5.9641e-05,
         -4.0261e-04,  9.4737e-04, -3.0084e-05,  5.4969e-04, -5.7232e-04,
         -4.1433e-04,  5.2647e-42, -1.0029e-03, -1.2772e-01, -1.3745e-01,
         -1.7732e-04,  1.0116e-03, -2.6327e-04,  6.2074e-03,  4.2775e-02,
          2.0926e-04,  3.1104e-04,  1.1782e-01,  1.0873e-03, -1.9790e-05,
          1.9319e-05, -6.8794e-13,  1.5142e-06,  8.1661e-16, -2.1634e-12,
          1.2036e-04, -2.3977e-04,  8.4816e-05,  4.0049e-05, -2.9180e-04,
          1.8552e-04, -1.8122e-03,  4.2801e-03,  1.0711e-03,  2.6249e-03,
         -4.3727e-03, -5.9209e-02,  1.9915e-04],
        [ 1.0736e-04, -1.2933e-04, -1.9830e-05,  2.0398e-05, -1.0787e-06,
         -5.4801e-04,  1.3854e-12,  2.0582e-09,  1.4078e-05, -2.9001e-16,
         -1.3544e-04,  5.2726e-04,  5.4951e-04, -4.5449e-04, -2.2675e-04,
          1.3523e-01, -7.6877e-04, -4.5119e-04,  1.1617e-03,  9.1377e-04,
         -2.4699e-03, -1.7052e-03, -1.0161e-03,  1.3811e-04,  2.5071e-04,
          2.3821e-07, -2.3282e-04,  2.1680e-03, -5.0156e-05, -2.9900e-05,
          9.0129e-04,  2.3508e-03, -3.0521e-04,  2.6232e-04, -1.4204e-04,
          1.6040e-04, -2.6776e-18, -2.1825e-04,  1.4166e-01,  1.1451e-01,
          5.9835e-05, -2.0612e-04, -1.4417e-04, -2.8092e-03, -4.6396e-03,
         -1.5683e-05, -9.8533e-04, -3.2862e-03, -4.6354e-04,  1.5119e-04,
         -2.7245e-04, -8.3644e-42,  6.4348e-42,  2.9680e-42, -5.2039e-23,
          2.6479e-04, -2.4014e-04,  9.9828e-07, -2.4878e-04, -1.0674e-04,
          2.4444e-04, -7.6583e-04, -1.1627e-03, -9.5518e-04, -2.0444e-04,
          3.6600e-03,  3.7389e-02, -9.9358e-05],
        [ 2.4516e-05,  1.4124e-04, -3.6686e-05,  6.9255e-07, -1.3352e-05,
         -1.5282e-06,  9.7530e-43,  7.6777e-42, -2.6046e-16, -8.5633e-42,
          1.1198e-04, -4.0626e-04, -1.1794e-03, -4.4629e-04,  2.1406e-04,
          1.0461e-01, -5.1246e-04,  8.6464e-04,  1.3632e-03, -9.5805e-04,
          1.7393e-04, -1.3427e-03, -3.8463e-04,  1.4962e-05, -9.0515e-05,
          1.1535e-04, -6.7763e-05, -4.8059e-04,  1.3091e-05, -1.2634e-04,
          1.9122e-04,  1.9096e-04, -3.8747e-04, -2.8857e-04,  1.2322e-04,
         -2.0472e-04,  2.5973e-41, -8.8867e-05, -6.0536e-02,  6.1864e-03,
         -1.7892e-04,  1.0698e-04, -6.6687e-04,  1.2387e-02,  2.2593e-01,
         -7.2295e-05,  4.1807e-04,  1.5597e-01, -2.8757e-04,  1.9522e-04,
          2.0873e-05, -2.9633e-15,  4.1188e-19, -7.0639e-42, -3.7190e-42,
          1.3240e-04,  3.5272e-04,  7.9237e-05, -1.3269e-04,  6.0497e-05,
          6.6092e-06,  6.3695e-04,  2.9204e-03, -1.7856e-04, -8.8589e-04,
          1.2011e-01,  7.6611e-02, -8.6821e-05],
        [-2.8267e-04,  1.8933e-05,  1.1052e-04,  4.4776e-05,  1.2606e-05,
          5.8881e-04, -2.5560e-42, -2.7335e-07,  2.8783e-42, -8.5479e-43,
          1.7233e-04, -1.3151e-03, -1.3122e-03, -1.0263e-03,  4.1051e-05,
         -1.3815e-01, -8.7776e-05, -8.5091e-04, -7.6700e-04, -2.5236e-03,
         -7.4424e-04,  5.9013e-04, -6.2372e-05,  1.9625e-04, -1.4593e-03,
          4.0762e-04,  5.1873e-05, -1.1104e-03,  8.9178e-05,  2.3759e-04,
         -4.6659e-04, -2.2644e-03, -4.1535e-04,  6.8221e-04, -5.4633e-06,
         -4.5930e-04, -1.7923e-42, -8.5227e-05, -2.0648e-01, -1.2857e-01,
         -4.7262e-04,  1.0046e-04, -5.9810e-04, -2.3405e-02,  1.6150e-02,
          5.5753e-04,  2.7664e-03, -1.3499e-01, -2.6498e-05, -8.9475e-06,
         -1.5480e-04, -2.5561e-17, -5.5080e-10,  1.4622e-09, -6.9869e-42,
          2.9938e-05, -1.2018e-06, -6.6122e-05, -1.3614e-04, -5.2967e-05,
         -7.7354e-05, -7.7808e-04,  4.0349e-04, -1.5259e-03, -3.3788e-03,
         -4.7033e-02,  1.6286e-02,  2.0113e-04],
        [ 1.7519e-04, -9.6228e-05,  9.9627e-05, -1.7195e-04,  8.5091e-06,
          4.2411e-04,  1.4321e-42,  9.9853e-34,  2.8479e-08,  2.4349e-08,
          1.6700e-04, -1.1421e-03,  1.5420e-03,  1.2791e-03,  2.7293e-04,
         -9.1890e-02,  2.0121e-03, -1.4902e-04, -1.5547e-03,  2.0809e-03,
          1.2428e-03,  2.9467e-03, -4.0657e-04, -3.6361e-04,  4.7953e-04,
         -6.4375e-05, -2.2817e-04,  1.0825e-03,  5.9978e-05,  6.4850e-05,
          3.2320e-04, -3.9123e-03,  4.6053e-04, -5.9902e-04, -4.9594e-05,
          4.9649e-04,  7.7934e-08, -3.4333e-04, -1.1292e-01, -1.0862e-01,
          3.0455e-04, -1.2764e-04,  1.1255e-04, -2.8854e-02, -1.0388e-01,
         -1.4488e-05, -4.1034e-06,  7.8749e-02, -9.8969e-04,  5.9749e-05,
         -5.4675e-04, -2.9969e-22,  4.2768e-42,  1.2323e-41,  3.2454e-42,
         -4.2087e-04, -5.2294e-06, -1.4278e-05,  1.9857e-04, -6.7830e-05,
         -1.1610e-04,  9.6762e-04,  1.1329e-03,  1.3212e-03,  4.4049e-04,
         -4.1276e-02,  7.1377e-02, -2.6596e-05],
        [-2.6368e-05, -8.3008e-05,  1.4811e-04,  1.5041e-04,  2.5527e-05,
          2.1515e-04,  7.6163e-08, -8.7344e-14, -1.0122e-11,  1.1318e-41,
          2.3735e-05, -1.5516e-03, -8.6961e-04,  5.0445e-04,  6.8813e-05,
         -9.3729e-02,  1.3122e-03, -6.5884e-04,  5.2645e-04,  1.3954e-04,
         -1.8565e-04, -2.0047e-03,  2.6385e-04,  1.3689e-04, -7.4985e-04,
          7.5113e-05,  4.2938e-05, -7.1764e-05, -3.1748e-05, -2.8639e-04,
         -8.0255e-04, -1.1117e-03,  3.0263e-04,  1.2434e-04,  9.4232e-05,
         -2.2987e-04,  4.5090e-17,  4.1064e-04, -1.4925e-01,  9.6642e-02,
         -3.1863e-04,  1.8162e-04, -1.3081e-04, -4.3166e-02, -9.6365e-02,
         -1.2819e-04,  1.1005e-03,  1.0370e-01,  6.2137e-04, -7.4286e-06,
         -1.5180e-04,  3.1305e-42,  1.3350e-07,  2.8434e-30,  1.2134e-14,
         -1.9620e-04, -2.2381e-04,  1.0254e-04, -1.6567e-05,  2.8627e-05,
         -3.3315e-05, -2.2096e-03, -2.0921e-03,  1.2304e-03,  1.7877e-03,
         -7.8622e-02,  5.8904e-02, -1.7610e-04],
        [ 6.6883e-05, -1.7919e-04, -2.0301e-05,  2.1450e-04,  1.0754e-05,
         -7.1776e-04,  3.9769e-42, -2.3521e-15, -7.6329e-42, -2.0259e-15,
         -4.5373e-05, -1.1724e-03,  1.7842e-03, -6.7214e-04, -7.5807e-05,
         -7.9809e-02,  1.5895e-03, -9.5271e-04, -1.1295e-04, -8.5726e-04,
          5.9640e-04, -1.6711e-03, -1.0214e-03,  1.8954e-05, -1.0815e-03,
         -3.4343e-04, -1.5570e-04, -1.5646e-04, -3.9558e-05,  1.1612e-04,
         -6.0800e-04, -2.3036e-03,  5.3337e-04,  6.2557e-04, -2.3824e-04,
          5.4209e-04,  7.2089e-25, -4.5185e-04, -9.3678e-02,  5.0783e-02,
         -1.0531e-04,  2.5224e-03,  7.8061e-04, -2.7327e-02, -4.7271e-02,
          2.8544e-04,  1.5258e-04, -7.2626e-02, -6.3549e-04,  6.9252e-05,
          1.0567e-04,  3.0843e-42,  2.2939e-42,  7.3372e-17,  3.9124e-42,
          1.3061e-04,  1.1422e-04,  5.4054e-05, -1.4825e-04,  4.7238e-05,
          7.0330e-05, -2.4165e-03,  1.7042e-03,  5.1308e-04, -1.4362e-03,
         -4.1986e-02,  5.7659e-02, -2.0023e-05],
        [-1.5221e-04, -1.2254e-04, -4.1643e-05,  1.2400e-05,  4.9538e-06,
         -8.8138e-05, -3.7924e-09,  4.8482e-40, -2.0406e-07, -3.6300e-16,
         -7.5310e-05,  3.0318e-04,  6.1546e-04, -3.2876e-05,  3.0695e-04,
          1.5182e-01,  2.7318e-03,  1.6380e-04, -1.7944e-04, -1.9035e-03,
         -1.0980e-03,  2.1131e-03,  1.0741e-03,  2.2260e-04, -1.7805e-04,
          3.8593e-04, -9.8669e-06, -7.1274e-06, -1.0070e-05, -2.0526e-04,
         -5.6017e-04, -5.3465e-04,  3.8424e-04,  2.7988e-04, -1.4637e-05,
         -1.1800e-04, -5.7658e-15, -2.4167e-04,  1.4501e-01, -1.3754e-01,
         -3.5912e-04, -1.0419e-03, -2.1970e-04,  3.8589e-02,  1.5599e-01,
          4.9118e-04, -1.5121e-03,  3.5790e-02, -3.8519e-04, -2.3222e-04,
         -2.3151e-04,  3.6046e-10,  8.3167e-42, -1.5217e-10, -1.2934e-42,
         -4.0309e-04, -2.1368e-04, -1.1177e-04, -1.9208e-04, -7.0663e-05,
         -4.6808e-05, -2.1049e-03,  2.3899e-03,  2.1556e-03,  1.4916e-03,
          9.8156e-03, -4.7619e-02, -7.6496e-05]], device='cuda:0')), ('conv1.aggr.t', tensor([1.], device='cuda:0')), ('bn1.weight', tensor([0.6911, 0.7457, 0.8484, 0.7298, 0.8313, 0.7369, 0.6736, 0.6990],
       device='cuda:0')), ('bn1.bias', tensor([ 0.1957,  0.0772,  0.0923,  0.0519,  0.1118,  0.0122,  0.0636, -0.0028],
       device='cuda:0')), ('bn1.running_mean', tensor([-894.0693,  913.7389,  935.5279, -879.6876,   -5.0415,  187.4033,
          38.9458,   98.8184], device='cuda:0')), ('bn1.running_var', tensor([1978177.8750, 1290161.1250, 2683193.0000, 1547241.0000, 2133731.5000,
        1762073.7500, 1289642.2500, 1680440.6250], device='cuda:0')), ('bn1.num_batches_tracked', tensor(47024, device='cuda:0')), ('conv2.bias', tensor([ 4.8201e-06,  3.5848e-07,  3.2011e-06,  3.0124e-06, -7.8082e-07,
        -3.4518e-06, -4.5629e-06,  8.9190e-07, -5.6746e-06, -1.6154e-06,
         6.1167e-06,  3.2719e-06, -1.8715e-06,  3.7105e-06,  9.9323e-07,
         6.3466e-07], device='cuda:0')), ('conv2.lin.weight', tensor([[ 0.0405, -0.0787, -0.4050,  0.2617,  0.3366,  0.2795,  0.2289,  0.3785],
        [ 0.0841,  0.1734,  0.2349, -0.2904, -0.2636,  0.0033, -0.2273, -0.0263],
        [ 0.1041, -0.3127,  0.2673,  0.1423,  0.1120,  0.1940,  0.1114,  0.1089],
        [-0.0731, -0.0138, -0.1431,  0.2107, -0.3184,  0.2288, -0.3685, -0.1156],
        [ 0.0243, -0.2536,  0.2535, -0.1300,  0.1315, -0.0440,  0.3155,  0.0046],
        [-0.2285, -0.2214, -0.1658,  0.1926,  0.1143,  0.3485,  0.0445,  0.0401],
        [ 0.3739,  0.0644,  0.2321, -0.1928, -0.0118,  0.1010, -0.0163,  0.0890],
        [ 0.1277, -0.0746,  0.0873, -0.2205, -0.2648, -0.1896, -0.0960, -0.0886],
        [-0.0346, -0.2126,  0.3624, -0.1289, -0.2693, -0.3487,  0.0457, -0.0573],
        [-0.2697, -0.2052, -0.0855, -0.2086,  0.2231, -0.1326, -0.2107,  0.0767],
        [ 0.1426,  0.2670, -0.2089, -0.1191,  0.2269,  0.2409, -0.0518, -0.0551],
        [-0.0147,  0.2015,  0.2025, -0.3273,  0.1194,  0.0769,  0.0045,  0.1141],
        [-0.0751, -0.1319, -0.3187, -0.3240, -0.1659,  0.1656,  0.1770, -0.1142],
        [ 0.0112,  0.3726, -0.2391, -0.0467, -0.1661,  0.0860, -0.0438, -0.1162],
        [-0.1252,  0.0719,  0.3019, -0.0156, -0.1709, -0.0967, -0.2168,  0.3627],
        [ 0.0880,  0.1692,  0.2146, -0.0969,  0.2263, -0.2137, -0.0757,  0.0696]],
       device='cuda:0')), ('conv2.aggr.t', tensor([1.], device='cuda:0')), ('bn2.weight', tensor([0.7292, 0.7150, 0.6496, 0.6526, 0.5900, 0.6548, 0.6859, 0.6535, 0.5906,
        0.6298, 0.6067, 0.6502, 0.6874, 0.7067, 0.6885, 0.6175],
       device='cuda:0')), ('bn2.bias', tensor([ 0.4781,  0.6366, -0.5028,  0.0541,  0.2704,  0.3691, -0.2069,  0.0707,
         0.4271, -0.1648,  0.2818, -0.3179, -0.1780, -0.2001, -0.1971,  0.2768],
       device='cuda:0')), ('bn2.running_mean', tensor([ 0.2452, -0.0593,  0.1945, -0.1689,  0.0719, -0.0146,  0.2138, -0.1840,
        -0.1734, -0.2504,  0.1413,  0.1131, -0.2647, -0.0300,  0.0285,  0.1446],
       device='cuda:0')), ('bn2.running_var', tensor([0.1349, 0.0745, 0.1117, 0.1200, 0.0918, 0.0637, 0.0577, 0.0876, 0.0864,
        0.0506, 0.0601, 0.1044, 0.0859, 0.0627, 0.0942, 0.0628],
       device='cuda:0')), ('bn2.num_batches_tracked', tensor(47024, device='cuda:0')), ('conv3.bias', tensor([-1.5026e-06, -1.2279e-06,  3.7363e-06, -1.8563e-06, -2.8392e-06,
         3.9170e-06, -6.2618e-07, -1.5618e-06,  7.5117e-07, -3.1431e-06,
        -3.6640e-06, -1.3833e-06, -3.8904e-07, -2.1282e-07,  1.8363e-06,
        -4.4224e-08, -4.8209e-07,  2.9553e-06,  8.3161e-07,  4.3622e-06,
        -2.7880e-06, -3.8350e-07,  9.3403e-07, -6.2826e-07, -1.8407e-06,
        -5.6601e-08,  8.6375e-07, -6.9191e-08, -1.0555e-06, -8.7615e-07,
         2.3978e-06, -1.1689e-06], device='cuda:0')), ('conv3.lin.weight', tensor([[ 1.4609e-01,  2.3088e-01,  1.0151e-01,  1.1161e-01, -1.3205e-01,
          9.2339e-02, -9.5954e-02, -4.7314e-02,  1.5763e-01,  1.3689e-01,
          1.5518e-01,  1.3687e-01, -6.7324e-02, -1.0123e-01, -2.9510e-02,
         -6.3350e-02],
        [-2.2444e-01, -1.5356e-01,  1.7533e-01,  2.8339e-02, -1.0967e-01,
          1.4544e-01,  7.5235e-02,  5.6397e-02,  4.9667e-02,  1.9090e-02,
          9.8221e-02,  3.3180e-02, -1.0996e-01,  1.8258e-01, -2.8424e-02,
         -1.6768e-01],
        [-1.2171e-01,  6.1885e-02, -6.6074e-02,  5.6201e-02,  7.3922e-03,
         -1.0313e-01,  2.0561e-01, -1.7779e-01, -5.9553e-02,  9.2116e-02,
          1.8912e-01, -1.9666e-01, -2.0261e-01, -9.6464e-02, -2.2088e-02,
         -1.7948e-01],
        [ 2.9307e-02, -1.0759e-01,  5.6287e-02,  5.2878e-02, -6.6712e-02,
         -1.5118e-01,  2.5132e-02,  6.9635e-02, -8.1346e-02, -1.1312e-02,
          3.4596e-02, -6.9516e-02, -1.0901e-01,  1.6709e-02, -1.5661e-01,
          4.4613e-02],
        [-1.4200e-01,  3.3690e-02, -1.5853e-01, -1.0502e-01,  4.5981e-02,
         -7.2703e-02, -1.1675e-01, -2.2281e-01,  1.9896e-01, -4.3058e-03,
          8.7468e-02, -4.9056e-02, -1.3006e-01, -7.8128e-02, -1.3798e-01,
         -9.3841e-02],
        [ 1.4728e-01, -6.9842e-02,  6.8414e-02,  2.8926e-02, -9.6912e-02,
         -1.0410e-01,  8.5169e-02, -9.2724e-02,  6.6970e-02, -9.1042e-02,
         -9.3573e-02,  1.4074e-01,  2.2696e-01,  9.6980e-03,  1.4014e-01,
          8.2694e-02],
        [-1.4076e-01,  7.1525e-02,  5.6235e-02,  3.3680e-02,  1.0763e-01,
          1.0259e-01,  5.7255e-02, -1.0042e-01, -7.2798e-02, -8.0978e-02,
          5.9538e-02, -7.9206e-02, -5.1955e-02,  6.0812e-02,  6.2085e-02,
         -1.0098e-01],
        [-8.4902e-02,  1.0808e-01, -1.3906e-01, -1.3820e-01,  9.9977e-02,
          1.8294e-01,  3.1351e-02, -2.4666e-02,  1.6250e-01,  6.7626e-03,
          8.1560e-02, -1.0246e-01,  8.3563e-02, -3.5476e-03, -1.5299e-01,
          7.2137e-02],
        [-1.6155e-01,  4.1678e-02, -1.4733e-02, -4.3852e-02,  5.1080e-02,
          2.0205e-01, -7.5217e-02,  4.0205e-02, -6.7298e-02,  1.2457e-01,
          4.3003e-02,  6.6764e-02,  1.4823e-01,  2.0547e-02,  7.3650e-02,
          6.4238e-02],
        [ 1.0418e-01,  1.2836e-01, -6.1152e-02,  1.8028e-02, -3.1121e-02,
          7.3161e-02, -8.2178e-02,  2.3836e-02,  1.7360e-01, -3.0932e-03,
          2.2020e-01, -1.7566e-01, -1.7029e-01, -6.4862e-02, -1.1346e-01,
          1.4399e-01],
        [-1.5167e-01, -2.2600e-02,  1.4883e-01, -1.2739e-01,  8.2470e-02,
         -4.8796e-02, -6.2019e-02,  3.2729e-02, -2.6717e-01,  5.9684e-02,
         -9.9596e-03, -7.8083e-02,  6.4041e-02,  1.9492e-01, -5.5172e-02,
          5.7209e-02],
        [ 2.0558e-01,  4.8397e-02,  4.6496e-02,  1.0549e-01,  8.5412e-02,
         -8.8470e-02,  1.2681e-01,  4.5990e-02,  2.5940e-02,  8.3007e-02,
         -1.4681e-01, -2.9840e-02, -1.2342e-01,  4.4036e-02, -5.1952e-02,
         -2.0756e-01],
        [ 4.3528e-02,  1.7607e-02, -1.8157e-01,  9.5274e-02,  2.5931e-01,
          6.3596e-03, -5.0879e-02,  1.8420e-02,  1.8513e-02, -6.2337e-02,
         -9.3752e-02, -2.2305e-02, -1.0916e-01,  2.0987e-01, -7.6617e-03,
          2.5824e-02],
        [-7.6044e-02,  1.2434e-01,  7.4511e-02,  1.0312e-01,  4.3487e-03,
          4.8556e-02, -2.5823e-01, -3.3950e-03,  1.2865e-01, -6.5596e-02,
          7.8566e-02,  1.2123e-02, -1.1824e-01,  6.7118e-02, -7.6724e-02,
          7.9205e-02],
        [ 7.6837e-02,  2.0223e-01, -6.2931e-02,  6.2414e-02,  6.5711e-02,
          6.6486e-02,  1.7518e-01, -1.2031e-01, -6.1554e-04,  3.6894e-02,
         -1.1789e-01, -5.9758e-02, -3.7436e-02,  1.4512e-01, -1.6567e-01,
         -1.4018e-01],
        [ 1.7702e-01,  1.2140e-01, -8.0887e-02, -2.0957e-01, -6.9074e-02,
          1.1134e-01, -8.9324e-02,  6.7208e-02, -7.2871e-02, -1.6448e-01,
         -5.5612e-02, -1.6129e-01, -1.3985e-01,  8.8162e-04,  1.4926e-01,
         -9.5902e-02],
        [-9.7915e-02,  8.6082e-02, -5.1504e-02, -4.3940e-02,  3.9460e-02,
          9.2137e-02, -1.2148e-01, -1.8024e-01, -2.3574e-02,  2.4458e-02,
         -1.4060e-04,  1.0532e-01, -7.3003e-02, -6.2023e-02, -7.2942e-02,
         -1.6962e-01],
        [-1.7610e-01, -1.1834e-03,  5.3240e-02, -2.0599e-01, -1.5983e-01,
         -2.2633e-02, -8.0519e-02, -1.5365e-01, -1.8110e-01, -9.6449e-02,
         -1.7893e-01, -7.9127e-02, -6.1969e-02, -1.4262e-01,  6.9774e-02,
         -1.5593e-01],
        [ 8.5737e-02,  6.8792e-02, -2.3284e-01, -1.3752e-01,  1.9505e-01,
          2.8603e-02, -6.6126e-02,  1.6445e-02,  7.6908e-02, -9.5806e-02,
          1.2149e-01, -1.5920e-01, -4.7210e-02,  8.5256e-02,  8.1510e-02,
          2.7956e-02],
        [ 7.4611e-02,  8.2742e-02,  5.4313e-02, -6.7135e-02, -6.6997e-02,
          2.2456e-02, -1.8337e-01,  2.7844e-02, -8.8496e-02, -1.3070e-01,
         -3.0709e-02, -1.4245e-02, -8.9927e-02,  6.5623e-02,  9.8446e-02,
         -1.4592e-01],
        [-1.9449e-01, -2.8811e-01,  1.5133e-01,  2.7912e-02, -1.0034e-01,
         -7.8333e-03,  1.2931e-01,  1.5344e-01, -2.0564e-01,  1.0412e-01,
          2.7630e-02,  7.5525e-02, -7.1365e-02,  1.0875e-01,  1.4778e-01,
         -1.5026e-01],
        [ 8.2727e-02, -1.7303e-02, -1.1230e-01, -1.4661e-01, -1.8745e-02,
          1.3181e-01, -7.0712e-02,  1.0928e-01, -1.0144e-01,  2.0263e-02,
         -6.9351e-02,  3.0727e-02,  6.0396e-02, -2.0141e-02,  8.0547e-03,
          6.3060e-02],
        [-1.5862e-01, -1.4894e-01,  2.1222e-01, -6.1130e-02, -1.7413e-01,
         -1.8192e-01, -5.7076e-02, -1.6013e-01, -1.0185e-01,  6.4291e-02,
         -1.5548e-01,  1.7847e-01,  2.8871e-02, -5.0288e-03,  2.0022e-02,
         -2.1434e-01],
        [ 1.2104e-01,  1.4450e-01, -1.9294e-02, -8.5814e-02, -1.6056e-01,
          1.7591e-01,  4.8688e-02,  8.4630e-02,  6.1798e-02,  2.6344e-02,
          2.0169e-01, -1.7585e-01, -1.1065e-01, -5.6174e-02, -5.3324e-02,
          8.0737e-02],
        [ 2.3674e-02, -2.3984e-01,  1.2944e-01,  5.0975e-02, -1.1590e-01,
         -1.5635e-01,  3.3413e-02,  2.2399e-02,  1.0009e-01,  1.4938e-01,
          7.9337e-02, -7.1008e-02, -7.4729e-02,  1.4531e-01,  5.4127e-02,
          1.3659e-01],
        [ 1.7053e-01,  2.7557e-01, -4.0646e-02, -3.9865e-02, -1.1030e-01,
          1.4136e-01, -1.5340e-01,  1.1515e-01,  1.5919e-01, -9.8873e-02,
          7.1695e-04,  8.2558e-02,  9.8825e-02, -2.3999e-01, -1.6259e-01,
          8.7774e-02],
        [-2.0185e-01, -1.3263e-01,  1.1577e-01, -2.2130e-02, -1.8066e-01,
         -2.7471e-02,  1.2222e-01,  3.8888e-02, -1.8543e-01,  9.7667e-02,
         -6.5255e-02,  9.6612e-02,  7.1898e-02,  8.9848e-02, -1.2706e-01,
          3.3987e-02],
        [ 1.3987e-01,  1.1043e-01, -2.1960e-02,  1.6144e-01, -8.2093e-02,
          1.6346e-01, -1.1371e-01,  9.6341e-02, -2.8608e-02,  8.4783e-03,
         -2.8038e-02,  2.9117e-02, -1.1573e-01, -1.2067e-01, -7.8819e-03,
          9.9109e-02],
        [ 1.5325e-01, -3.9367e-02,  9.3001e-02, -1.9831e-01, -6.8649e-02,
          2.7517e-03,  6.0481e-02,  5.0568e-02,  1.4095e-01, -1.4467e-01,
          7.0225e-02, -4.4727e-02,  8.1789e-02,  5.9764e-02,  9.5030e-02,
         -1.3553e-01],
        [ 5.7751e-02, -2.8925e-01, -7.6629e-02, -1.1208e-01, -7.3246e-02,
         -1.4325e-01,  1.3573e-01,  1.2684e-01,  6.7285e-02,  7.1761e-02,
          8.5474e-02,  1.5419e-01,  1.6258e-01, -5.5236e-02,  1.1405e-01,
         -1.2425e-01],
        [-1.7104e-01,  6.0250e-02,  1.5677e-01, -8.4706e-02, -7.4728e-02,
          1.7517e-01, -7.0763e-02, -2.2003e-01,  4.5719e-02,  1.3455e-01,
          2.4285e-02, -7.4759e-02,  2.3329e-02,  1.9167e-01,  8.7252e-02,
          1.4918e-01],
        [-7.8418e-02, -1.6364e-01,  1.7697e-01, -4.7056e-02, -1.3290e-01,
         -1.2922e-01, -1.1943e-01, -5.9014e-02, -8.8729e-02, -2.7402e-03,
         -1.3779e-01,  7.2725e-02, -4.5177e-02,  1.9486e-02, -1.0654e-02,
         -1.1430e-01]], device='cuda:0')), ('bn3.weight', tensor([1., 1., 1., 1., 1., 1., 1., 1., 1., 1., 1., 1., 1., 1., 1., 1., 1., 1.,
        1., 1., 1., 1., 1., 1., 1., 1., 1., 1., 1., 1., 1., 1.],
       device='cuda:0')), ('bn3.bias', tensor([0., 0., 0., 0., 0., 0., 0., 0., 0., 0., 0., 0., 0., 0., 0., 0., 0., 0., 0., 0., 0., 0., 0., 0.,
        0., 0., 0., 0., 0., 0., 0., 0.], device='cuda:0')), ('bn3.running_mean', tensor([0., 0., 0., 0., 0., 0., 0., 0., 0., 0., 0., 0., 0., 0., 0., 0., 0., 0., 0., 0., 0., 0., 0., 0.,
        0., 0., 0., 0., 0., 0., 0., 0.], device='cuda:0')), ('bn3.running_var', tensor([1., 1., 1., 1., 1., 1., 1., 1., 1., 1., 1., 1., 1., 1., 1., 1., 1., 1.,
        1., 1., 1., 1., 1., 1., 1., 1., 1., 1., 1., 1., 1., 1.],
       device='cuda:0')), ('bn3.num_batches_tracked', tensor(0, device='cuda:0'))])