OrderedDict([('conv1.bias', tensor([ 1.0299e-06, -3.4212e-07,  2.2212e-07, -1.4662e-07, -5.8022e-06,
         2.6640e-07, -1.1492e-07,  5.2645e-09], device='cuda:0')), ('conv1.lin.weight', tensor([[-3.3044e-05,  4.6158e-05,  2.6435e-05, -5.2993e-05,  2.7830e-05,
          1.4709e-04,  7.7870e-42,  2.0319e-42,  2.0340e-14,  2.7255e-42,
         -5.4535e-05,  1.0379e-03,  1.6830e-03, -1.6247e-04, -1.4888e-04,
          8.5373e-02, -2.5179e-05,  9.8524e-04,  1.3636e-03,  4.4020e-04,
         -1.8216e-03, -8.0204e-04,  1.0755e-03, -6.4106e-06,  2.1835e-04,
         -1.5091e-04,  1.1552e-04, -2.7225e-05, -6.5033e-05, -3.0060e-04,
         -6.8750e-05, -8.1542e-03, -1.6722e-04, -5.4519e-05, -9.5279e-05,
         -1.1961e-04, -2.3710e-07,  4.6899e-05, -1.2129e-01, -1.7468e-02,
         -2.4067e-04, -2.0357e-04, -3.7669e-04,  3.1317e-02,  2.7962e-02,
         -3.0887e-04,  7.9296e-04,  1.1062e-01, -7.2022e-05,  1.9535e-05,
         -7.9764e-05,  2.3346e-42, -5.2072e-42,  2.6333e-41,  7.0135e-42,
         -3.5455e-05, -1.5446e-04, -2.2364e-05, -1.7945e-04, -1.3679e-04,
          8.2835e-06,  2.4653e-02,  2.1690e-03,  1.7997e-03,  1.7743e-03,
          4.6616e-04,  3.7516e-03,  2.1214e-05],
        [ 3.5974e-05, -5.3748e-05,  2.7334e-05, -8.6628e-05,  6.6630e-06,
         -3.0483e-03, -7.5335e-09,  2.9366e-25,  2.6036e-42,  1.1637e-14,
         -1.1524e-04, -1.6664e-02, -1.6562e-02,  8.1392e-04, -6.1625e-03,
         -6.2021e-02, -3.4383e-03, -9.1139e-03, -1.5483e-02, -1.4759e-02,
          1.4416e-03,  1.8140e-03, -1.4509e-02, -5.0561e-04, -5.4223e-03,
         -2.4339e-04, -3.1504e-05, -3.1727e-03, -3.0065e-05, -2.4813e-04,
         -1.1241e-03, -8.5574e-03,  4.6161e-04,  8.5570e-04, -1.6831e-04,
         -3.2885e-04,  4.5879e-13, -8.9207e-04, -2.2001e-02,  3.7037e-02,
          4.3979e-03, -7.3377e-04,  3.6197e-03, -1.4598e-01, -8.8702e-02,
         -4.0377e-04, -1.0441e-02,  8.7747e-03, -1.8587e-04, -1.0246e-03,
         -1.6133e-03, -3.8115e-42, -4.3481e-20,  1.6076e-05, -4.8137e-27,
         -1.6643e-03, -8.3310e-04,  1.0960e-05, -2.2188e-04, -2.2091e-04,
         -1.0306e-04, -4.7799e-03, -2.2293e-02, -2.9259e-02, -2.0978e-02,
         -1.9804e-02, -6.6946e-02, -1.4097e-04],
        [-1.6044e-04, -5.2811e-06,  8.0667e-06, -7.6206e-05, -5.2787e-06,
          3.6185e-04, -1.0243e-13, -4.4589e-42,  5.6332e-43, -6.1631e-12,
          2.2851e-05,  1.7533e-03,  2.9666e-03, -1.4338e-04,  7.1195e-04,
          8.4856e-02, -4.4504e-04,  1.4646e-03,  2.9993e-03,  3.1281e-03,
         -2.4453e-03, -3.2397e-03,  3.1135e-03,  7.1744e-05,  4.3920e-04,
          2.4811e-05, -1.8518e-05,  3.4264e-04, -2.0182e-06,  1.3696e-05,
         -5.2848e-06,  7.2401e-03, -3.6465e-04, -1.9581e-04, -8.7961e-05,
         -8.1020e-05,  4.6330e-09,  3.7079e-04,  8.1273e-02, -1.2210e-01,
         -7.4080e-04, -5.4938e-04, -1.1545e-03,  1.4254e-01,  7.1613e-03,
          9.7272e-05,  4.4455e-04,  7.0448e-02,  1.4672e-04,  1.0605e-04,
          3.2982e-04, -3.9685e-42, -3.6237e-06, -6.6141e-43,  8.7887e-14,
          1.5979e-04,  3.6582e-04, -1.8969e-04,  8.0907e-05,  8.7068e-05,
         -5.6104e-05,  2.0711e-02,  4.0472e-03,  7.2419e-03,  4.2512e-03,
          6.6308e-03,  7.1955e-02, -1.7186e-06],
        [ 2.8135e-05, -1.2843e-05,  1.0912e-04,  3.2272e-05, -3.4474e-05,
          2.6031e-04, -7.2224e-07,  1.1970e-41,  6.9544e-11, -4.8093e-42,
          3.9539e-05, -2.2189e-03, -6.2402e-03, -6.6960e-04,  4.6617e-04,
         -4.2481e-02, -1.8336e-03,  8.6202e-05, -2.8491e-04, -7.5267e-04,
         -4.9455e-03, -3.8968e-03, -8.0995e-04,  3.2552e-05, -7.9717e-05,
         -1.8906e-05,  3.0098e-05, -2.2935e-04, -3.0544e-06, -4.1697e-06,
         -5.1214e-04, -8.0759e-04, -5.7236e-04,  7.5830e-05, -3.0736e-05,
         -4.3360e-05, -1.2849e-41, -2.8095e-04,  2.3967e-02,  2.3087e-02,
         -6.1512e-04, -1.1255e-03, -1.4728e-03, -2.1935e-02, -2.6144e-02,
          6.6392e-05, -4.6692e-03, -5.5435e-02, -1.1809e-04,  5.0846e-05,
          9.4187e-05, -2.0305e-42,  4.7280e-42,  3.1866e-42,  3.5749e-18,
          4.8269e-05,  4.8580e-05,  4.0517e-05,  2.8188e-05,  7.0333e-05,
         -1.2918e-05, -7.9086e-04, -4.8040e-03, -5.4640e-03, -7.2309e-03,
         -1.6612e-02, -6.2598e-02,  4.4476e-05],
        [ 4.1348e-05,  1.3317e-05, -1.2194e-04, -7.5660e-05, -4.4506e-06,
         -9.3116e-05, -2.4661e-11, -4.3216e-42, -4.9644e-12, -1.0392e-13,
          4.1288e-05, -1.4232e-03, -8.0148e-03,  7.8122e-04, -7.6443e-04,
          7.0558e-02,  2.3095e-03, -7.4201e-03, -1.1848e-02, -7.2403e-03,
         -6.4755e-04,  1.8945e-02, -9.2566e-03, -2.9632e-05, -6.7015e-04,
          1.3884e-04,  2.5062e-04,  8.3177e-04,  3.3176e-05,  9.5027e-05,
          5.3184e-04, -8.7578e-02,  3.2385e-04, -6.9765e-05,  1.0585e-04,
          1.2114e-04,  9.9556e-09,  2.8620e-04,  1.7092e-01,  9.4247e-02,
          1.8009e-03,  3.3208e-03,  1.0544e-02, -2.4100e-01,  6.2842e-02,
          1.4135e-04, -1.8578e-04, -8.2990e-02,  4.4096e-04,  3.4859e-05,
          3.0809e-05,  3.8676e-43,  3.9665e-14,  3.1627e-42, -1.6478e-11,
         -2.6296e-05,  3.0914e-05,  3.4574e-05,  2.1353e-05,  6.4139e-05,
          8.4650e-05, -1.5422e-02, -6.7351e-03, -9.1103e-03, -1.2742e-03,
         -4.2070e-04, -2.1457e-02,  5.6331e-05],
        [ 1.6422e-04, -6.3390e-05, -1.1426e-04,  1.1165e-05, -1.4748e-05,
         -1.8997e-04, -8.3770e-42,  2.7356e-07,  2.1572e-19, -1.4080e-06,
         -8.9578e-05,  3.6884e-03,  5.2756e-03,  1.7722e-03, -6.0129e-04,
          1.1819e-01,  6.6994e-03, -5.1075e-03, -3.1778e-03, -1.6993e-03,
          1.7315e-02,  1.5533e-02, -3.8532e-03, -1.8793e-04, -1.0671e-03,
         -1.1893e-04,  1.3679e-04,  1.6830e-03, -1.7973e-05, -8.9640e-05,
          1.5948e-03, -1.8178e-02,  9.0908e-04,  2.0412e-04,  3.3764e-05,
          2.7958e-04,  1.2322e-12,  9.8380e-04,  1.9840e-01,  1.2656e-01,
          2.1296e-03,  4.2320e-03,  5.6618e-03, -1.9646e-01, -1.3733e-01,
          6.2078e-04,  7.5310e-03, -1.1409e-01,  1.4942e-03, -1.2032e-04,
          6.9466e-06, -7.7858e-16, -5.6837e-42,  4.0586e-07, -1.7782e-42,
         -3.7577e-04, -1.0987e-04,  1.6205e-04, -4.6873e-05, -1.4629e-04,
          2.7988e-05, -3.6065e-02, -1.7907e-03, -1.6798e-04,  5.0485e-03,
          1.9957e-03, -2.7673e-02, -2.2911e-05],
        [-1.1928e-05,  1.3859e-04, -2.1264e-04, -3.5131e-04, -1.4820e-05,
         -6.8924e-05,  4.8430e-14, -4.1717e-42,  5.2804e-11,  7.5633e-07,
          4.1309e-04, -1.0298e-02, -1.7731e-02, -8.0488e-04, -1.1643e-04,
         -7.9182e-03, -5.6510e-03, -2.2901e-03, -4.0695e-03, -5.1822e-03,
         -1.0776e-02, -9.9347e-03, -4.7929e-03, -1.2490e-04, -6.5050e-04,
          1.4421e-04, -2.8615e-04, -1.0172e-03, -8.3596e-05, -1.5556e-04,
         -6.6076e-04, -1.3306e-03, -5.0620e-04,  2.4181e-04,  5.7201e-05,
          7.4356e-05,  3.8354e-42, -2.7381e-04, -2.2977e-03,  6.7826e-03,
         -6.5493e-04, -2.9097e-03, -2.7919e-03, -2.9646e-03, -2.7836e-02,
          1.9735e-04, -1.1709e-02, -1.1556e-02, -5.4946e-04, -2.9848e-05,
          2.7197e-04, -7.6971e-14,  1.0520e-41, -1.3774e-16,  3.3481e-16,
         -4.1166e-06,  2.2419e-04,  7.5484e-05, -1.8340e-04, -1.7135e-04,
         -2.9071e-05, -8.4415e-04, -1.4522e-02, -1.5938e-02, -2.1666e-02,
         -4.6502e-02, -1.6393e-02, -2.4561e-04],
        [-7.5053e-05, -1.1865e-06,  8.0511e-05,  1.0983e-04,  1.5962e-06,
          1.2454e-07,  1.2978e-37,  3.9517e-42, -1.7368e-19,  2.9820e-42,
          3.1604e-04, -2.8339e-03,  2.0160e-03, -1.5371e-03, -8.4009e-05,
          1.0492e-01, -3.3540e-03,  3.3549e-03,  2.3758e-03,  8.1224e-04,
         -1.5727e-04, -4.2986e-04,  2.8991e-03,  1.1125e-04,  2.2604e-03,
          1.0953e-04, -2.9901e-05, -5.0899e-04, -2.1585e-05,  2.3202e-05,
         -5.5790e-04,  1.0166e-02,  5.4229e-05, -9.7614e-04, -1.9391e-05,
         -1.6899e-05,  2.6122e-16, -9.7171e-04, -1.1397e-01, -1.2721e-01,
         -1.0282e-03, -2.3483e-03, -2.1373e-03,  6.7500e-02,  5.4389e-02,
         -3.9947e-04, -3.9564e-04, -3.7600e-02, -1.3155e-03,  4.1342e-04,
          1.5578e-05,  1.7264e-42,  6.3568e-06,  2.2324e-08, -1.4936e-17,
          5.9150e-04, -2.7097e-05, -7.0766e-05,  1.2399e-04,  1.1898e-04,
          1.4647e-04,  1.1487e-02,  3.1443e-03,  3.0714e-03,  2.6575e-03,
          2.8397e-03,  3.3161e-02, -9.3872e-05]], device='cuda:0')), ('conv1.aggr.t', tensor([1.], device='cuda:0')), ('bn1.weight', tensor([0.7358, 0.7430, 0.8129, 0.9840, 0.8299, 0.7715, 0.7453, 0.7192],
       device='cuda:0')), ('bn1.bias', tensor([-0.0315,  0.0796,  0.0237,  0.1689,  0.0367,  0.0848,  0.0599,  0.0603],
       device='cuda:0')), ('bn1.running_mean', tensor([  78.2923, -553.6393,  629.9634, -453.2231,  345.7270,  408.2804,
        -157.4214,  -84.0885], device='cuda:0')), ('bn1.running_var', tensor([110090.3281, 154927.2969, 269485.3750, 157473.4531,  93939.9922,
        130969.1719,   9710.1514, 164334.4375], device='cuda:0')), ('bn1.num_batches_tracked', tensor(47024, device='cuda:0')), ('conv2.bias', tensor([-1.7696e-06, -4.3733e-06, -7.0123e-06, -6.9227e-07, -1.1865e-06,
         6.2945e-06,  1.8794e-08,  2.3613e-06,  9.4774e-06,  6.0122e-07,
        -1.8779e-07, -8.6530e-07, -3.9741e-06,  4.0328e-06, -2.5316e-06,
        -4.3196e-06], device='cuda:0')), ('conv2.lin.weight', tensor([[ 0.2134,  0.0991,  0.1750, -0.1063, -0.2908, -0.0658, -0.1840, -0.0106],
        [-0.1479, -0.1002, -0.1249,  0.1704, -0.0936,  0.3474, -0.1340, -0.2199],
        [-0.2197,  0.0082, -0.1898, -0.0607,  0.1309, -0.0232, -0.0978, -0.1924],
        [-0.1076,  0.2125,  0.1360, -0.1458, -0.2150,  0.0781,  0.0579,  0.2373],
        [-0.1558, -0.3647, -0.2166,  0.1190,  0.0742,  0.2197, -0.0907, -0.2003],
        [-0.0081,  0.1846,  0.0460, -0.2155, -0.1895, -0.1012,  0.0706,  0.2900],
        [ 0.0438, -0.3670, -0.1496, -0.0572, -0.1403, -0.1480,  0.0548, -0.0102],
        [ 0.1826,  0.3379, -0.3766, -0.0933,  0.0293, -0.0864, -0.2424,  0.3086],
        [ 0.2671,  0.1016,  0.0031,  0.2595,  0.1113,  0.0575, -0.0670, -0.1318],
        [ 0.2085, -0.1454,  0.2103, -0.3306, -0.0676,  0.1605, -0.0028,  0.0325],
        [-0.0912, -0.0739,  0.1901, -0.1523, -0.1659, -0.1920, -0.1660,  0.2503],
        [-0.0926,  0.0539, -0.2293, -0.1014,  0.3788, -0.3462, -0.2212,  0.0171],
        [-0.0013,  0.2334,  0.1930, -0.3452, -0.2798, -0.1965, -0.1002,  0.1476],
        [ 0.1725, -0.2056,  0.3217, -0.2393, -0.3355, -0.2373, -0.0922, -0.2823],
        [-0.0498, -0.3414, -0.0119, -0.1435, -0.3437,  0.1070, -0.1615, -0.1845],
        [ 0.2214, -0.0062, -0.3138, -0.3489,  0.0505, -0.3995,  0.2994,  0.0103]],
       device='cuda:0')), ('conv2.aggr.t', tensor([1.], device='cuda:0')), ('bn2.weight', tensor([0.6991, 0.6409, 0.6579, 0.5806, 0.6414, 0.7393, 0.6400, 0.6769, 0.5982,
        0.8341, 0.6788, 0.6761, 0.6890, 0.7064, 0.5872, 0.7416],
       device='cuda:0')), ('bn2.bias', tensor([-0.1266, -0.3891, -0.1647, -0.1803,  0.1922, -0.6830, -0.1432,  0.2586,
        -0.4156, -0.1561, -0.0247, -0.3268,  0.6880, -0.0546, -0.0792,  0.0044],
       device='cuda:0')), ('bn2.running_mean', tensor([-0.0825, -0.0532, -0.2019,  0.0588, -0.1606, -0.0205, -0.2692, -0.0152,
         0.2248, -0.0223, -0.1533, -0.1861, -0.1728, -0.3319, -0.3773, -0.2402],
       device='cuda:0')), ('bn2.running_var', tensor([0.1108, 0.0913, 0.0599, 0.0397, 0.0862, 0.0723, 0.0564, 0.0557, 0.0488,
        0.1245, 0.1490, 0.0535, 0.1782, 0.2483, 0.0972, 0.0927],
       device='cuda:0')), ('bn2.num_batches_tracked', tensor(47024, device='cuda:0')), ('conv3.bias', tensor([-1.2432e-06, -1.6929e-07, -2.7342e-06, -7.9614e-07, -2.4164e-06,
         4.8022e-06,  3.1028e-06,  1.5647e-06,  1.4477e-06,  6.3249e-07,
        -1.4435e-06, -2.3210e-06,  2.0737e-06, -1.1464e-06,  9.0991e-07,
         2.3522e-07,  5.1933e-06,  3.3055e-06,  2.9650e-07,  4.7345e-07,
        -3.0710e-06, -1.2330e-08, -7.0439e-07, -1.3096e-07, -4.4350e-06,
        -2.0042e-06, -2.7226e-06, -2.4104e-06, -2.5396e-06, -4.5063e-07,
         1.7756e-07,  1.7598e-08], device='cuda:0')), ('conv3.lin.weight', tensor([[-1.0667e-01, -9.5890e-02,  1.8614e-01,  8.9697e-02,  2.8051e-02,
         -1.1366e-01, -1.0792e-01, -2.9394e-02,  2.0279e-01,  2.4203e-01,
         -6.1875e-02,  1.2737e-01,  1.6036e-01,  9.9802e-02,  1.0781e-01,
         -9.1074e-02],
        [-9.8346e-02,  5.7952e-02,  1.8223e-02, -4.0516e-02,  1.4345e-01,
          1.0171e-01,  1.6058e-01, -7.2747e-02, -8.6805e-03,  1.7155e-01,
          1.4291e-01,  7.1868e-02,  9.3262e-02, -1.3990e-01, -1.1857e-01,
          3.3998e-03],
        [-2.1999e-01, -1.1331e-01, -1.5970e-01, -1.5450e-02,  2.9194e-02,
         -2.9575e-01, -1.0869e-01,  6.2126e-02, -3.0253e-02, -1.6556e-01,
          1.4828e-01, -6.8657e-02,  2.4297e-01,  1.3053e-01, -2.6396e-02,
          1.3960e-01],
        [-2.6985e-01, -1.0643e-01, -1.0729e-01, -9.1496e-02,  2.0021e-02,
          1.4876e-01, -4.0362e-02,  8.6971e-02, -1.1211e-01,  1.3036e-01,
          3.9546e-02, -8.6739e-02, -1.4825e-01, -1.7352e-01,  8.5966e-02,
          6.5467e-02],
        [-2.4953e-02,  1.7038e-01,  4.7267e-03,  1.2401e-01, -6.4380e-02,
          1.7878e-01, -1.1160e-01, -1.3726e-01, -3.7062e-03,  1.6484e-01,
         -6.7512e-02,  1.8640e-01, -1.1001e-01, -2.0254e-02, -8.4248e-02,
          5.9676e-03],
        [ 9.6022e-02, -1.3372e-01,  1.7246e-01, -2.1590e-01, -1.4039e-01,
          4.3738e-02,  7.5467e-02,  1.4757e-01,  1.0383e-01,  9.7772e-02,
         -1.8390e-01, -9.7231e-02,  1.0176e-01,  5.2198e-02, -9.3012e-02,
         -8.0808e-02],
        [ 9.4929e-02, -1.1442e-01,  1.1910e-02, -2.3333e-03,  5.1852e-03,
         -1.4502e-02,  1.1679e-01, -7.1703e-02,  9.5475e-02, -7.2282e-02,
         -6.7856e-03,  6.2166e-02, -1.5645e-01, -4.7370e-02,  1.2636e-01,
         -1.2989e-01],
        [ 2.0426e-01,  1.7731e-01, -1.6298e-02, -3.1610e-02, -1.0966e-01,
          1.9827e-01, -3.4821e-02, -8.8083e-02,  1.4648e-01, -2.2376e-02,
         -1.1472e-01,  1.4644e-01, -1.4187e-01,  1.4241e-01,  7.8213e-02,
          2.4457e-02],
        [ 1.7043e-01,  6.1710e-02,  5.6824e-02, -6.8106e-02,  8.6997e-03,
          6.1090e-02,  3.0381e-02,  1.3369e-01,  8.0699e-02, -1.0565e-01,
         -1.7033e-01, -5.1354e-02,  1.6039e-01, -2.8977e-02,  1.6937e-02,
          9.4741e-02],
        [-1.6415e-01,  1.0700e-01, -5.2383e-02,  3.2312e-02, -1.8540e-01,
          1.2595e-01, -9.5888e-02, -5.8154e-02,  4.3267e-02, -1.2930e-01,
          1.0557e-01,  1.8510e-01,  1.9809e-01, -1.2282e-01,  2.2654e-01,
         -1.5936e-01],
        [-1.1084e-01, -2.8244e-01,  1.4508e-01,  1.8179e-01,  9.9337e-02,
         -1.6878e-01, -9.0378e-02, -3.4995e-02,  8.1634e-03, -6.4959e-02,
         -1.5759e-01, -1.9391e-01,  1.6640e-01,  9.8635e-02,  3.0886e-02,
          1.6576e-01],
        [-9.2701e-02,  1.0917e-01,  2.3148e-02,  3.7248e-02, -2.5713e-02,
          4.4585e-03, -2.9382e-02, -5.8529e-02, -1.5437e-01, -5.8514e-02,
         -1.8995e-02, -6.4767e-03,  1.2969e-02,  1.2321e-01,  9.3013e-02,
          9.9953e-02],
        [-7.5861e-02, -1.3513e-02, -2.0738e-01,  8.0751e-02, -6.0465e-05,
          6.2212e-02,  1.3833e-01,  2.1738e-02, -1.1597e-01,  1.6725e-02,
         -1.4341e-01, -4.4801e-02,  8.5600e-03, -2.2067e-01,  1.4892e-01,
         -8.3844e-02],
        [ 2.0203e-02, -1.4215e-02, -1.1336e-01, -1.1294e-01,  2.0503e-01,
          4.8710e-02,  1.5611e-01,  1.0073e-01, -4.6001e-02,  1.7759e-01,
          1.6833e-01, -8.3202e-02, -1.1983e-01, -1.9695e-01, -1.4239e-01,
         -8.5060e-02],
        [-1.0419e-01, -6.8665e-02, -2.7098e-02, -3.0686e-02,  1.4016e-01,
         -1.9398e-01,  5.9511e-02,  1.6656e-01, -3.9669e-02,  5.7308e-02,
         -9.8333e-02, -1.0803e-01,  2.8492e-01,  5.0989e-02,  1.4675e-02,
         -1.6274e-01],
        [ 1.0061e-01,  2.1601e-01,  2.0035e-02,  1.2099e-01, -3.8618e-02,
         -1.7466e-01,  9.5613e-02,  1.5131e-01,  9.2772e-02, -7.2928e-02,
          3.4633e-02, -9.6038e-02,  1.0272e-01, -7.0028e-03,  7.5211e-02,
         -1.5292e-02],
        [ 6.3714e-02,  1.6673e-01,  2.1981e-01,  1.2398e-01,  1.9886e-01,
          1.7667e-01, -1.3491e-02,  1.4537e-01,  2.1866e-01,  1.7009e-01,
         -2.3255e-03, -3.7425e-02, -4.3162e-03,  1.5784e-01, -1.6051e-01,
          7.0382e-02],
        [ 2.6370e-02, -9.5987e-02,  1.0326e-01,  4.1451e-02, -2.7766e-02,
          2.3231e-01,  1.7305e-01, -6.1766e-02,  1.9402e-01, -4.3325e-02,
          1.4445e-01,  1.4504e-01, -2.6188e-01,  5.0251e-02, -5.2473e-02,
         -1.4910e-01],
        [-1.6073e-01,  1.3935e-01,  8.7612e-02,  3.1354e-02, -9.4238e-02,
          2.0570e-01,  1.8665e-02, -1.0711e-01,  1.1922e-01,  9.8697e-02,
         -1.5494e-01,  7.7287e-02,  3.3212e-03, -1.3588e-02,  7.8096e-02,
          1.5638e-01],
        [-1.6243e-01, -5.9008e-02, -1.1305e-01,  2.8142e-02, -4.8895e-02,
         -7.1532e-02,  1.1640e-02, -8.9054e-03, -9.6865e-02, -7.2855e-02,
          1.0017e-01,  1.4385e-01,  1.9431e-01, -7.0138e-02,  2.4636e-02,
         -6.4245e-02],
        [-1.5080e-01,  1.0193e-01,  7.1055e-02,  2.4678e-02,  2.6929e-03,
         -2.2978e-02,  6.1070e-02,  6.7925e-02, -4.7283e-03,  1.2582e-01,
          4.9954e-02,  9.2088e-02,  8.8647e-02, -7.6412e-02,  1.7740e-01,
         -8.2114e-02],
        [ 8.9402e-02, -5.0829e-02,  6.1519e-03, -9.4370e-02,  1.3967e-01,
         -2.5628e-01, -1.4884e-01,  1.0699e-01, -7.1309e-03,  1.5549e-01,
          2.5393e-02, -6.3893e-02,  2.3580e-01, -1.5374e-01, -7.4940e-02,
          8.5328e-02],
        [-2.2875e-02, -1.4889e-01,  4.5515e-02,  3.1902e-02,  2.7745e-03,
         -5.8196e-02, -1.2936e-02,  1.3545e-01, -1.4090e-01,  2.7565e-01,
         -1.5705e-01,  2.1256e-02, -4.7424e-02, -4.3972e-02, -1.4429e-01,
         -1.7543e-01],
        [ 1.7755e-01,  5.4412e-02, -1.4206e-01, -1.4917e-01, -3.2265e-02,
         -9.8222e-02, -9.0193e-02, -1.5451e-02, -1.4012e-01, -1.5237e-02,
          6.2611e-02,  1.6604e-02,  8.7312e-02, -1.1893e-01,  1.2915e-01,
          1.3829e-02],
        [ 7.2287e-02, -1.6458e-02,  7.5053e-02, -1.1935e-01,  7.9989e-02,
          3.2959e-02, -6.9977e-02, -5.7736e-02,  8.1377e-02,  2.5538e-01,
         -1.5572e-01, -4.3643e-02, -5.8979e-02,  5.9593e-02, -2.1492e-02,
          9.5517e-02],
        [-8.8063e-02, -9.5037e-02,  8.1235e-02, -1.0973e-01,  2.1828e-01,
         -9.8721e-02, -5.1957e-02,  8.9953e-02, -7.6040e-02, -3.8473e-02,
          1.2236e-01, -6.2312e-02,  2.3074e-01, -3.0513e-03, -7.5021e-02,
          8.8179e-03],
        [-1.1327e-01,  8.6683e-02,  1.4333e-01,  6.4165e-02, -1.0627e-01,
          2.3767e-01,  7.5202e-02, -9.2294e-02,  2.6647e-01,  2.0220e-01,
          1.0645e-01,  1.6640e-01, -2.0905e-01,  3.7137e-03,  5.8618e-02,
         -1.1149e-01],
        [ 1.5473e-02, -2.2102e-01, -4.0125e-02, -1.6749e-01, -5.0266e-02,
         -2.2579e-01,  9.4851e-02, -8.9320e-02, -1.6709e-01, -2.8821e-02,
         -4.2005e-02, -4.7784e-02,  1.9144e-01, -1.2753e-01, -7.4498e-02,
         -1.1860e-01],
        [-8.5117e-02,  7.1871e-02, -1.1114e-01, -7.5366e-02,  5.5799e-02,
          1.9055e-01,  1.4263e-01, -1.1914e-01,  1.9622e-01,  6.5276e-02,
         -1.8987e-02, -6.2589e-02, -1.2550e-02, -2.9606e-02, -3.5843e-02,
          1.4231e-01],
        [-1.2390e-01,  3.0017e-02, -1.6448e-01, -1.7564e-01, -1.0465e-02,
          8.8513e-02,  1.0105e-01,  6.5637e-02,  7.3162e-03, -8.1671e-02,
          6.8579e-03,  1.5504e-01, -2.7569e-02,  3.9539e-02,  1.1646e-01,
         -3.0789e-02],
        [ 1.1855e-01,  8.2204e-02,  1.8014e-01,  3.1414e-02, -2.2766e-02,
          1.7607e-01, -1.1361e-01, -9.9860e-02, -4.9892e-02, -1.2278e-01,
          1.0639e-01, -1.5897e-01, -4.0378e-02, -1.6141e-01,  1.2925e-01,
          6.4876e-02],
        [-5.5691e-02, -4.8113e-04,  9.9872e-02, -9.6859e-02, -8.7759e-02,
         -5.2327e-02, -1.2803e-01, -4.7129e-02, -8.2947e-02,  5.9855e-02,
         -1.1230e-01, -2.4797e-02,  2.3332e-01,  2.1287e-01, -2.9298e-02,
         -8.6692e-02]], device='cuda:0')), ('bn3.weight', tensor([1., 1., 1., 1., 1., 1., 1., 1., 1., 1., 1., 1., 1., 1., 1., 1., 1., 1.,
        1., 1., 1., 1., 1., 1., 1., 1., 1., 1., 1., 1., 1., 1.],
       device='cuda:0')), ('bn3.bias', tensor([0., 0., 0., 0., 0., 0., 0., 0., 0., 0., 0., 0., 0., 0., 0., 0., 0., 0., 0., 0., 0., 0., 0., 0.,
        0., 0., 0., 0., 0., 0., 0., 0.], device='cuda:0')), ('bn3.running_mean', tensor([0., 0., 0., 0., 0., 0., 0., 0., 0., 0., 0., 0., 0., 0., 0., 0., 0., 0., 0., 0., 0., 0., 0., 0.,
        0., 0., 0., 0., 0., 0., 0., 0.], device='cuda:0')), ('bn3.running_var', tensor([1., 1., 1., 1., 1., 1., 1., 1., 1., 1., 1., 1., 1., 1., 1., 1., 1., 1.,
        1., 1., 1., 1., 1., 1., 1., 1., 1., 1., 1., 1., 1., 1.],
       device='cuda:0')), ('bn3.num_batches_tracked', tensor(0, device='cuda:0'))])