OrderedDict([('conv1.bias', tensor([-3.5240e-07,  2.3607e-06,  8.5238e-07, -9.6750e-07, -5.7084e-07,
        -2.8423e-08, -4.9438e-06,  2.0356e-06], device='cuda:0')), ('conv1.lin.weight', tensor([[-5.4820e-04, -1.5544e-04,  3.1534e-03, -4.1402e-03,  1.2611e-03,
         -1.5698e-03, -7.1046e-42, -6.3058e-44,  6.4852e-42,  6.4928e-07,
         -4.9837e-02, -2.9672e-01,  4.8569e-02,  5.8489e-03, -4.0605e-03,
          3.4233e-01, -1.8079e-01,  2.9869e-02,  2.3871e-02,  5.4643e-02,
         -7.1639e-02, -7.1918e-02, -2.6238e-02, -1.2148e-03,  3.1401e-03,
         -1.5691e-03, -7.2269e-03, -1.2130e-02, -4.5023e-04, -1.5691e-03,
          1.2148e-03,  1.3204e-02,  1.8685e-02, -5.9187e-03,  1.9791e-04,
          3.2754e-04,  2.7704e-42,  1.6946e-02,  1.1636e-01, -6.0474e-02,
         -8.8502e-03, -2.8178e-02, -7.8503e-03, -1.1378e-02,  1.6362e-01,
         -1.1820e-02, -6.3673e-02,  3.0674e-01, -2.6920e-02,  1.5137e-03,
         -1.7415e-03,  1.5078e-42, -2.0686e-14,  1.1997e-31,  5.0868e-06,
          2.1818e-03, -1.3668e-03, -5.4820e-04, -4.6984e-04, -4.6984e-04,
         -1.3876e-03, -6.9903e-03, -6.1804e-02,  1.0940e-01, -6.4495e-02,
          2.9642e-02, -1.6454e-01,  1.8861e-04],
        [ 3.9029e-05,  8.5376e-05, -3.7734e-05, -1.0573e-03, -3.6594e-05,
         -2.8685e-03, -1.8813e-10,  1.4960e-18,  6.0043e-11, -2.0676e-16,
          1.4466e-01, -7.8246e-02, -1.1094e-01, -2.8381e-03, -8.6682e-03,
          1.9366e-02, -7.2907e-02, -3.3103e-02, -4.8912e-02, -1.4328e-02,
         -2.6212e-02, -2.3172e-02, -1.1073e-01, -3.8607e-04,  9.3051e-04,
         -1.2496e-03, -9.4706e-04, -7.6392e-03,  3.5121e-05, -1.2496e-03,
         -4.0285e-03, -4.8907e-02,  1.7873e-03, -4.0353e-04, -6.1372e-04,
         -8.6933e-04,  2.5230e-18, -2.1445e-03, -6.7009e-02,  6.9720e-02,
          3.7753e-05, -7.9019e-03, -1.2506e-03, -9.2778e-02,  1.0721e-01,
         -2.9626e-03, -8.1269e-03, -3.2045e-02, -5.1620e-03, -1.8612e-04,
         -2.2169e-03,  2.3406e-14,  2.8404e-42,  8.4055e-09,  1.9014e-14,
         -1.7515e-04, -1.6559e-03,  3.9029e-05, -6.0800e-04, -6.0800e-04,
         -3.9860e-04,  1.6549e-01, -4.8856e-02, -6.6396e-02, -1.7778e-02,
         -2.3821e-01,  3.4599e-03, -8.3000e-05],
        [ 2.2833e-04,  2.3213e-04,  7.2735e-05, -2.3830e-04, -5.8434e-05,
         -4.7019e-04,  1.0636e-42,  2.1877e-12,  7.7544e-25,  2.6993e-10,
         -9.7253e-03, -6.8836e-03,  1.5973e-02,  6.4937e-04, -8.7485e-04,
          2.9693e-01,  3.8759e-03,  4.6767e-03,  5.4860e-03,  3.4509e-03,
          2.3487e-03,  2.6035e-03,  3.3168e-03,  1.4048e-04,  1.6231e-03,
         -2.1003e-04, -7.5467e-04, -9.7068e-04,  1.6213e-05, -2.1006e-04,
          7.1906e-05,  1.1977e-02,  1.6318e-03, -1.4386e-03,  4.9728e-05,
          9.8339e-05,  2.6877e-42,  1.4747e-03, -1.9204e-01,  3.2598e-02,
          3.9601e-04,  2.4512e-05,  1.9645e-03,  1.6979e-02,  8.5465e-02,
         -6.0774e-04, -3.9064e-03,  3.1683e-01, -3.5987e-04,  4.9263e-04,
         -4.8107e-04,  1.9926e-42, -1.2169e-10, -2.0050e-05,  5.7108e-10,
          4.5589e-04, -5.1522e-04,  2.2751e-04, -1.0123e-04, -1.0128e-04,
         -2.4559e-04,  2.5838e-02,  1.8534e-02,  2.7205e-03, -2.6885e-02,
         -1.7496e-02, -1.6559e-01,  1.5662e-04],
        [-1.1461e-04,  1.6804e-04,  5.1692e-04, -3.9295e-04, -1.3816e-04,
          6.4580e-04, -4.1997e-42, -1.8541e-07, -2.2077e-17, -4.2950e-42,
         -8.0695e-03,  1.3400e-02,  4.0759e-02,  1.8602e-03,  1.0520e-03,
          9.0333e-02,  5.7401e-03,  7.6479e-03,  1.1731e-02,  1.1957e-02,
          7.0146e-03,  5.3026e-03,  1.0987e-02,  2.6619e-04,  2.5462e-03,
          2.3016e-04, -1.1005e-03,  6.9661e-04, -1.2616e-04,  2.3017e-04,
          1.2751e-03,  1.1877e-02,  2.3573e-03, -2.7005e-03,  5.4181e-04,
          6.3870e-04,  1.3677e-42,  2.6225e-03, -9.9799e-02, -1.7974e-01,
         -5.3244e-04,  2.6093e-03,  2.6846e-03, -8.0147e-03,  6.4681e-02,
         -4.6435e-04,  1.5088e-02,  3.0452e-02,  2.1160e-04,  1.2190e-03,
          3.2069e-04, -1.4168e-13, -1.6601e-19, -5.9355e-07,  2.4144e-42,
          1.2354e-03,  2.5620e-05, -1.1456e-04,  4.9885e-04,  4.9886e-04,
         -4.1730e-05,  1.6617e-02,  2.6955e-02,  3.0260e-02,  4.2971e-02,
          5.8191e-02, -4.8636e-02,  5.5044e-04],
        [ 1.7164e-04,  9.2586e-05,  1.6753e-03, -2.3482e-03, -2.7235e-04,
         -5.7332e-03, -2.1734e-42, -2.2198e-13, -3.6165e-07, -3.7012e-41,
         -1.5288e-01, -1.1488e-01,  2.9425e-02,  1.4526e-05, -1.2260e-02,
          2.0279e-01, -3.0804e-02,  1.8529e-02, -2.9575e-02, -2.0188e-02,
          2.3288e-02,  8.7084e-03, -3.0033e-02, -1.0805e-03,  5.1603e-03,
         -2.1993e-03, -6.3990e-03, -1.9376e-02,  6.8165e-06, -2.1993e-03,
         -5.8247e-03, -1.3621e-01,  1.1866e-02, -4.0973e-03, -1.5896e-04,
         -3.4704e-04,  6.6884e-42,  9.4273e-03, -1.8966e-02,  1.6812e-02,
         -1.1754e-03, -1.5984e-02,  3.0201e-03, -2.4375e-02,  2.1930e-01,
         -8.2854e-03, -2.5373e-02, -2.1431e-01, -1.9572e-02,  8.6418e-04,
         -4.7265e-03, -2.9553e-33,  1.1654e-08,  5.2072e-42,  7.9622e-42,
          8.6993e-04, -3.7982e-03,  1.7164e-04, -8.2989e-04, -8.2989e-04,
         -7.7242e-04, -1.5567e-01, -6.9610e-03,  3.4285e-02, -2.1146e-03,
         -1.7438e-02, -1.3457e-02,  2.4585e-04],
        [-2.5655e-04,  9.6792e-07,  3.0293e-04, -3.8872e-04, -2.5887e-05,
         -2.2329e-03, -9.8609e-42,  6.5315e-42,  1.3391e-41, -3.2188e-42,
          1.6629e-02, -8.0764e-02, -1.2807e-01, -5.4186e-03, -5.3280e-03,
          1.2336e-01, -3.8579e-02, -1.3101e-02, -4.2138e-02, -4.1680e-02,
         -4.8953e-02, -4.6885e-02, -3.8020e-02, -3.6098e-04, -3.6745e-03,
         -1.3902e-03, -1.1917e-03, -7.8715e-03, -3.0661e-04, -1.3902e-03,
         -5.5735e-03, -8.4764e-03, -6.7630e-04,  1.4672e-03, -1.2820e-03,
         -1.5389e-03,  2.1022e-15, -2.3460e-03,  2.3135e-03,  6.2729e-02,
         -3.4447e-03, -1.5976e-02, -1.4212e-02, -7.1686e-02, -9.8373e-02,
         -2.9513e-03, -5.5794e-02, -6.9316e-02, -6.1382e-03, -5.4477e-04,
         -1.6883e-03, -1.2637e-15, -1.5430e-21,  2.2915e-15, -2.6827e-08,
         -3.8418e-04, -1.0201e-03, -2.5655e-04, -6.4653e-04, -6.4653e-04,
         -7.2720e-04, -9.8392e-03, -1.0086e-01, -1.0407e-01, -1.3050e-01,
         -2.0307e-01,  9.2759e-04, -2.7352e-04],
        [-2.5595e-04, -1.6238e-04,  2.1802e-04, -8.2785e-04, -1.4486e-04,
         -6.9244e-03,  6.0623e-08, -7.1583e-17,  9.6323e-35, -1.4491e-11,
          1.6747e-02, -1.3497e-01, -1.4404e-01, -1.6036e-02, -1.5288e-02,
          1.5781e-01, -8.1169e-02, -2.1121e-02, -5.5223e-02, -5.4011e-02,
         -4.5469e-02, -3.0519e-02, -5.0013e-02, -1.0351e-03, -8.9435e-03,
         -2.8574e-03, -1.9058e-03, -2.1231e-02, -2.8449e-04, -2.8574e-03,
         -1.2843e-02, -1.7512e-02, -2.2760e-03,  5.7061e-03, -2.1328e-03,
         -2.7056e-03,  9.6958e-12, -6.5315e-03, -8.7340e-02,  1.6110e-01,
         -5.1560e-03, -3.3704e-02, -2.0156e-02, -1.9487e-02, -6.1039e-02,
         -5.5793e-03, -1.3451e-01, -1.3392e-01, -1.6138e-02, -1.8795e-03,
         -4.7614e-03,  1.7785e-14,  1.2210e-25,  1.3139e-41,  6.3933e-10,
         -1.6294e-03, -2.7430e-03, -2.5595e-04, -1.6429e-03, -1.6429e-03,
         -9.5039e-04, -1.9793e-02, -9.9429e-02, -1.0862e-01, -1.5033e-01,
         -1.5001e-01,  2.6837e-03, -7.8792e-04],
        [-2.4211e-03, -6.0395e-04,  1.7567e-03, -3.5627e-03,  8.1790e-03,
          3.6330e-02, -1.9461e-07,  6.1615e-42,  3.8668e-09, -1.0336e-18,
         -8.5302e-02,  1.5011e-01,  2.6805e-02,  4.3641e-02,  6.1631e-02,
          9.3423e-02,  4.0046e-02, -1.0875e-02,  1.3901e-03,  1.7365e-02,
          3.5256e-02,  2.0680e-02, -8.1758e-03,  3.0642e-03, -2.7582e-03,
          1.4063e-02,  1.4229e-02,  6.6825e-02,  9.1734e-04,  1.4063e-02,
          5.1374e-02, -3.2504e-02, -1.9082e-03,  5.0198e-03,  7.1794e-03,
          9.3101e-03,  5.8995e-42,  3.0112e-02,  6.3936e-02, -6.1595e-02,
         -2.4041e-02,  5.6704e-02,  8.7132e-03,  8.6117e-02, -5.0101e-01,
          1.3676e-02,  1.1080e-01,  2.6307e-02,  2.0765e-02, -3.2513e-04,
          2.9903e-02, -7.8303e-28, -3.2503e-14, -6.0924e-21, -1.0172e-41,
          2.3767e-03,  2.4373e-02, -2.4211e-03,  6.3050e-03,  6.3050e-03,
          2.5795e-03, -6.1638e-02,  6.1960e-02,  7.5416e-02,  5.4387e-02,
          1.2144e-01, -2.1302e-02, -1.7257e-04]], device='cuda:0')), ('conv1.aggr.t', tensor([1.], device='cuda:0')), ('bn1.weight', tensor([0.9992, 0.7951, 0.8305, 0.8670, 0.6630, 0.9046, 1.0011, 0.6817],
       device='cuda:0')), ('bn1.bias', tensor([ 0.1712, -0.0992, -0.0752, -0.0259, -0.1319,  0.1196,  0.0632, -0.2301],
       device='cuda:0')), ('bn1.running_mean', tensor([  12.4956,  -97.7262, -489.8226, -601.1424,   32.9842,   39.0661,
          55.7387,  -14.5551], device='cuda:0')), ('bn1.running_var', tensor([  673.6709,   403.8880, 30404.3672, 56818.8203,   200.9254,  2950.5420,
         4185.6768,    82.9166], device='cuda:0')), ('bn1.num_batches_tracked', tensor(47024, device='cuda:0')), ('conv2.bias', tensor([-2.2220e-06, -5.1907e-07, -7.3745e-06, -1.8682e-07, -1.1741e-05,
         1.0101e-06,  5.6410e-07, -9.6008e-06, -1.8946e-07,  7.8389e-06,
         8.6783e-06,  2.2596e-08, -1.9456e-06, -4.2130e-06,  3.7699e-06,
        -5.2079e-06], device='cuda:0')), ('conv2.lin.weight', tensor([[-0.0803,  0.1102,  0.0035, -0.2207, -0.0737,  0.1611,  0.1205,  0.0874],
        [-0.2242,  0.1367, -0.1582, -0.1432,  0.1276,  0.2194,  0.0320, -0.0293],
        [-0.2292, -0.0903, -0.1141, -0.1259,  0.0348,  0.2258,  0.3626, -0.0237],
        [-0.0625, -0.1499,  0.1166,  0.3043,  0.0428, -0.0568,  0.3905, -0.3074],
        [ 0.0420,  0.1364, -0.1933, -0.0631, -0.1408, -0.0986,  0.3067, -0.2767],
        [-0.1117, -0.1176, -0.2527, -0.2772, -0.0153, -0.0033,  0.3901,  0.2298],
        [-0.3162,  0.4009, -0.1122, -0.2247,  0.2719, -0.4587, -0.4652,  0.1140],
        [ 0.2394, -0.1116, -0.3329,  0.3618, -0.3105,  0.0193, -0.2734,  0.0822],
        [ 0.1594, -0.3133,  0.3295,  0.0689,  0.1246,  0.2586, -0.2588, -0.2776],
        [ 0.1468, -0.0899, -0.1449,  0.1035, -0.4041,  0.0398, -0.1573,  0.0716],
        [ 0.0362, -0.0313, -0.0474,  0.3667,  0.1755, -0.0606,  0.4180, -0.0613],
        [ 0.2849,  0.2595,  0.1768,  0.1339, -0.1139, -0.2602, -0.0889,  0.0750],
        [-0.3017,  0.2291, -0.2212, -0.0285,  0.0107,  0.2366,  0.2708, -0.0181],
        [ 0.0113,  0.0103, -0.0338, -0.4050,  0.1018,  0.3800,  0.0572, -0.1892],
        [-0.2797, -0.0390, -0.4236, -0.0300, -0.0340,  0.1161,  0.2740,  0.1334],
        [-0.4506,  0.0760, -0.2811,  0.3007,  0.1814,  0.3282,  0.3772, -0.2566]],
       device='cuda:0')), ('conv2.aggr.t', tensor([1.], device='cuda:0')), ('bn2.weight', tensor([0.8476, 0.8516, 0.8104, 0.7395, 0.7563, 0.8881, 0.7514, 0.7331, 0.8594,
        0.7292, 0.7675, 0.8681, 0.8448, 0.7640, 0.9893, 0.8597],
       device='cuda:0')), ('bn2.bias', tensor([ 0.2999, -0.0746,  0.3313, -0.2625,  0.2868,  0.3088,  0.3985,  0.1619,
         0.5881,  0.0491,  0.2208,  0.1982, -0.0200, -0.2684, -0.3240,  0.3751],
       device='cuda:0')), ('bn2.running_mean', tensor([ 0.0433,  0.0066,  0.0885,  0.1778,  0.0029, -0.0252, -0.4128, -0.0921,
         0.0850, -0.1118,  0.2789,  0.0698,  0.0981,  0.0661, -0.0470,  0.1916],
       device='cuda:0')), ('bn2.running_var', tensor([0.0606, 0.1188, 0.1686, 0.0662, 0.0676, 0.1429, 0.1929, 0.1288, 0.1353,
        0.0449, 0.0856, 0.1569, 0.2309, 0.1238, 0.2268, 0.3532],
       device='cuda:0')), ('bn2.num_batches_tracked', tensor(47024, device='cuda:0')), ('conv3.bias', tensor([ 1.8376e-06,  1.2805e-06,  3.7838e-06,  6.5366e-07,  4.1285e-06,
        -1.6086e-06,  2.8355e-06,  1.1155e-07,  1.7211e-06, -3.4389e-06,
        -5.7655e-07,  2.3673e-06,  4.0697e-07,  2.0671e-06, -1.2171e-06,
         1.9200e-06, -7.5117e-07,  1.6004e-06,  3.4139e-06, -2.7146e-06,
        -2.5808e-07, -3.4944e-06,  6.5770e-07,  1.3809e-06,  2.8864e-06,
         1.2066e-06,  2.3680e-06, -5.2316e-07,  3.2799e-06, -3.2420e-07,
         3.7943e-07, -3.8710e-06], device='cuda:0')), ('conv3.lin.weight', tensor([[ 6.3319e-02, -1.4458e-01,  1.3066e-02,  8.4652e-02,  1.1865e-01,
         -2.1548e-01, -2.1570e-01,  2.5938e-02, -2.8039e-01, -2.3982e-02,
         -1.6825e-01, -3.1999e-01, -4.3453e-02, -1.0119e-01, -1.2903e-01,
         -7.8484e-02],
        [ 2.1621e-01, -1.6751e-03,  6.9863e-02,  1.1119e-01,  1.8020e-02,
         -2.5191e-01,  7.9851e-02, -8.2817e-02,  2.0690e-01,  1.3746e-01,
          1.2834e-01, -8.6911e-02,  4.8779e-02, -1.1041e-01,  2.5187e-01,
         -2.1384e-01],
        [ 2.0367e-01, -5.5178e-02, -1.7642e-01, -3.8212e-02, -5.5711e-02,
         -1.7987e-01, -1.1318e-01,  5.8233e-02, -2.0751e-01, -6.6356e-02,
         -1.5538e-02,  2.4310e-01,  3.9766e-02,  1.1945e-01,  3.8178e-02,
          1.7978e-01],
        [ 1.0468e-01,  9.1608e-02,  9.8800e-02, -1.7876e-01,  1.7008e-02,
          2.2699e-01,  1.0722e-01, -4.4054e-02,  2.5046e-01,  1.0667e-01,
          2.1670e-01,  8.3438e-02,  1.5710e-01, -2.0044e-01, -2.7853e-01,
          1.1458e-01],
        [-7.2773e-02, -2.1490e-02, -1.0050e-01,  5.9623e-03,  2.1621e-01,
         -1.4098e-01, -1.5668e-01,  1.1461e-01,  1.0533e-01, -2.6255e-01,
          1.2786e-01, -1.2302e-01, -2.4543e-01,  3.7193e-01,  2.1234e-01,
         -1.5197e-02],
        [ 1.3339e-01, -2.5646e-02, -1.3484e-01,  1.0170e-01, -1.0608e-02,
         -2.2784e-01, -1.6337e-01, -4.8224e-02, -2.3009e-01, -4.1821e-02,
         -5.6300e-02, -3.0878e-01,  1.7590e-01, -7.0294e-02, -2.3549e-01,
         -1.1623e-01],
        [-2.1386e-01,  2.2343e-01, -6.2528e-02,  1.9954e-01, -1.5843e-01,
         -1.5226e-01, -2.4453e-01, -2.6628e-02, -2.8559e-01, -5.2828e-02,
         -1.9947e-01,  1.3193e-01,  8.9133e-02,  1.2410e-01,  1.7230e-01,
         -2.2868e-01],
        [ 1.4027e-01, -2.6130e-01,  1.7395e-01, -3.1454e-02,  2.9193e-02,
          7.9006e-02,  7.6680e-02,  1.2622e-01,  5.3437e-03,  1.2506e-01,
         -2.5982e-02, -1.2310e-01, -1.4241e-01,  3.2756e-02, -2.5736e-01,
          2.6457e-01],
        [ 9.0393e-02, -5.3169e-03,  1.7094e-01, -1.2140e-02, -1.3032e-01,
          1.8443e-01, -3.0123e-02, -4.2548e-02,  7.6215e-02,  8.7091e-02,
          4.1650e-02,  7.3824e-02, -9.2120e-02, -4.3031e-02,  1.9276e-02,
         -1.1044e-01],
        [ 1.6367e-01,  1.4707e-01, -6.3728e-02, -4.8240e-02, -3.9512e-02,
          2.4359e-01,  4.3634e-03,  9.1642e-03,  1.0206e-01, -4.1056e-02,
          9.6124e-02,  2.1528e-01,  7.2501e-02, -1.0335e-01, -4.0993e-02,
         -1.3164e-01],
        [-1.7498e-01,  2.1500e-01,  1.1766e-01, -9.3069e-02, -3.3372e-02,
          3.9934e-02, -9.1230e-02, -3.5883e-01, -6.3988e-02,  1.5053e-01,
          1.4805e-01, -2.4398e-01, -2.7964e-01, -1.2771e-01, -4.6555e-02,
         -1.5556e-01],
        [ 1.6970e-01, -3.7384e-02,  2.3887e-01, -4.1345e-02, -8.3437e-02,
          1.7662e-01,  2.1510e-01,  1.0042e-01,  1.6452e-01,  1.1966e-01,
          1.5523e-01,  3.0293e-01,  1.9742e-01,  3.2737e-02, -2.8628e-01,
          1.6124e-01],
        [ 2.9055e-03, -2.4952e-01,  1.8110e-01,  8.6432e-02, -1.2774e-01,
          2.3647e-01,  2.1593e-01,  2.7048e-01,  1.5439e-01,  1.2648e-02,
         -1.4505e-02, -5.1100e-02,  9.7805e-02,  1.1458e-01, -2.0368e-01,
          2.0089e-01],
        [ 1.0664e-01, -1.8140e-01,  2.0355e-01,  1.1536e-01, -2.8123e-02,
         -1.1989e-01,  1.8360e-01, -1.1803e-01, -8.5113e-02,  1.0839e-01,
          2.0248e-01,  1.3044e-01, -8.7090e-02,  1.4791e-01,  2.1001e-01,
         -2.2552e-01],
        [ 3.0212e-01,  1.7575e-01, -1.0181e-01, -7.9872e-02,  1.4338e-01,
         -1.0487e-01,  1.1562e-01,  8.2525e-02,  2.0412e-01, -7.5557e-02,
          1.2705e-01,  2.2199e-01, -6.8220e-02, -1.5020e-01,  6.3003e-02,
          1.7584e-01],
        [ 1.6836e-01,  7.8563e-02, -1.8182e-01,  1.5103e-01,  1.9612e-01,
          3.5704e-02,  2.7404e-02, -1.2458e-01,  9.5913e-02,  4.7518e-02,
         -5.9881e-02, -1.5061e-01,  1.5999e-01, -2.2477e-01, -2.3075e-01,
         -1.2766e-01],
        [ 2.2923e-01,  1.0227e-01, -2.0128e-01, -1.5790e-01,  5.1386e-03,
         -1.0847e-01,  3.5190e-02,  2.2779e-01, -7.9497e-02, -1.8143e-01,
          2.7048e-01, -1.0877e-01,  2.3053e-01, -4.1767e-02, -1.8722e-01,
         -6.5550e-02],
        [-9.3486e-02, -1.1352e-01,  1.1859e-02,  2.2828e-02,  1.5970e-02,
          2.5754e-02,  6.5091e-02, -7.8408e-04, -1.0826e-03,  9.0645e-02,
          1.3307e-01,  3.2370e-02,  1.5212e-01,  2.9810e-02,  1.3835e-01,
         -1.0646e-01],
        [-7.0557e-02, -1.4187e-01, -3.4476e-01,  5.8561e-02,  1.6315e-01,
          6.0625e-03, -1.5894e-01, -7.7568e-02, -7.6691e-03, -8.1113e-02,
         -1.5603e-01, -1.0878e-01,  1.6056e-01, -1.7571e-01,  1.1735e-01,
          9.1311e-02],
        [-4.7964e-02, -7.1703e-02, -2.8230e-01,  1.8124e-02,  1.8399e-01,
          1.4802e-01,  1.8065e-01, -1.4416e-01,  1.6296e-01,  5.0409e-02,
          1.3115e-01, -2.2306e-01,  1.6600e-01, -1.0259e-01, -8.9695e-02,
         -1.5310e-02],
        [-2.3558e-02,  2.7957e-02, -2.1013e-01,  1.0981e-01, -1.3836e-01,
         -1.9801e-01,  5.8451e-03,  8.2846e-02, -2.8450e-01, -8.2207e-02,
          7.9291e-02,  2.6015e-02, -5.5483e-02,  3.0635e-01,  2.5576e-01,
         -1.5093e-01],
        [ 1.4344e-01,  2.8001e-01, -1.2844e-01,  8.4227e-02, -5.7283e-02,
         -8.6562e-02,  1.0038e-01, -1.5151e-01, -5.3360e-02,  1.4880e-01,
          1.1865e-01,  1.2717e-01,  5.1709e-02,  1.1515e-01, -1.8619e-01,
         -5.3989e-02],
        [ 1.1237e-02,  1.7858e-01, -1.8754e-01,  4.4934e-03,  2.2189e-01,
         -1.4648e-01,  4.5307e-02, -1.9059e-01,  5.7104e-02,  7.7842e-02,
         -6.0783e-02, -5.0208e-02, -1.9402e-01, -7.0523e-02, -5.7697e-02,
          2.1500e-01],
        [-4.5075e-03, -2.0852e-01,  3.1633e-01,  1.7062e-04, -6.1754e-02,
         -6.3784e-03,  1.8319e-02,  8.4020e-02,  4.6741e-02,  6.1857e-03,
          5.2759e-02, -5.7930e-02,  1.1590e-01, -7.2063e-02, -1.4612e-02,
         -4.4120e-02],
        [ 5.8480e-02,  1.8691e-01,  1.7003e-01,  1.5052e-01,  3.8324e-02,
         -2.4803e-01, -7.5862e-03, -1.1113e-02,  1.3493e-02,  6.1835e-02,
         -7.9905e-02, -2.6272e-01, -7.3411e-02, -7.0505e-02, -7.3162e-02,
         -2.5290e-01],
        [-1.5824e-01,  6.2009e-02, -1.7873e-02, -1.4444e-01,  7.1862e-02,
          2.2465e-01,  2.4103e-02, -2.0950e-01,  8.4280e-03,  1.9961e-02,
          9.5326e-02, -1.6150e-01, -2.3365e-01, -1.1115e-01, -1.7814e-01,
          1.3178e-01],
        [ 1.4343e-01, -9.7915e-02,  3.0800e-01, -2.7782e-02,  2.4981e-01,
         -1.7371e-01,  1.1390e-01,  5.3595e-02,  1.9766e-01, -9.7761e-02,
         -7.1567e-02,  1.7587e-01, -1.1309e-01, -1.1960e-01,  2.5065e-01,
         -1.5875e-01],
        [-1.8946e-01, -2.7675e-02, -6.5576e-02,  6.6136e-02, -1.7683e-01,
         -1.0786e-01, -1.8713e-01, -1.7168e-01, -3.5187e-01,  1.7383e-02,
         -6.1178e-02, -2.4726e-01, -1.3268e-01,  1.5834e-01, -2.6507e-02,
         -4.2478e-02],
        [-1.9364e-01, -4.2025e-02, -6.4128e-02,  1.4979e-01,  4.9273e-02,
          5.7959e-02,  2.9548e-02,  6.6206e-02,  9.2551e-02,  5.5928e-02,
         -1.9819e-01, -2.9159e-02,  1.8888e-01,  7.8203e-02,  8.0425e-02,
         -1.0079e-01],
        [ 2.1546e-01,  2.1616e-01,  6.5326e-02, -9.5004e-03,  1.7636e-01,
          4.8231e-02,  3.0000e-02, -6.0597e-02, -1.2242e-01,  2.3967e-01,
         -5.6543e-02,  1.2762e-01,  2.3417e-01,  5.3797e-02, -3.3228e-01,
          2.6212e-01],
        [-1.8119e-01, -3.2289e-02, -1.3793e-01, -1.4004e-01,  7.1478e-02,
          4.2776e-02,  1.7823e-01, -9.4141e-02,  3.0379e-02,  4.2753e-02,
          1.5439e-01, -1.0121e-01, -1.1587e-01,  1.4067e-01,  2.1489e-03,
          1.7456e-01],
        [-1.0227e-01,  3.2970e-02, -2.2175e-01,  3.8717e-03, -2.0769e-01,
          4.9807e-02,  4.2676e-02,  3.8331e-02, -3.9086e-02,  4.7483e-02,
          1.8836e-01, -2.4600e-01,  2.2065e-01,  2.0790e-01,  7.4861e-02,
         -3.2232e-01]], device='cuda:0')), ('bn3.weight', tensor([1., 1., 1., 1., 1., 1., 1., 1., 1., 1., 1., 1., 1., 1., 1., 1., 1., 1.,
        1., 1., 1., 1., 1., 1., 1., 1., 1., 1., 1., 1., 1., 1.],
       device='cuda:0')), ('bn3.bias', tensor([0., 0., 0., 0., 0., 0., 0., 0., 0., 0., 0., 0., 0., 0., 0., 0., 0., 0., 0., 0., 0., 0., 0., 0.,
        0., 0., 0., 0., 0., 0., 0., 0.], device='cuda:0')), ('bn3.running_mean', tensor([0., 0., 0., 0., 0., 0., 0., 0., 0., 0., 0., 0., 0., 0., 0., 0., 0., 0., 0., 0., 0., 0., 0., 0.,
        0., 0., 0., 0., 0., 0., 0., 0.], device='cuda:0')), ('bn3.running_var', tensor([1., 1., 1., 1., 1., 1., 1., 1., 1., 1., 1., 1., 1., 1., 1., 1., 1., 1.,
        1., 1., 1., 1., 1., 1., 1., 1., 1., 1., 1., 1., 1., 1.],
       device='cuda:0')), ('bn3.num_batches_tracked', tensor(0, device='cuda:0'))])