OrderedDict([('conv1.bias', tensor([-2.0585e-06,  6.8932e-08,  3.5170e-06, -1.4991e-08, -3.2557e-06,
        -1.8728e-06,  1.9535e-07, -1.3253e-07], device='cuda:0')), ('conv1.lin.weight', tensor([[-3.9884e-04,  1.0499e-04,  1.8556e-04,  5.3573e-05, -2.9311e-06,
          6.4273e-04,  4.6041e-23,  8.5969e-08, -1.7117e-08, -3.6646e-15,
          1.9590e-04,  2.8028e-03,  1.1907e-03, -5.1049e-05,  9.3013e-04,
         -1.5290e-02,  1.9778e-03, -9.2257e-04,  3.6683e-04,  2.0119e-03,
         -1.9952e-03, -1.4835e-03,  1.2202e-03,  2.7217e-04,  4.7665e-05,
          2.3779e-04, -4.9019e-05,  3.6355e-04,  2.8350e-05,  1.9688e-04,
          1.0463e-04, -5.7910e-04, -2.5036e-04, -4.9511e-04,  1.6086e-04,
          1.7062e-04,  3.6190e-17,  3.0304e-04,  5.9101e-02, -1.4230e-02,
         -5.3803e-04,  1.1002e-03,  1.1531e-04,  7.4174e-03,  5.0808e-03,
          1.2025e-04,  6.5975e-04, -5.6188e-03,  1.8824e-04,  7.1472e-05,
          4.8105e-04, -2.7704e-42, -9.7630e-12, -8.5675e-42,  5.2170e-42,
          4.0735e-04,  3.7597e-04, -4.4182e-04,  4.2290e-04,  4.3298e-04,
          3.4449e-05, -5.1379e-03,  2.8528e-03,  6.0974e-04,  1.9894e-03,
          1.2669e-03,  7.2002e-02,  1.8751e-04],
        [ 6.9685e-05,  2.5080e-05, -1.3143e-04, -3.5092e-05,  1.4451e-05,
          1.3391e-04, -1.3004e-42,  1.0650e-43, -2.5644e-42, -2.2451e-17,
          1.9223e-04,  1.5488e-02,  3.6935e-03,  2.7421e-04,  5.2589e-04,
          6.2601e-02,  3.7011e-03,  1.9146e-03,  4.8344e-03,  4.2740e-03,
          2.2863e-03,  2.2005e-03,  3.9800e-03,  4.4124e-05,  4.8694e-04,
          1.6024e-04,  1.4899e-04,  5.4898e-04,  7.7081e-05,  1.6057e-04,
          3.5000e-04,  9.0210e-03,  2.9760e-06, -1.0506e-04,  1.5147e-04,
          1.7085e-04, -6.1684e-15,  2.9124e-05, -8.4930e-02, -3.9217e-02,
         -1.7405e-05,  9.2119e-04,  3.0721e-04, -4.5254e-02,  8.2237e-03,
          2.3370e-04,  5.3639e-03, -2.8055e-02,  3.4560e-04,  2.6115e-05,
          1.2594e-04, -6.9995e-42,  2.1446e-10,  1.4483e-13,  1.6523e-41,
          3.6834e-05,  1.0242e-04,  6.8506e-05,  8.7399e-05,  9.4539e-05,
          1.4356e-04, -1.3901e-02, -2.5152e-03, -9.1371e-04,  9.5728e-03,
          4.0917e-03,  3.5140e-02,  5.6577e-05],
        [ 1.2309e-04, -2.4522e-04,  9.5431e-05,  9.1381e-05,  7.5936e-06,
          1.0093e-04, -9.9032e-25, -1.0468e-07,  2.5560e-42,  5.8560e-42,
         -1.5472e-04,  3.4750e-03,  5.5647e-03,  4.6941e-04, -3.4611e-05,
          1.2986e-01,  3.6706e-03, -1.7114e-03,  6.7067e-04,  1.7999e-04,
          7.6546e-03,  7.7644e-03, -6.6619e-04, -1.3899e-04, -1.2477e-04,
          1.8049e-04, -3.1930e-04,  5.2937e-04,  1.5646e-05,  1.6472e-04,
          2.3496e-04, -4.9044e-03,  7.9610e-05, -8.4156e-05,  2.6609e-04,
          2.7114e-04, -1.9198e-43,  4.9749e-04,  1.3812e-01,  1.5450e-01,
          6.7264e-04,  2.2665e-03,  2.4504e-03, -8.9656e-03, -1.4473e-02,
          3.8385e-04,  5.3295e-03, -5.4153e-02,  3.4202e-04, -2.1389e-05,
          5.8519e-05, -1.0377e-11, -7.6955e-13, -3.8648e-42,  8.2326e-42,
         -3.3753e-05,  2.3072e-05,  1.3844e-04, -9.8769e-05, -9.0329e-05,
          1.4471e-04, -5.5078e-03,  3.3042e-03,  4.0032e-03,  5.9379e-03,
          1.0394e-02,  1.7594e-01, -1.9562e-04],
        [ 8.5352e-05, -9.0728e-05, -6.1874e-05, -9.9379e-05,  7.0666e-05,
         -5.0395e-04,  5.0358e-20, -1.1695e-05, -1.7821e-11, -1.9016e-42,
         -1.0519e-05, -4.6924e-03, -1.0964e-02, -2.6707e-04, -1.3250e-03,
          3.7916e-02, -9.7136e-04, -5.4285e-03, -3.8661e-03, -5.7423e-03,
         -1.6518e-03, -1.4114e-03, -6.5672e-03, -8.4142e-05, -2.0871e-03,
         -1.2515e-04, -2.1676e-05, -1.1706e-03, -7.3888e-05, -1.3265e-04,
         -6.3148e-04, -6.7254e-03, -4.4410e-05,  6.5693e-04, -1.1441e-04,
         -1.0804e-04,  1.3158e-42, -8.9950e-04, -2.0293e-01,  6.5498e-02,
          3.6335e-04,  6.9517e-04,  3.8445e-04,  2.1277e-03, -1.5706e-01,
         -1.4207e-04, -4.9400e-03, -8.3066e-02, -5.9334e-04, -1.3912e-04,
         -2.8468e-04,  5.8089e-14,  3.9937e-43,  6.5441e-43,  1.4812e-20,
         -1.9220e-04, -1.4402e-04,  5.5558e-05, -1.2806e-04, -1.2883e-04,
         -4.2039e-05, -3.3766e-02, -1.2683e-02, -1.2350e-02, -1.4308e-02,
         -3.6598e-02,  7.9316e-02, -1.1896e-04],
        [-2.1241e-04,  2.5091e-04, -6.2950e-05,  5.7575e-05, -1.5657e-05,
          7.4595e-04,  1.1911e-43, -5.6265e-07,  5.9976e-43,  2.2407e-12,
          1.2586e-04,  4.9685e-03,  1.1009e-02, -3.4170e-04,  1.7750e-03,
          1.1773e-01, -4.2806e-04,  6.1282e-03,  7.1838e-03,  7.5188e-03,
         -1.1991e-03, -1.5997e-03,  7.4345e-03,  3.1591e-04,  1.9596e-03,
          3.1435e-04,  2.6045e-04,  8.0157e-04, -3.9370e-05,  2.0020e-04,
          3.2961e-04,  7.9943e-03, -3.7147e-04, -8.0552e-04,  1.9923e-04,
          2.5072e-04, -2.7864e-20,  2.6971e-04,  2.2344e-01,  3.3224e-02,
         -1.3558e-03, -1.5835e-03, -1.4900e-03,  1.9736e-02,  7.1137e-02,
          2.9650e-04,  3.8556e-03,  1.1666e-01,  4.7499e-06,  3.4994e-04,
          5.4744e-04,  1.4518e-09,  7.6189e-42,  3.8648e-16, -2.7874e-27,
          4.1990e-04,  3.5638e-04, -2.5584e-04,  2.9218e-04,  2.8858e-04,
         -1.6627e-04,  3.2294e-02,  1.1976e-02,  1.5235e-02,  1.4288e-02,
          2.8563e-02, -1.9368e-01,  2.7122e-04],
        [ 1.7025e-04,  3.8297e-05, -5.4411e-05, -1.4772e-04, -2.0875e-05,
         -1.3387e-03, -6.1153e-42, -7.5480e-10,  1.6563e-42,  5.9093e-42,
         -8.7536e-05, -3.8548e-03,  6.4792e-03,  1.9182e-05, -2.6260e-03,
          1.0275e-02, -1.9010e-03, -5.7274e-04, -2.7884e-03, -1.9029e-04,
          9.2007e-03,  9.8876e-03,  2.0209e-04, -1.1994e-04, -9.1540e-05,
         -4.1278e-04, -1.3783e-05, -1.3929e-03, -6.8846e-05, -3.8168e-04,
          3.4648e-04,  1.5230e-03,  5.2312e-04,  1.1934e-04, -1.1461e-04,
         -1.4992e-04, -2.4242e-42, -8.7144e-04, -1.5791e-01,  2.3369e-02,
          2.6066e-03,  4.8179e-04,  2.9758e-03, -2.6268e-02, -1.2669e-01,
         -5.1972e-04,  3.6414e-03, -3.6384e-02, -1.0574e-03, -2.4841e-04,
         -1.0049e-03, -1.5839e-13, -5.8714e-43, -1.0482e-42, -5.5337e-42,
         -3.4028e-04, -9.4567e-04,  1.7496e-04, -1.8611e-04, -1.9014e-04,
         -2.9183e-05,  9.5086e-04, -8.5799e-03,  4.9849e-03,  3.9738e-03,
         -7.3055e-03,  2.4295e-02, -2.6199e-05],
        [ 4.0834e-05, -2.1040e-05,  1.3401e-04,  7.8330e-05, -2.6446e-05,
          2.8669e-04,  3.3689e-09, -2.5682e-13, -1.2030e-41, -9.9310e-42,
         -1.1372e-04,  2.0669e-03,  2.5835e-03,  3.1336e-04,  4.4026e-04,
          1.4913e-01,  9.1208e-04,  7.6723e-04,  2.3019e-03,  1.2503e-03,
         -1.2328e-03, -7.9825e-04,  2.0387e-03, -2.6871e-05,  3.1254e-05,
          1.3814e-04, -1.3749e-04,  2.8882e-04, -1.9093e-05,  9.1652e-05,
          6.3053e-05, -1.2189e-03,  1.5220e-06,  1.6261e-05,  1.8986e-04,
          2.0227e-04,  2.5637e-07,  3.9961e-04, -6.6336e-04,  1.7258e-01,
         -4.1909e-04,  3.8760e-04, -4.6483e-04, -9.9321e-02, -2.6284e-02,
          1.0854e-04,  7.3328e-04,  8.1802e-02,  4.3322e-04,  1.4255e-04,
          1.7656e-04, -3.3295e-42,  8.9333e-42, -1.7698e-42, -3.5075e-42,
          1.2230e-05,  9.5027e-05,  5.0888e-05,  5.0668e-05,  2.3715e-05,
         -4.8988e-05,  1.4584e-03,  2.8750e-03,  3.6112e-03,  2.9508e-03,
          9.6156e-03, -1.3627e-01,  9.7056e-06],
        [-1.1920e-04,  1.4092e-05,  7.4057e-05, -4.7748e-05,  7.4046e-07,
         -2.3167e-04, -1.6255e-43,  3.6006e-14, -8.0561e-42, -1.1757e-08,
          6.2585e-05, -6.0931e-03, -1.2115e-02, -3.7791e-04, -1.5006e-03,
         -9.0485e-02, -1.2679e-03, -2.2563e-03, -5.5206e-03, -3.9562e-03,
         -4.8116e-03, -4.9768e-03, -4.5439e-03,  1.1249e-05, -1.9505e-03,
          1.2593e-05, -5.8264e-05, -9.8800e-04, -1.6993e-05,  3.5894e-05,
         -4.3723e-04, -3.3779e-03, -4.7747e-04,  7.3319e-04,  5.3823e-06,
         -2.2476e-05, -2.6877e-42, -1.2209e-04,  1.0770e-01, -1.1105e-01,
          3.2761e-04, -7.0265e-04,  5.3355e-04,  3.9929e-02, -1.3526e-01,
          6.1042e-05, -7.0107e-03, -6.7313e-02, -3.0156e-05, -2.0298e-04,
         -2.0428e-04,  9.8774e-11, -2.5603e-38, -4.5206e-42,  2.1002e-14,
         -3.1344e-04, -2.0276e-05, -1.1857e-04,  3.6065e-05,  4.0625e-05,
         -7.9300e-05, -6.6090e-03, -5.9647e-03, -9.0648e-03, -1.2806e-02,
         -3.0773e-02, -7.4625e-02,  1.4424e-05]], device='cuda:0')), ('conv1.aggr.t', tensor([1.], device='cuda:0')), ('bn1.weight', tensor([0.5896, 0.8588, 0.7061, 0.6783, 0.7176, 0.8569, 0.7637, 0.7971],
       device='cuda:0')), ('bn1.bias', tensor([-0.0416,  0.0517, -0.0663, -0.0928, -0.0760,  0.0692,  0.0662,  0.0771],
       device='cuda:0')), ('bn1.running_mean', tensor([ 536.0325,   70.5017, 1833.1119,   94.7968, -356.3851, -202.8507,
        -272.0708, -759.6034], device='cuda:0')), ('bn1.running_var', tensor([119782.3828, 126372.1406, 965942.1875, 256010.5781, 884928.1875,
         46240.3672, 314732.9688, 471455.7812], device='cuda:0')), ('bn1.num_batches_tracked', tensor(47024, device='cuda:0')), ('conv2.bias', tensor([ 5.2770e-06, -2.2751e-06,  2.3255e-06, -6.0849e-06, -3.5207e-06,
         1.2848e-06,  6.7448e-07,  1.5343e-06, -5.1065e-06,  1.2177e-06,
         4.5159e-06, -4.8770e-06,  8.0078e-07,  6.0143e-07,  2.4093e-07,
         8.2646e-07], device='cuda:0')), ('conv2.lin.weight', tensor([[-0.0031,  0.0774,  0.2069,  0.1123,  0.0809,  0.3978, -0.0960,  0.2210],
        [-0.1752, -0.2646, -0.0158,  0.1747,  0.0166, -0.2229,  0.1035,  0.2856],
        [ 0.1126, -0.3874,  0.0771,  0.4144, -0.2450, -0.0717, -0.1741, -0.0290],
        [-0.2308, -0.0567,  0.0797, -0.2552, -0.2606,  0.0734,  0.1627, -0.0040],
        [-0.1600, -0.2971,  0.1212,  0.2358,  0.1160, -0.2503,  0.0769, -0.3034],
        [-0.0575, -0.4526,  0.1633,  0.3425, -0.3454, -0.2930,  0.3781,  0.4011],
        [-0.0282,  0.0122,  0.2003,  0.1616, -0.0913,  0.3614,  0.0395, -0.1064],
        [ 0.0633,  0.2920, -0.0510, -0.1410, -0.2630, -0.1066, -0.4146, -0.2660],
        [ 0.2542, -0.1171, -0.1748, -0.0495, -0.1009, -0.2736, -0.1847,  0.3412],
        [-0.2043,  0.1696, -0.1022,  0.2908, -0.2136,  0.3154,  0.0523,  0.2363],
        [ 0.1443, -0.1568,  0.0049,  0.0879,  0.4072,  0.0059,  0.3480,  0.0334],
        [-0.0136,  0.2982,  0.0073, -0.0685,  0.4611,  0.0676, -0.1033, -0.2051],
        [-0.1527,  0.2970,  0.2256,  0.1605, -0.2931,  0.0879, -0.3479, -0.3801],
        [-0.0592, -0.1610, -0.2540, -0.2857, -0.0287, -0.3527,  0.3451, -0.2524],
        [ 0.1463,  0.1986,  0.0080,  0.1831,  0.1808, -0.3613, -0.2282, -0.3330],
        [ 0.0251, -0.3415,  0.2636,  0.3034, -0.2354, -0.0669, -0.1968,  0.3029]],
       device='cuda:0')), ('conv2.aggr.t', tensor([1.], device='cuda:0')), ('bn2.weight', tensor([0.6521, 0.7013, 0.6780, 0.6733, 0.6995, 0.7815, 0.7364, 0.6778, 0.7422,
        0.6909, 0.7285, 0.8095, 0.7194, 0.7069, 0.7667, 0.7224],
       device='cuda:0')), ('bn2.bias', tensor([-2.9850e-01,  6.0868e-01, -9.4324e-02,  3.0144e-01, -3.3417e-04,
        -5.0942e-01,  3.7405e-01,  5.8421e-01,  6.2019e-02,  1.6370e-01,
         5.3866e-01, -2.3025e-01, -2.2658e-01, -3.7864e-01,  2.1450e-01,
         1.0350e-01], device='cuda:0')), ('bn2.running_mean', tensor([ 0.3261, -0.0453, -0.1554, -0.0960, -0.2073,  0.0220,  0.1797, -0.2633,
        -0.1120,  0.2252,  0.2292,  0.1232, -0.1172, -0.3227, -0.1334, -0.0192],
       device='cuda:0')), ('bn2.running_var', tensor([0.1627, 0.1785, 0.1075, 0.0471, 0.1113, 0.3050, 0.1631, 0.1847, 0.1244,
        0.1333, 0.1006, 0.0882, 0.3875, 0.3245, 0.1237, 0.1071],
       device='cuda:0')), ('bn2.num_batches_tracked', tensor(47024, device='cuda:0')), ('conv3.bias', tensor([-9.5753e-07, -5.1186e-07,  1.9940e-06,  3.0320e-06,  3.5419e-06,
         8.3851e-07,  5.2619e-07, -5.5544e-07,  9.7887e-07, -2.4591e-07,
        -4.3300e-07, -7.3846e-07, -2.8233e-07, -2.2592e-07,  3.3083e-07,
        -8.9036e-07, -7.7050e-07,  2.4927e-06, -1.8075e-07,  3.0033e-06,
        -4.0476e-07,  1.0210e-06, -9.5517e-07, -1.0063e-06,  2.5514e-06,
         4.4780e-07,  2.0076e-06,  4.9936e-06, -3.1899e-06, -1.5671e-06,
        -2.0305e-06,  5.4569e-06], device='cuda:0')), ('conv3.lin.weight', tensor([[ 0.1506, -0.0640, -0.1788,  0.0841, -0.1198,  0.0371, -0.1442,  0.0618,
         -0.0074,  0.0762,  0.2335, -0.1236,  0.0789,  0.0168,  0.1365,  0.1292],
        [-0.0512, -0.1434, -0.0168, -0.0808, -0.1133,  0.1960, -0.0978,  0.1349,
         -0.1872, -0.1505,  0.0933,  0.0872, -0.0098,  0.0780, -0.1811,  0.2015],
        [-0.2512,  0.0140, -0.0186,  0.1014, -0.0720,  0.1184,  0.1332, -0.0369,
          0.0842,  0.0817,  0.1032, -0.0556,  0.0425, -0.1104,  0.1849, -0.0770],
        [ 0.0408,  0.3014, -0.0864,  0.1237,  0.0194, -0.1817,  0.1527,  0.2297,
          0.0043, -0.0361,  0.1111,  0.1160, -0.0468,  0.0792, -0.0659,  0.1404],
        [ 0.0712,  0.0046,  0.1195, -0.0526,  0.0801, -0.1290,  0.1491,  0.0655,
          0.1885, -0.1184,  0.0411, -0.0014,  0.1068,  0.1740, -0.2232, -0.0723],
        [ 0.0426, -0.1057, -0.2049, -0.1127, -0.1773,  0.2468, -0.0288, -0.1880,
         -0.1632, -0.1638, -0.1926, -0.0140,  0.1828,  0.1648,  0.0215,  0.1440],
        [ 0.1787,  0.0069,  0.0314, -0.0575, -0.0515, -0.0158, -0.1660, -0.1089,
         -0.0211, -0.0203, -0.0605,  0.1114,  0.0777,  0.0674, -0.0940,  0.1178],
        [-0.0196,  0.2160, -0.0392,  0.0583, -0.1694,  0.0439,  0.1578,  0.2922,
         -0.0975, -0.0788,  0.2698, -0.0938, -0.0174, -0.0559,  0.1434,  0.1052],
        [-0.1948, -0.0389,  0.1795, -0.1699,  0.0830, -0.0433,  0.0641,  0.1598,
          0.1044,  0.1525,  0.0063,  0.2226, -0.1988,  0.0838, -0.2361,  0.0027],
        [ 0.2452,  0.0737,  0.2507,  0.0814, -0.0947,  0.1580, -0.0639, -0.0148,
         -0.1216, -0.1279, -0.1511,  0.2605, -0.1386,  0.1922,  0.0184, -0.1795],
        [ 0.1289, -0.1518,  0.2512, -0.0392, -0.1570,  0.2271, -0.2114, -0.1017,
         -0.1289, -0.0608,  0.0679,  0.0925,  0.1586,  0.0929, -0.0893, -0.1727],
        [ 0.1198, -0.1166, -0.1486, -0.0584, -0.0727,  0.1710,  0.1694, -0.0069,
          0.0241, -0.2382,  0.0940, -0.2241,  0.0683, -0.0857,  0.1550, -0.1005],
        [ 0.0953, -0.1501, -0.1797, -0.1078,  0.1485, -0.0878, -0.1878, -0.1672,
          0.0170,  0.2025, -0.2365, -0.0878, -0.1437,  0.1475,  0.0760,  0.1463],
        [ 0.0563, -0.1329, -0.0063, -0.1439,  0.0117,  0.0221, -0.0292, -0.0451,
          0.0964,  0.0387, -0.1359, -0.0790, -0.0204,  0.1056, -0.1506, -0.1297],
        [ 0.0632, -0.1502,  0.1595, -0.1846, -0.0190,  0.2601, -0.0730, -0.1074,
         -0.1442, -0.1432, -0.1330,  0.0353,  0.1080,  0.0385, -0.1722, -0.1901],
        [-0.1181, -0.0247, -0.0799,  0.1065,  0.0209, -0.0524, -0.1259, -0.2134,
         -0.0720,  0.0447, -0.1248, -0.1974,  0.0631, -0.1909,  0.1498,  0.0552],
        [ 0.0287, -0.1757, -0.0472, -0.1324,  0.0388,  0.1832, -0.1745, -0.1836,
         -0.0344,  0.1653, -0.2168,  0.1438, -0.0373,  0.1523,  0.0081,  0.0955],
        [ 0.1043, -0.0394,  0.0367, -0.0133,  0.1281,  0.1216, -0.1791, -0.0529,
         -0.1172,  0.0448, -0.0599,  0.0203, -0.0327, -0.1091, -0.1188, -0.1327],
        [ 0.2629,  0.0328,  0.0384,  0.0835, -0.1393,  0.2039, -0.1546, -0.1119,
         -0.1727, -0.0965, -0.1456, -0.1447,  0.0515,  0.0457,  0.1541, -0.2281],
        [-0.0762, -0.1946, -0.0017, -0.1459,  0.1597,  0.0797,  0.0716, -0.1591,
         -0.1120,  0.0268, -0.2820, -0.1089, -0.1993,  0.0491,  0.0464, -0.1169],
        [ 0.0158, -0.0590,  0.1081,  0.1221, -0.0876, -0.1365,  0.1289, -0.1290,
          0.0186, -0.0082, -0.1056,  0.0434, -0.1493,  0.1570,  0.0432,  0.1872],
        [-0.1009,  0.1499,  0.1642,  0.0557, -0.1264, -0.2060, -0.0790,  0.2109,
         -0.1409,  0.0910,  0.1239, -0.0633, -0.1069,  0.0041, -0.0318, -0.0794],
        [-0.0553,  0.2493, -0.0529,  0.1199, -0.0566, -0.1533,  0.0965,  0.1280,
         -0.1270,  0.0956,  0.0714, -0.2009, -0.1732, -0.1755,  0.1528, -0.0541],
        [ 0.1831,  0.0121, -0.1249,  0.0690,  0.1612, -0.0349,  0.1198,  0.0651,
          0.0927, -0.1644,  0.0735, -0.1603, -0.1396, -0.1550,  0.1963, -0.1004],
        [-0.1048, -0.0891, -0.0873, -0.0635, -0.0584, -0.0872,  0.1360,  0.0380,
         -0.0161,  0.0138, -0.0835, -0.0875,  0.0213,  0.2149, -0.0327,  0.1865],
        [-0.0135,  0.0609, -0.1549, -0.0327,  0.0990, -0.0415,  0.0894, -0.1152,
          0.0707, -0.1236, -0.2773,  0.1132, -0.0294, -0.0104,  0.0026,  0.1095],
        [ 0.0229, -0.2172, -0.0283,  0.0355, -0.0943,  0.0941,  0.0760, -0.1182,
          0.1931, -0.0793, -0.0239, -0.0281, -0.0390,  0.0601,  0.1093,  0.0010],
        [-0.1607,  0.0528, -0.0412, -0.0749, -0.1445,  0.0172,  0.1630,  0.2375,
         -0.0982, -0.0210,  0.1404, -0.2406, -0.1666, -0.0640, -0.0126, -0.0698],
        [-0.1014,  0.2162, -0.0229,  0.0477,  0.1293, -0.0752, -0.1329,  0.0905,
         -0.1028,  0.1115,  0.0348,  0.1531, -0.0480, -0.1749, -0.0651,  0.1378],
        [ 0.0492,  0.0172, -0.0327, -0.1484, -0.0461, -0.1207,  0.1287, -0.0599,
          0.2232, -0.0715,  0.0028,  0.0119,  0.1460,  0.1304, -0.0932, -0.0417],
        [ 0.0586,  0.2697,  0.0376, -0.0111, -0.1741,  0.1075,  0.1661,  0.1497,
         -0.0246,  0.0808,  0.1185, -0.0251,  0.0620,  0.1208,  0.1768, -0.1431],
        [ 0.0270,  0.1057, -0.0987,  0.0375, -0.1216,  0.1053,  0.1387,  0.1061,
          0.0412, -0.1903,  0.0161,  0.2376,  0.1407,  0.1749, -0.1276,  0.0934]],
       device='cuda:0')), ('bn3.weight', tensor([1., 1., 1., 1., 1., 1., 1., 1., 1., 1., 1., 1., 1., 1., 1., 1., 1., 1.,
        1., 1., 1., 1., 1., 1., 1., 1., 1., 1., 1., 1., 1., 1.],
       device='cuda:0')), ('bn3.bias', tensor([0., 0., 0., 0., 0., 0., 0., 0., 0., 0., 0., 0., 0., 0., 0., 0., 0., 0., 0., 0., 0., 0., 0., 0.,
        0., 0., 0., 0., 0., 0., 0., 0.], device='cuda:0')), ('bn3.running_mean', tensor([0., 0., 0., 0., 0., 0., 0., 0., 0., 0., 0., 0., 0., 0., 0., 0., 0., 0., 0., 0., 0., 0., 0., 0.,
        0., 0., 0., 0., 0., 0., 0., 0.], device='cuda:0')), ('bn3.running_var', tensor([1., 1., 1., 1., 1., 1., 1., 1., 1., 1., 1., 1., 1., 1., 1., 1., 1., 1.,
        1., 1., 1., 1., 1., 1., 1., 1., 1., 1., 1., 1., 1., 1.],
       device='cuda:0')), ('bn3.num_batches_tracked', tensor(0, device='cuda:0'))])