OrderedDict([('conv1.bias', tensor([-1.1146e-07, -7.1919e-07, -1.2270e-07,  3.9810e-07,  4.2062e-07,
         3.0724e-06,  9.4677e-08,  4.0669e-08], device='cuda:0')), ('conv1.lin.weight', tensor([[ 3.5417e-05,  1.6403e-06,  1.9643e-04, -2.2510e-04, -4.4901e-05,
         -1.1102e-04,  6.1463e-06, -6.9420e-42,  5.6205e-17,  9.6073e-42,
          5.2178e-04,  2.1068e-03,  6.9677e-03,  8.6021e-04,  2.4766e-04,
          2.1050e-02,  1.8487e-03,  1.4439e-03,  3.3825e-03,  3.4377e-03,
          7.0263e-04,  3.4698e-04,  3.2116e-03, -4.4031e-05,  2.1588e-04,
         -2.2585e-04, -4.7986e-04,  3.1672e-04, -3.1308e-06, -2.2585e-04,
          3.3772e-04, -9.9035e-04,  6.6350e-04, -4.2649e-04, -8.2470e-05,
         -6.1318e-05,  4.9816e-42,  9.3228e-04, -8.1349e-02, -4.3412e-02,
         -2.0801e-04,  1.1790e-03,  8.9964e-04, -1.9120e-03, -4.1307e-03,
         -2.0092e-04,  3.2142e-03, -1.5649e-01,  4.3256e-04,  1.1176e-04,
         -2.1744e-04, -9.2304e-42,  1.0405e-41,  3.5453e-43,  1.2208e-41,
          1.3037e-04, -2.3936e-04,  3.5417e-05, -2.3749e-04, -2.3749e-04,
         -1.5773e-04, -1.2096e-03,  6.4811e-03,  7.2952e-03,  7.7417e-03,
          1.4628e-02,  1.8649e-02,  3.8616e-06],
        [-1.1695e-04,  8.1681e-05,  4.8843e-04, -5.9893e-04,  1.1612e-04,
         -1.7310e-03,  8.8686e-14,  1.0259e-09, -1.5439e-19, -1.2191e-42,
         -4.3583e-04, -3.6231e-02, -2.8834e-02, -2.3384e-03, -3.7627e-03,
         -1.4750e-03, -1.7800e-02, -1.6377e-03, -1.2380e-02, -1.1179e-02,
         -9.9951e-03, -9.6357e-03, -1.1097e-02, -1.9317e-04, -3.9215e-04,
         -6.5943e-04, -1.1310e-03, -5.1222e-03, -6.3118e-05, -6.5943e-04,
         -2.5137e-03, -2.0774e-03,  2.0982e-03, -2.6596e-05, -2.4526e-04,
         -3.5489e-04, -1.8310e-28, -6.3510e-04, -3.1933e-02, -1.7722e-02,
         -6.3570e-05, -6.2016e-03, -2.4671e-03, -5.0521e-03, -9.7090e-03,
         -2.1481e-03, -2.0488e-02,  3.9230e-05, -4.4545e-03,  2.8136e-05,
         -1.3104e-03, -2.1706e-42,  6.3364e-17, -1.6171e-42, -3.8872e-42,
          1.0668e-05, -9.2001e-04, -1.1695e-04, -1.9209e-04, -1.9209e-04,
         -3.1313e-04, -2.4602e-03, -2.5292e-02, -2.3073e-02, -2.9434e-02,
         -4.1762e-02, -2.4838e-03,  5.6762e-05],
        [ 2.4615e-04,  2.8855e-05, -1.7955e-04,  1.2564e-05, -2.1586e-04,
         -1.6216e-03, -1.1351e-43,  2.9377e-34, -4.4046e-13,  1.5697e-17,
         -6.9973e-05, -1.3666e-02, -1.5594e-02, -2.1365e-03, -2.6749e-03,
         -7.7590e-02, -6.3245e-03, -1.9828e-03, -7.7282e-03, -7.7570e-03,
         -3.2728e-03, -2.5117e-03, -7.1165e-03, -2.3525e-04, -3.2430e-04,
         -7.4859e-04, -3.1750e-04, -2.8962e-03, -7.8691e-06, -7.4860e-04,
         -1.9224e-03,  2.0083e-05,  2.8439e-04,  4.3269e-04, -4.7729e-04,
         -5.5445e-04,  6.3272e-14, -1.7356e-03, -9.3308e-03,  2.0051e-02,
          6.6142e-04, -3.3428e-03, -1.4096e-03, -2.5827e-03, -1.9832e-02,
         -1.0859e-03, -9.4133e-03, -1.0571e-01, -2.0615e-03, -2.0007e-04,
         -1.3829e-03, -1.9688e-34,  4.6965e-19, -2.5378e-42, -1.1978e-13,
         -3.5737e-04, -1.1676e-03,  2.4615e-04, -5.0590e-04, -5.0590e-04,
         -8.5868e-05, -2.5441e-05, -1.4918e-02, -1.4727e-02, -1.6513e-02,
         -2.9407e-02,  4.4167e-02, -1.1498e-04],
        [ 1.1972e-04,  1.7273e-04,  1.9334e-04, -3.3298e-04, -4.8521e-05,
          6.5638e-06, -2.5959e-10, -1.5029e-14, -2.9021e-42, -2.5988e-08,
          1.4599e-05, -7.4584e-05,  1.4124e-03,  4.5529e-04, -4.2581e-05,
          2.2782e-03,  8.6266e-05,  5.9255e-04,  3.1076e-04,  3.8376e-04,
          4.4076e-04,  3.4250e-04,  2.6221e-04, -2.9489e-04,  2.1371e-04,
         -1.5604e-04, -2.3894e-04,  9.0499e-05, -5.2914e-05, -1.5604e-04,
          1.9604e-04,  9.6586e-05,  4.4914e-04, -2.3966e-04, -8.3530e-06,
          8.7760e-06,  3.8648e-42,  4.5049e-04, -2.8404e-02,  7.7417e-02,
          1.8350e-04,  4.3426e-04,  5.8614e-04, -8.1279e-04,  3.9650e-03,
         -2.4140e-04,  1.1165e-03,  1.8342e-03, -4.4972e-05,  4.1316e-05,
         -2.5167e-05, -3.1389e-42,  3.4413e-05,  9.9247e-08, -1.5584e-25,
         -3.1744e-06, -6.7352e-05,  1.1972e-04, -1.4006e-04, -1.4006e-04,
          2.7623e-05,  4.0723e-05,  8.7961e-04,  1.1773e-03,  1.4527e-03,
          1.9631e-03, -2.8335e-02,  3.9666e-06],
        [ 1.2914e-04, -3.1847e-05, -1.2773e-04,  4.9286e-05, -4.7338e-05,
         -5.8280e-04,  6.9986e-31, -2.0916e-11,  2.6863e-42,  3.7975e-43,
          9.9572e-06, -4.6158e-03, -4.7152e-03, -7.8866e-05, -7.6922e-04,
          5.4391e-04, -1.4661e-03, -1.1502e-04, -1.3670e-03, -1.1856e-03,
         -6.3937e-04, -5.2848e-04, -1.2491e-03,  2.0310e-05,  9.7607e-05,
          2.5286e-05,  1.5338e-04, -4.0875e-04, -4.3621e-05,  2.5286e-05,
          4.4096e-05,  6.8215e-04,  4.8052e-04,  1.7261e-04,  3.2806e-05,
          5.5298e-07, -1.0455e-11, -3.8734e-04, -3.1765e-02,  2.3805e-02,
          6.6385e-04, -1.2719e-04,  4.0548e-04,  4.1798e-04, -6.5726e-03,
         -8.2494e-05, -2.0299e-03,  8.7097e-04, -3.6170e-04, -7.2080e-05,
         -4.1478e-04, -1.0496e-42, -8.4260e-42,  6.3030e-42,  6.1977e-18,
         -1.4096e-04, -3.0593e-04,  1.2914e-04,  1.9547e-05,  1.9550e-05,
          7.1678e-05,  7.1920e-04, -4.1436e-03, -3.9682e-03, -5.1405e-03,
         -1.1654e-02,  7.3430e-03,  1.4186e-05],
        [-9.4676e-05, -2.6405e-05,  4.5209e-05,  1.5143e-05, -3.1665e-06,
          1.1925e-04,  4.5096e-15,  4.6613e-12,  1.6125e-08, -1.6619e-25,
          3.1386e-05, -7.6142e-05, -3.1198e-04, -1.5830e-04,  1.0448e-04,
         -1.2745e-01, -2.6763e-04,  1.6578e-04,  1.2535e-04,  1.1894e-04,
         -5.2630e-04, -5.7152e-04,  1.5396e-04,  1.1138e-04,  1.0308e-04,
          6.0029e-05, -1.9618e-05,  1.0276e-04, -3.1087e-05,  6.0984e-05,
         -1.2502e-04,  4.6215e-04, -1.5667e-04, -1.0805e-04,  1.5085e-05,
          1.0116e-04,  2.0117e-15,  1.3050e-04,  1.3012e-01,  1.1810e-01,
         -1.5075e-04, -2.0808e-04, -2.3810e-04, -2.2027e-03,  3.3768e-03,
          1.2223e-04, -3.7764e-04,  1.1722e-01, -1.0493e-04,  1.1369e-04,
          1.3129e-04, -7.4545e-18,  3.4262e-42,  1.0104e-12,  7.4479e-42,
          1.2308e-04,  1.3347e-04, -9.4678e-05,  8.3026e-05,  8.3327e-05,
          6.2878e-05,  5.5962e-04, -4.9680e-06, -6.9858e-05, -2.9568e-04,
         -2.8625e-04,  1.1530e-01,  5.7234e-06],
        [ 2.0248e-04,  1.1110e-04, -1.5951e-04, -4.9037e-05, -1.9660e-05,
         -4.3280e-04,  6.4530e-42, -2.1007e-05, -1.1692e-41,  9.0462e-09,
          1.3568e-04, -1.0565e-02, -7.7483e-03, -6.7533e-04, -8.6174e-04,
          1.9078e-02, -5.2107e-03,  1.6648e-04, -2.3950e-03, -2.0906e-03,
         -3.7777e-03, -3.8557e-03, -2.0683e-03,  1.4053e-04,  3.2075e-04,
         -2.4418e-04, -1.0512e-04, -1.1045e-03, -4.0864e-05, -2.4418e-04,
         -4.6080e-04,  1.0381e-03,  4.7333e-04, -1.0364e-04, -1.9822e-04,
         -1.9539e-04, -7.4855e-28, -2.8598e-04,  7.9208e-02, -3.6302e-02,
          2.9847e-06, -1.7251e-03, -6.7007e-04,  6.5095e-03,  1.1637e-02,
         -4.5630e-04, -5.3865e-03,  1.9482e-02, -1.1416e-03, -4.1280e-05,
         -3.4124e-04, -6.3451e-42,  8.5976e-37, -4.6746e-18, -6.4950e-42,
         -3.8703e-07, -2.7614e-04,  2.0248e-04, -1.8747e-04, -1.8747e-04,
          7.0097e-06,  1.2309e-03, -6.6143e-03, -5.7157e-03, -7.9396e-03,
         -1.3408e-02, -1.2097e-02,  1.5299e-04],
        [ 5.4870e-05,  8.7838e-06,  4.5602e-06, -3.1518e-05,  1.2239e-05,
         -1.3284e-04,  2.4957e-42,  5.1974e-42, -3.8035e-14, -1.3915e-42,
          6.6476e-05, -1.3203e-03, -1.5928e-03, -4.9501e-05, -1.4211e-04,
         -2.1788e-01, -6.0948e-04, -1.6046e-04, -6.3748e-04, -5.8983e-04,
         -2.7077e-04, -2.0504e-04, -5.8074e-04,  7.1492e-06, -1.3007e-05,
         -1.5607e-05, -1.9839e-05, -1.2683e-04, -1.6272e-05, -1.5608e-05,
          1.6867e-05,  7.7282e-06,  9.3128e-05, -3.0116e-06,  4.7420e-05,
          5.3159e-05, -3.6607e-11, -8.6907e-05, -3.4715e-02, -5.4102e-02,
          5.6381e-05, -1.7273e-04, -2.5707e-05,  2.5112e-04, -2.3347e-03,
         -7.2360e-05, -8.2525e-04, -1.8037e-01, -9.9308e-05,  1.5991e-05,
         -1.2514e-04,  1.2617e-06,  9.8909e-08,  5.0217e-17,  2.1263e-10,
         -2.6189e-05, -1.1586e-04,  5.4870e-05,  6.7046e-06,  6.7017e-06,
          7.2043e-05,  1.3717e-05, -1.4908e-03, -1.4877e-03, -1.7185e-03,
         -3.3870e-03,  1.3003e-01,  1.8889e-05]], device='cuda:0')), ('conv1.aggr.t', tensor([1.], device='cuda:0')), ('bn1.weight', tensor([0.5335, 0.7066, 0.6904, 0.5252, 0.6082, 0.5564, 0.4831, 0.6584],
       device='cuda:0')), ('bn1.bias', tensor([ 8.9448e-03, -9.2058e-03, -2.9727e-05, -1.7509e-02, -3.2608e-02,
        -1.9883e-02, -1.6533e-02, -6.6905e-02], device='cuda:0')), ('bn1.running_mean', tensor([-282.9686, -165.6533,   17.8239, -102.7282,   26.0421, 1250.3645,
          59.5628,  108.9958], device='cuda:0')), ('bn1.running_var', tensor([ 10363.6250,   1884.1898,   1176.1586,  43415.1680,   2927.3313,
        249354.6719,   3279.7639,  56908.6680], device='cuda:0')), ('bn1.num_batches_tracked', tensor(47024, device='cuda:0')), ('conv2.bias', tensor([-7.8848e-06, -1.8890e-06,  1.0205e-05, -4.0861e-06, -1.6703e-06,
         1.2854e-06,  1.4591e-06, -7.0660e-06,  9.0541e-07, -6.9598e-06,
        -1.1943e-05, -1.2720e-06, -2.4001e-06, -5.2268e-06, -2.9217e-06,
        -6.1009e-06], device='cuda:0')), ('conv2.lin.weight', tensor([[ 0.1687, -0.2173, -0.1791, -0.0506,  0.1655,  0.0119, -0.0572,  0.0402],
        [-0.1043,  0.0466,  0.0516,  0.1612,  0.0374, -0.1319,  0.0456, -0.0662],
        [-0.0155,  0.2205,  0.1507, -0.0419, -0.2239, -0.0197,  0.0064,  0.3634],
        [-0.0279,  0.1486, -0.1739, -0.0620,  0.0100, -0.1170,  0.0813,  0.1459],
        [ 0.2283, -0.2606, -0.1262,  0.0958,  0.0370,  0.1324, -0.1280, -0.1557],
        [-0.2292,  0.1336, -0.0546,  0.1763, -0.0553,  0.2754,  0.0165, -0.0779],
        [ 0.0296, -0.0206, -0.2826,  0.0967,  0.2001,  0.2144,  0.1033, -0.2356],
        [-0.1124,  0.0170, -0.1266,  0.1366, -0.0377,  0.1389, -0.3336, -0.1509],
        [-0.1568,  0.2559,  0.0736, -0.1320,  0.1541,  0.1020, -0.0034, -0.1557],
        [ 0.1110, -0.2369, -0.0372, -0.1671, -0.2058,  0.1865,  0.0522, -0.0812],
        [-0.1316, -0.1856, -0.1135, -0.0368,  0.0331, -0.1253, -0.0486, -0.0031],
        [ 0.1524, -0.1211,  0.0439,  0.0230, -0.1009,  0.0774, -0.1147,  0.2390],
        [-0.1398, -0.1040,  0.0626, -0.0968,  0.1598, -0.0063,  0.0722, -0.1372],
        [-0.1494,  0.0901,  0.0910, -0.1298,  0.0484,  0.0330, -0.1024, -0.0685],
        [-0.1312,  0.1742, -0.0900,  0.1491,  0.1872,  0.1846,  0.0355,  0.2096],
        [-0.3019,  0.1976, -0.2078, -0.0528, -0.1166,  0.2292, -0.1325, -0.1250]],
       device='cuda:0')), ('conv2.aggr.t', tensor([1.], device='cuda:0')), ('bn2.weight', tensor([0.5709, 0.5995, 0.6308, 0.5815, 0.5874, 0.5256, 0.7028, 0.6344, 0.4822,
        0.5223, 0.5563, 0.4530, 0.4843, 0.4732, 0.6905, 0.5791],
       device='cuda:0')), ('bn2.bias', tensor([-0.5486, -0.2586, -0.6586,  0.0400,  0.4282, -0.2456, -0.5608, -0.2792,
        -0.2094, -0.1412, -0.1045, -0.1700, -0.0494, -0.0806,  0.5487,  0.4980],
       device='cuda:0')), ('bn2.running_mean', tensor([-0.0450,  0.0101,  0.1255, -0.0023, -0.0648,  0.0405, -0.0053, -0.1094,
         0.0515, -0.1022, -0.1493,  0.0477, -0.0412, -0.0245,  0.1689, -0.1159],
       device='cuda:0')), ('bn2.running_var', tensor([0.0377, 0.0175, 0.0476, 0.0250, 0.0288, 0.0224, 0.0428, 0.0236, 0.0275,
        0.0291, 0.0180, 0.0246, 0.0207, 0.0090, 0.0637, 0.0434],
       device='cuda:0')), ('bn2.num_batches_tracked', tensor(47024, device='cuda:0')), ('conv3.bias', tensor([-3.1128e-07,  3.7420e-06, -4.0533e-06, -4.5003e-07,  2.3659e-06,
         2.2615e-07,  3.3357e-06, -3.0169e-06,  1.5869e-06, -3.7829e-07,
        -1.8634e-06,  8.5135e-07, -6.8554e-07, -1.3525e-06,  3.0796e-06,
        -1.0429e-06,  2.6078e-07, -1.3494e-07, -8.9023e-07,  2.3782e-06,
         6.9012e-08, -2.1352e-07,  2.1073e-06,  1.6008e-06, -4.4327e-07,
        -1.5462e-06, -6.2323e-07, -3.7041e-06,  3.6331e-07,  3.0698e-07,
         1.6857e-07, -9.9016e-07], device='cuda:0')), ('conv3.lin.weight', tensor([[ 5.1114e-02,  4.8262e-02, -4.2693e-02, -1.4695e-01, -1.0731e-01,
          5.0805e-02,  4.5203e-02, -3.9154e-02,  4.7644e-02,  9.5976e-02,
          1.4553e-01,  1.5034e-02, -1.7911e-02, -9.7691e-02,  8.1728e-02,
         -1.7742e-02],
        [-2.0288e-03, -1.2864e-01,  1.0078e-01, -4.2974e-02, -2.2280e-02,
         -5.8522e-02,  5.4354e-02, -4.3868e-02,  1.8955e-02,  8.8619e-02,
         -8.2499e-02, -1.1072e-01, -8.7762e-02,  3.8774e-02, -8.2025e-02,
          3.1768e-02],
        [ 2.6577e-01,  1.6993e-01,  1.8436e-01,  1.0801e-02, -1.2292e-01,
          1.4444e-01,  2.0322e-01,  1.0070e-01,  1.2346e-03,  1.3757e-01,
         -7.1915e-02,  9.1356e-03, -3.4179e-02,  1.6156e-02, -1.4198e-01,
         -2.5807e-01],
        [ 6.5033e-02, -2.0183e-02,  6.8815e-02,  6.7906e-02, -1.5749e-01,
          6.7406e-02,  5.6762e-02, -8.7964e-02,  3.4001e-02,  7.5855e-02,
          2.4912e-02,  9.5503e-02,  4.4261e-02,  5.9435e-02, -1.4149e-01,
         -8.5850e-02],
        [-2.1848e-01, -1.4156e-01, -1.8848e-01, -1.2956e-02,  1.8578e-01,
         -2.0918e-02, -2.1236e-01,  3.7093e-03, -8.7041e-02,  4.2980e-02,
         -4.2805e-02, -9.5845e-02,  6.0379e-04,  3.8874e-02,  1.9451e-01,
          9.8365e-02],
        [-6.0346e-02, -3.7096e-02,  6.6697e-02, -3.3254e-02,  3.7683e-02,
          7.3194e-02, -5.1005e-02,  3.7142e-02, -1.5692e-01, -3.9128e-02,
          1.4856e-01,  1.1441e-02, -6.6598e-02,  3.0883e-02,  7.7805e-02,
          1.8652e-02],
        [-5.0683e-03, -5.2655e-02, -1.5470e-02, -8.7099e-02, -4.2708e-02,
          8.0017e-03, -5.6119e-02,  9.6028e-02,  1.4656e-02, -9.0664e-03,
         -1.2862e-01,  6.4316e-02, -2.0989e-02,  2.6359e-02,  4.1760e-02,
          2.5049e-02],
        [ 6.2756e-02,  6.3624e-02,  8.9337e-02,  3.0339e-02, -7.7955e-02,
         -9.4554e-03, -7.1127e-02,  8.8338e-02, -7.5546e-03, -2.2065e-02,
          4.9939e-02,  2.0808e-02,  7.6096e-02,  2.6383e-02, -4.2325e-02,
          1.2510e-01],
        [ 1.0455e-01, -9.6189e-02, -5.8237e-02,  7.2069e-02,  5.2277e-02,
         -4.1318e-02,  1.6203e-03, -4.4991e-02,  9.1343e-03,  6.5754e-03,
         -7.3936e-02, -7.8095e-03,  7.0523e-02,  9.3856e-02, -8.8098e-02,
         -2.2708e-02],
        [-6.3734e-02, -1.6979e-02, -2.2361e-01, -1.2144e-01,  1.4008e-01,
          4.5226e-02, -1.9401e-01, -1.4968e-01, -8.1292e-02, -7.3778e-02,
         -6.1523e-02,  5.6211e-02, -3.4414e-02,  3.2214e-02,  2.1098e-01,
          9.2224e-02],
        [ 8.6496e-04, -1.7426e-02, -9.0498e-02,  9.4213e-03, -1.2589e-01,
          4.8649e-02,  4.7080e-02, -8.2165e-02,  5.9663e-03,  6.9360e-02,
         -2.3777e-02,  2.4253e-02,  8.0661e-02,  4.9195e-02,  1.1285e-01,
          1.8648e-02],
        [-1.2727e-01, -4.2996e-02, -2.3693e-01,  1.1321e-01,  8.8521e-03,
         -2.4576e-02, -1.5472e-01, -7.7472e-02, -1.0251e-01, -8.5707e-02,
          8.0183e-02, -5.8413e-02, -5.9827e-02, -3.1345e-02,  1.7430e-01,
          9.9278e-02],
        [ 1.7563e-01,  1.1881e-01,  1.4934e-01, -5.1275e-02, -1.0398e-01,
          2.5016e-02, -1.3689e-02,  1.2657e-01,  1.0320e-01, -3.6935e-02,
          8.1125e-02,  7.3629e-02, -7.6965e-02,  7.4494e-02, -9.8474e-02,
         -1.4643e-01],
        [-6.5785e-02, -1.4180e-01, -8.3558e-03,  9.1872e-02,  1.2508e-02,
         -4.8036e-02, -1.4829e-01, -9.4610e-02, -2.8700e-03,  8.7126e-02,
          5.6502e-03, -1.5440e-01,  8.2304e-02, -9.6296e-02,  5.9881e-02,
          2.2489e-02],
        [-1.7625e-01,  1.9407e-02, -2.6054e-01,  1.0370e-01,  9.8381e-02,
         -4.0593e-03, -1.3243e-01, -1.6880e-01, -4.4491e-02,  1.0181e-01,
         -6.4872e-02, -9.1455e-02, -1.1531e-01, -9.8099e-02,  1.6238e-01,
          1.4688e-01],
        [-4.3962e-02, -9.8845e-02,  5.0862e-02, -5.0152e-03, -1.9220e-02,
         -9.8518e-02,  3.2324e-02,  6.8852e-02, -6.1598e-02,  1.3567e-01,
         -4.4920e-02, -8.6659e-02,  6.3490e-02, -5.4123e-02,  3.1346e-02,
          1.4489e-01],
        [ 1.9540e-02, -4.0908e-02,  1.3652e-01,  1.7935e-02,  3.5257e-02,
          1.3061e-02,  3.8959e-02,  1.2997e-01, -7.3294e-02, -8.0507e-02,
          1.1860e-01,  2.2025e-02,  6.3012e-02,  4.5561e-02,  5.1538e-02,
         -6.7077e-02],
        [ 2.1076e-01,  1.4569e-01,  2.1656e-01,  1.0046e-02, -1.4405e-01,
          1.8263e-01,  1.7873e-01,  5.7738e-02,  9.0737e-02,  1.2087e-01,
         -2.0060e-02, -3.7029e-02,  2.0454e-02, -7.5824e-03, -7.4211e-02,
         -1.5629e-01],
        [-1.0294e-01,  2.7807e-02, -1.3433e-01,  1.4289e-01,  1.1294e-01,
         -4.2003e-02, -1.2853e-01,  8.0203e-02, -7.6741e-02, -1.1662e-01,
          1.2589e-02,  3.3453e-02, -1.9996e-02, -1.2173e-01,  4.2998e-02,
          4.5789e-02],
        [-1.4700e-01,  6.7105e-02, -1.5687e-01, -1.0063e-01,  1.4078e-01,
         -1.1488e-01, -8.1291e-02,  2.9725e-02, -8.8586e-02, -8.3314e-02,
         -1.2467e-01,  1.2759e-03, -1.0859e-01,  4.3349e-03,  2.3196e-01,
          2.4404e-02],
        [-1.2227e-01, -1.0720e-01, -1.7698e-01, -2.7059e-02,  2.5994e-02,
         -4.0549e-02, -5.0830e-02, -1.0533e-01, -5.1158e-02, -1.3343e-02,
          1.0147e-01, -3.7361e-02, -5.8130e-02,  4.4853e-02, -2.4826e-02,
          1.5300e-01],
        [-9.0810e-02, -1.3140e-01, -1.3407e-01,  5.0408e-02, -1.2984e-02,
         -5.7159e-02, -4.6214e-02, -9.7562e-02,  9.5752e-03,  3.4695e-02,
          5.7006e-02,  1.2976e-02,  9.8900e-02, -3.1633e-02,  1.1948e-01,
          1.6702e-01],
        [-2.2743e-02, -3.0853e-02,  8.7473e-02, -1.5263e-03, -9.3395e-02,
          1.7367e-01,  1.5177e-01, -1.9108e-03,  5.3286e-03,  6.2028e-02,
          3.4095e-02, -2.0445e-02, -3.5456e-02,  1.7829e-02,  2.9832e-02,
         -9.9604e-02],
        [ 1.6182e-01,  9.3312e-02, -1.1608e-01, -8.7153e-02, -2.2715e-01,
         -7.8646e-02,  1.2554e-01,  1.3069e-01,  9.7130e-02, -9.7193e-02,
         -3.6680e-02,  1.3275e-01, -1.1525e-02, -8.6762e-02, -1.1349e-01,
         -3.7378e-02],
        [-8.0497e-02, -1.3963e-03, -4.1730e-02, -8.6920e-02, -2.1712e-02,
          7.0035e-02, -5.3769e-02,  4.3308e-02, -8.5841e-03,  4.5483e-02,
         -2.8409e-02, -7.0488e-03, -5.5010e-02, -6.3168e-02, -2.0948e-02,
          3.3577e-02],
        [ 6.0260e-06, -1.3926e-02, -1.1173e-01, -1.0194e-01,  1.0195e-01,
         -5.5248e-02, -1.9045e-01, -9.9994e-02, -1.3766e-02, -3.3768e-02,
         -8.9612e-02, -8.1855e-02,  1.3919e-01,  3.5745e-02,  1.6098e-01,
          1.3702e-01],
        [ 3.9620e-02, -4.6832e-02, -4.3366e-02, -1.5367e-01, -4.3328e-03,
         -8.9017e-02, -1.1482e-01,  1.8039e-02, -4.1522e-02, -1.5804e-02,
         -1.2657e-01,  6.6264e-02,  9.0816e-02, -2.2346e-02,  1.5097e-01,
          3.4353e-02],
        [ 6.0844e-02, -3.7969e-02,  1.4726e-01,  1.8740e-02, -7.2340e-02,
          1.3405e-01,  1.3049e-01, -4.3657e-02, -8.2966e-02,  7.2430e-02,
          2.8885e-02,  4.1054e-02,  4.1944e-02, -3.7680e-02, -1.0645e-01,
         -1.4343e-01],
        [-3.3708e-02,  1.0965e-01, -3.1308e-02, -9.6021e-02, -5.0471e-03,
          4.5715e-02,  3.5111e-02, -1.1642e-01, -6.6687e-02,  5.6324e-02,
         -5.2060e-02, -4.4782e-02, -1.0742e-01, -1.4851e-01,  1.4301e-01,
          9.6199e-02],
        [ 8.9027e-02,  8.7403e-02,  1.2594e-01, -8.3416e-02, -1.7225e-01,
          1.0784e-01,  1.2384e-01,  6.8570e-02, -8.3516e-02,  4.2235e-04,
          6.3339e-02,  9.6542e-02,  1.3945e-01,  6.1555e-03, -9.6521e-02,
         -3.3359e-02],
        [-7.6554e-02, -3.8976e-02, -2.0167e-01,  1.2480e-01, -1.0680e-02,
         -3.2264e-03, -1.0326e-01, -9.4929e-02, -9.4489e-02, -1.3749e-01,
         -1.1390e-01, -5.9485e-02,  4.1893e-02, -7.4982e-02,  8.0157e-02,
          8.6905e-02],
        [-3.3042e-02,  6.8082e-03,  6.1927e-02, -7.7543e-02, -4.9096e-02,
         -1.0086e-01,  4.5226e-02, -4.2662e-03,  9.7198e-02, -5.9146e-02,
         -4.5403e-02, -1.0484e-01,  1.2954e-02, -9.4839e-03, -6.4407e-02,
          6.5877e-02]], device='cuda:0')), ('bn3.weight', tensor([1., 1., 1., 1., 1., 1., 1., 1., 1., 1., 1., 1., 1., 1., 1., 1., 1., 1.,
        1., 1., 1., 1., 1., 1., 1., 1., 1., 1., 1., 1., 1., 1.],
       device='cuda:0')), ('bn3.bias', tensor([0., 0., 0., 0., 0., 0., 0., 0., 0., 0., 0., 0., 0., 0., 0., 0., 0., 0., 0., 0., 0., 0., 0., 0.,
        0., 0., 0., 0., 0., 0., 0., 0.], device='cuda:0')), ('bn3.running_mean', tensor([0., 0., 0., 0., 0., 0., 0., 0., 0., 0., 0., 0., 0., 0., 0., 0., 0., 0., 0., 0., 0., 0., 0., 0.,
        0., 0., 0., 0., 0., 0., 0., 0.], device='cuda:0')), ('bn3.running_var', tensor([1., 1., 1., 1., 1., 1., 1., 1., 1., 1., 1., 1., 1., 1., 1., 1., 1., 1.,
        1., 1., 1., 1., 1., 1., 1., 1., 1., 1., 1., 1., 1., 1.],
       device='cuda:0')), ('bn3.num_batches_tracked', tensor(0, device='cuda:0'))])