OrderedDict([('conv1.bias', tensor([ 3.3574e-06,  3.3621e-08,  1.5857e-08,  1.3475e-06,  2.1002e-06,
        -3.8760e-07, -6.2398e-06,  5.9169e-08], device='cuda:0')), ('conv1.lin.weight', tensor([[ 1.9301e-04,  1.0368e-04,  7.6360e-04, -1.4610e-03, -5.5270e-05,
         -5.3233e-03,  8.3392e-15,  8.6040e-43, -5.2619e-42, -3.3930e-17,
          3.1067e-04, -6.9343e-02, -4.8051e-02, -4.5795e-03, -1.1953e-02,
          1.8758e-01, -4.1320e-02, -6.7755e-03, -2.9397e-02, -2.6927e-02,
         -9.6256e-03, -7.5743e-03, -2.7390e-02, -7.1804e-04, -1.5991e-03,
         -1.8445e-03, -2.5890e-03, -1.1450e-02, -2.1032e-04, -1.8445e-03,
         -4.1186e-03, -1.3917e-03,  5.5518e-03,  4.5036e-04, -8.9565e-04,
         -1.0664e-03,  1.1990e-41, -2.0297e-04, -3.4726e-04,  2.7420e-03,
          3.4499e-03, -1.3688e-02, -2.3635e-03, -4.0419e-03, -1.5800e-02,
         -5.0929e-03, -3.6180e-02, -1.3832e-01, -1.1051e-02, -2.3230e-04,
         -3.7511e-03, -4.8079e-42,  1.8791e-42,  1.6437e-42, -1.7951e-25,
         -5.2068e-04, -2.7825e-03,  1.9301e-04, -8.5996e-04, -8.5996e-04,
         -7.5158e-04, -1.6249e-03, -4.7028e-02, -4.3239e-02, -4.9367e-02,
         -7.0904e-02, -2.2201e-02, -1.4474e-05],
        [-1.6142e-04, -3.4997e-06,  2.8951e-06,  1.5039e-04, -5.3476e-05,
         -1.1731e-04, -2.8234e-06,  8.7637e-42, -3.4395e-19, -4.2992e-42,
          6.7352e-06, -2.0944e-03, -3.6320e-03, -2.0081e-04, -3.2117e-04,
          7.6403e-03, -1.1105e-03, -6.0468e-04, -1.6239e-03, -1.6612e-03,
         -9.0395e-04, -7.3154e-04, -1.4955e-03,  1.2390e-04, -1.1269e-05,
          2.2472e-04,  5.7315e-05, -2.0595e-04,  4.1268e-05,  2.2472e-04,
         -5.3588e-05,  9.3242e-05, -1.3306e-04,  4.8082e-05,  1.9373e-04,
          1.7078e-04, -9.5464e-14, -3.3330e-04, -1.7713e-02,  7.3690e-02,
          6.6413e-05, -4.5207e-04, -4.3485e-04,  3.8918e-04, -7.5009e-03,
          1.0822e-04, -2.0781e-03,  4.5982e-03, -9.0607e-05,  1.8385e-04,
         -3.6651e-05, -3.2265e-11, -1.3200e-42,  7.1704e-42,  1.6598e-41,
          4.8880e-05,  7.5421e-06, -1.6141e-04,  2.4997e-04,  2.4997e-04,
          1.1695e-04,  1.1738e-04, -3.3075e-03, -3.4936e-03, -3.8979e-03,
         -7.3546e-03, -4.1447e-02,  6.2744e-05],
        [ 1.4008e-04, -6.3993e-06, -5.3568e-05, -1.5337e-04, -4.7053e-05,
         -9.5810e-04, -1.3579e-42,  4.2459e-42,  1.3692e-09,  2.1568e-22,
          4.6344e-05, -8.2397e-03, -5.8258e-03, -1.2151e-04, -1.8654e-03,
         -5.8416e-03, -2.8746e-03, -1.4289e-03, -4.5953e-03, -4.3237e-03,
          3.2302e-03,  3.8978e-03, -4.4489e-03, -1.5168e-04, -1.8217e-04,
         -1.3677e-04, -6.3554e-05, -1.1805e-03,  1.2522e-05, -1.3677e-04,
         -8.4867e-05, -1.5641e-04,  9.4645e-04,  2.3269e-04, -3.4588e-05,
         -1.9744e-05, -2.2253e-42, -4.4363e-04, -7.6703e-02,  6.4639e-02,
          1.4248e-03, -5.2085e-04,  1.0712e-03, -1.4050e-02, -2.8204e-02,
         -3.7723e-04, -2.1797e-03, -2.6531e-01, -8.0759e-04, -1.5613e-04,
         -6.7811e-04, -1.8651e-10, -1.5333e-09,  2.8909e-42, -3.4033e-06,
         -2.8275e-04, -5.2591e-04,  1.4008e-04, -1.3341e-04, -1.3341e-04,
         -2.3059e-05, -1.9627e-04, -7.6702e-03, -6.7339e-03, -6.5399e-03,
         -2.1227e-02,  1.2722e-02, -7.8112e-05],
        [ 3.5938e-04,  8.5459e-05, -7.2873e-04, -1.0283e-04, -3.5379e-04,
         -5.6189e-03,  2.7227e-42,  4.2081e-42,  3.4934e-42,  4.7794e-09,
         -5.5709e-04, -4.4455e-02, -5.6776e-02, -8.6489e-03, -1.0884e-02,
          6.9118e-02, -2.5848e-02, -1.1934e-02, -3.3418e-02, -3.2890e-02,
         -1.2461e-02, -8.0047e-03, -3.1363e-02, -6.3395e-04, -3.3489e-03,
         -2.0206e-03,  8.9734e-04, -1.0728e-02, -8.1781e-05, -2.0206e-03,
         -7.4623e-03,  1.3480e-04, -1.9896e-03,  4.6113e-03, -1.8349e-03,
         -2.2917e-03,  1.8521e-23, -8.4880e-03,  6.6953e-02, -1.1597e-01,
          3.6670e-03, -1.3210e-02, -6.7256e-03,  1.1572e-02, -7.7788e-02,
         -2.5849e-03, -3.7206e-02, -1.6802e-01, -7.5930e-03, -1.8849e-03,
         -4.1091e-03, -8.8338e-42, -4.4505e-42,  4.2740e-42,  6.5557e-31,
         -2.2066e-03, -2.8469e-03,  3.5939e-04, -1.3841e-03, -1.3841e-03,
         -4.2509e-04, -1.5158e-04, -5.4176e-02, -5.4829e-02, -5.9460e-02,
         -8.5092e-02,  1.6750e-02, -5.8257e-04],
        [ 1.7094e-04,  1.0371e-05,  1.3919e-05, -1.0463e-04,  5.4962e-05,
         -4.5482e-04,  4.1056e-06,  5.1302e-42,  1.0538e-42,  1.6367e-42,
         -1.7343e-04, -3.5628e-03, -6.1152e-03, -7.4986e-04, -8.7500e-04,
          4.6136e-02, -2.3885e-03, -1.2023e-03, -2.7828e-03, -2.8513e-03,
         -1.6978e-03, -1.4079e-03, -2.5632e-03, -1.3614e-04, -2.2012e-04,
         -2.7205e-04,  2.6494e-04, -8.5913e-04, -1.4669e-05, -2.7147e-04,
         -5.0603e-04,  1.4473e-04, -1.7301e-04,  5.2822e-04, -1.9324e-04,
         -2.0856e-04,  3.3421e-42, -8.0010e-04,  1.8918e-02,  2.8368e-02,
          1.9140e-04, -1.2342e-03, -7.4047e-04, -4.2604e-04, -1.2335e-02,
         -1.1526e-04, -3.7169e-03, -3.4425e-02, -5.0330e-04, -2.8031e-04,
         -3.7185e-04,  7.0312e-11, -2.4526e-11,  8.2214e-42, -1.0618e-41,
         -4.2677e-04, -3.2776e-04,  1.7105e-04, -2.2741e-04, -2.2754e-04,
         -1.3711e-04,  1.3848e-04, -5.5279e-03, -5.8242e-03, -6.5098e-03,
         -1.1304e-02, -4.3503e-02, -1.0725e-04],
        [ 4.5823e-04,  1.5709e-04,  6.0674e-04, -4.6132e-04, -1.2716e-03,
         -9.9006e-03,  5.6290e-42,  1.8918e-43,  6.2176e-42,  9.2276e-42,
         -3.9121e-04, -1.4349e-01, -7.5338e-02, -8.2850e-03, -2.0871e-02,
         -2.9545e-03, -4.2946e-02,  6.0251e-03, -3.4858e-02, -3.6885e-02,
         -8.3077e-03, -4.5954e-03, -3.1075e-02, -1.2151e-03,  3.4904e-03,
         -3.4286e-03, -6.1871e-03, -2.3919e-02, -3.5703e-04, -3.4286e-03,
         -1.2289e-02,  5.4728e-03,  8.0649e-03, -5.7497e-03, -1.1507e-03,
         -1.4642e-03,  5.8386e-06, -1.3534e-03, -6.4728e-03, -1.1496e-02,
          4.8067e-03, -2.0475e-02,  2.5883e-03, -6.7412e-03,  9.4274e-03,
         -6.1309e-03, -5.4947e-02, -9.1895e-02, -8.9331e-03,  1.2651e-03,
         -8.1631e-03,  4.6452e-14,  3.1523e-10, -1.3372e-18, -2.6721e-16,
          8.7413e-04, -6.7059e-03,  4.5823e-04, -1.4803e-03, -1.4803e-03,
         -9.7834e-04,  5.5211e-03, -8.2817e-02, -6.5801e-02, -7.5765e-02,
         -1.3862e-01,  2.0028e-02,  2.6364e-04],
        [ 1.1481e-04,  3.2624e-06, -2.1486e-04,  2.1145e-05,  3.1387e-05,
         -4.6614e-04, -5.5708e-15, -6.2555e-08,  5.2486e-15, -1.1168e-14,
         -1.6891e-04, -8.4541e-03, -1.2013e-02, -9.1338e-04, -9.9444e-04,
          1.2420e-01, -4.3992e-03, -1.4798e-03, -4.7938e-03, -4.6690e-03,
         -2.8460e-03, -2.4237e-03, -4.3975e-03, -1.1477e-04, -4.9521e-04,
         -2.6878e-04,  1.6545e-04, -1.2555e-03,  5.6820e-05, -2.6878e-04,
         -9.6466e-04,  9.5805e-04, -3.7680e-04,  6.5741e-04, -3.3469e-04,
         -4.2816e-04,  2.3920e-42, -7.3649e-04,  1.2364e-02, -9.9246e-02,
         -8.5552e-05, -1.7745e-03, -1.1276e-03,  7.4742e-03, -3.0134e-02,
         -2.4514e-04, -6.3925e-03,  3.9060e-02, -8.9607e-04, -4.5879e-04,
         -3.2084e-04,  4.7995e-10, -1.8220e-15,  3.5243e-42, -4.8303e-42,
         -4.5175e-04, -1.3489e-04,  1.1470e-04, -1.8034e-04, -1.8049e-04,
         -3.1557e-05,  1.1965e-03, -1.0797e-02, -1.1066e-02, -1.2988e-02,
         -2.5503e-02, -3.1256e-02, -1.2034e-04],
        [-5.8797e-06, -8.8387e-06,  1.6148e-04,  2.3215e-04, -8.2557e-05,
          1.3421e-03,  9.1631e-42,  1.6629e-09,  1.0358e-41, -5.1386e-42,
         -1.4721e-04,  2.0771e-02,  2.6923e-02,  2.5454e-03,  2.7948e-03,
          3.9743e-02,  1.1190e-02,  2.9739e-03,  1.1264e-02,  1.0848e-02,
          6.7132e-03,  5.8334e-03,  1.0340e-02,  1.2950e-04,  6.6580e-04,
          3.1348e-04,  1.5006e-04,  3.3619e-03,  4.7235e-05,  3.1348e-04,
          2.1106e-03, -1.7832e-03,  9.3090e-06, -8.4487e-04,  2.3307e-04,
          2.8740e-04, -8.2831e-42,  1.6941e-03,  2.2989e-01,  3.8782e-02,
         -2.3254e-04,  4.7802e-03,  2.7387e-03, -3.0690e-02,  1.8511e-02,
          8.0079e-04,  1.4943e-02, -1.6487e-01,  2.7983e-03,  2.8175e-04,
          9.2169e-04, -3.1896e-14,  1.1647e-15,  5.4910e-21,  1.1491e-42,
          3.3021e-04,  5.4497e-04, -5.8844e-06,  1.8168e-04,  1.8168e-04,
          1.9418e-04, -1.9022e-03,  2.4911e-02,  2.4998e-02,  2.9146e-02,
          6.2771e-02,  7.1258e-02,  6.0122e-05]], device='cuda:0')), ('conv1.aggr.t', tensor([1.], device='cuda:0')), ('bn1.weight', tensor([0.5885, 0.4881, 0.5313, 0.5993, 0.5376, 0.5991, 0.5963, 0.5825],
       device='cuda:0')), ('bn1.bias', tensor([-0.0582,  0.0154, -0.0187, -0.0040, -0.1090, -0.2545, -0.0192, -0.1945],
       device='cuda:0')), ('bn1.running_mean', tensor([ -78.4687, -178.0842, -338.6174, -179.1729, -195.4913, -138.2412,
        -138.0608,  936.3610], device='cuda:0')), ('bn1.running_var', tensor([  179.9537, 56538.7930, 59892.6328,  1721.4644, 53553.3594,   531.0940,
        19920.0039, 54183.3008], device='cuda:0')), ('bn1.num_batches_tracked', tensor(47024, device='cuda:0')), ('conv2.bias', tensor([ 3.2061e-06, -5.2945e-06,  8.2466e-07, -3.4228e-06, -8.7470e-07,
        -3.1600e-06, -1.5234e-06, -1.1110e-08, -1.7855e-05,  9.1657e-06,
         7.5409e-06, -3.0744e-06,  4.4586e-07, -1.8408e-05,  1.3055e-06,
         3.7090e-06], device='cuda:0')), ('conv2.lin.weight', tensor([[-0.2049,  0.0671, -0.0582,  0.1477, -0.0313,  0.0633,  0.2130, -0.0103],
        [-0.2304,  0.1376, -0.0082,  0.2001,  0.0818, -0.2287,  0.0151,  0.1085],
        [-0.2622,  0.0720, -0.0860,  0.0013,  0.0556,  0.2085,  0.0991, -0.1249],
        [ 0.1183, -0.1115,  0.2779, -0.1828, -0.1283, -0.0508,  0.0119, -0.0355],
        [ 0.0345,  0.1041, -0.1927, -0.1651,  0.1422, -0.0236, -0.1263, -0.1591],
        [ 0.0320, -0.0413, -0.0980,  0.1327, -0.1791,  0.0320,  0.1721, -0.0740],
        [ 0.0032,  0.1411, -0.1497, -0.0985,  0.0442,  0.0774, -0.0976, -0.0020],
        [ 0.2580,  0.1387,  0.1642, -0.1086, -0.0997,  0.0490,  0.1679,  0.0454],
        [-0.1639,  0.1678, -0.1928, -0.0339, -0.1577,  0.0974, -0.1688, -0.0453],
        [ 0.0143, -0.0818,  0.1344,  0.0713,  0.1439,  0.1416,  0.0920, -0.0724],
        [-0.1957,  0.0110, -0.0474, -0.1263, -0.1196, -0.0963, -0.0072,  0.1416],
        [-0.1353, -0.1262,  0.1691,  0.0740,  0.0078,  0.0334,  0.1418, -0.1668],
        [ 0.0622,  0.0536,  0.1451,  0.0593, -0.1535,  0.1430, -0.0299, -0.1398],
        [-0.0442,  0.0820, -0.1124, -0.0439,  0.0499, -0.2694, -0.0118, -0.1387],
        [-0.0625,  0.0984,  0.0948,  0.1065,  0.0198,  0.1683,  0.1580,  0.1513],
        [ 0.1811, -0.0213,  0.1505, -0.0652, -0.0845, -0.1754,  0.0790,  0.0321]],
       device='cuda:0')), ('conv2.aggr.t', tensor([1.], device='cuda:0')), ('bn2.weight', tensor([0.5292, 0.5244, 0.5357, 0.5642, 0.5283, 0.5853, 0.5199, 0.6897, 0.5533,
        0.5160, 0.4970, 0.3904, 0.5481, 0.5624, 0.6414, 0.5562],
       device='cuda:0')), ('bn2.bias', tensor([-0.4032, -0.1243,  0.1568,  0.2321,  0.0491,  0.3882,  0.3169, -0.5603,
         0.3489,  0.1225, -0.2890, -0.0622, -0.1278,  0.0906,  0.5840,  0.6074],
       device='cuda:0')), ('bn2.running_mean', tensor([ 0.0433,  0.0387, -0.0182, -0.0141, -0.0773,  0.0088, -0.0283,  0.1137,
        -0.0979,  0.0695, -0.0728,  0.0075,  0.0218, -0.0630,  0.1247,  0.0359],
       device='cuda:0')), ('bn2.running_var', tensor([0.0149, 0.0108, 0.0063, 0.0094, 0.0124, 0.0204, 0.0067, 0.0108, 0.0109,
        0.0056, 0.0064, 0.0100, 0.0047, 0.0042, 0.0079, 0.0044],
       device='cuda:0')), ('bn2.num_batches_tracked', tensor(47024, device='cuda:0')), ('conv3.bias', tensor([ 6.5719e-07,  2.2312e-06, -2.3836e-06, -1.3461e-06, -1.9843e-06,
         1.8744e-06,  1.4620e-06, -5.4046e-06, -1.6196e-06, -1.7930e-06,
        -1.1060e-06,  2.1822e-06,  1.0692e-06,  1.4824e-06,  2.3929e-06,
        -1.2134e-07,  2.2710e-06, -8.1492e-07,  4.0477e-07, -3.1867e-06,
        -1.4436e-06,  2.0125e-06, -4.1945e-07, -1.1238e-07, -1.3217e-07,
        -4.4773e-06, -1.5840e-06,  7.9758e-07,  2.4978e-07, -6.1992e-07,
         2.5029e-06,  3.7498e-06], device='cuda:0')), ('conv3.lin.weight', tensor([[-0.0164,  0.1445,  0.0964, -0.0117,  0.0547,  0.0181,  0.0426, -0.0975,
         -0.1671, -0.0757,  0.0184,  0.1057,  0.0851,  0.1042, -0.1224,  0.0876],
        [ 0.0202, -0.0470,  0.0041, -0.1382,  0.0723, -0.0768, -0.0302, -0.0434,
          0.0407, -0.1288, -0.0803,  0.0708, -0.1786, -0.0311,  0.0439,  0.0391],
        [-0.0632,  0.0116, -0.0610,  0.1007, -0.1390,  0.0697,  0.0032, -0.0890,
          0.1115,  0.0021,  0.0400, -0.0540,  0.0456,  0.0171, -0.0116,  0.1277],
        [-0.1897, -0.1202,  0.1467, -0.0059,  0.1185,  0.1067,  0.1697, -0.1113,
          0.0365,  0.0401,  0.0293,  0.0357, -0.0785, -0.0681,  0.1776,  0.1572],
        [-0.0045, -0.1379,  0.1134,  0.0898,  0.0644, -0.1133, -0.0989,  0.0886,
         -0.0294, -0.0112,  0.0654,  0.0687, -0.0115, -0.1289, -0.0369, -0.1386],
        [-0.1978,  0.0518,  0.0057,  0.0673, -0.0739,  0.1636, -0.0171, -0.2094,
          0.0186, -0.0261, -0.0714, -0.1118, -0.0691,  0.0485,  0.1860,  0.2056],
        [ 0.0613,  0.0608, -0.1557, -0.1959,  0.0032, -0.0291, -0.0762,  0.1555,
         -0.0593, -0.0688, -0.0085,  0.0165,  0.1465, -0.0422, -0.1548, -0.1118],
        [-0.0520, -0.0078,  0.0586,  0.0298, -0.0223, -0.0523,  0.0516, -0.1443,
          0.1319, -0.0251,  0.0217,  0.0667,  0.1500, -0.1227,  0.1397,  0.1389],
        [-0.1263, -0.1200,  0.0980,  0.1049,  0.0739,  0.1589,  0.1102, -0.1904,
          0.1297,  0.0920, -0.1791,  0.0350, -0.0732, -0.0079,  0.0762,  0.1895],
        [ 0.0274, -0.0812,  0.1499, -0.0172,  0.1011,  0.1497,  0.0565, -0.0562,
          0.0231,  0.0111, -0.0482, -0.0168,  0.1042, -0.0398,  0.0923,  0.1040],
        [-0.0893,  0.0533,  0.0661, -0.0463,  0.0308, -0.1495, -0.1029,  0.1863,
          0.0482, -0.0786, -0.0751,  0.0184,  0.0137, -0.0944, -0.1512, -0.0738],
        [-0.1295, -0.0498,  0.1134, -0.0796, -0.0103,  0.1150,  0.1091, -0.0798,
          0.0496, -0.0079, -0.1023, -0.1045, -0.0990,  0.0720,  0.1845,  0.2399],
        [-0.0945, -0.0471, -0.0271, -0.0801, -0.0274,  0.0560,  0.0167,  0.0763,
         -0.1531,  0.0237, -0.0605, -0.0009, -0.0450,  0.1213,  0.0319,  0.0602],
        [ 0.0596, -0.1430,  0.1474,  0.1213,  0.1044,  0.0858,  0.1282, -0.1050,
          0.0039,  0.1513, -0.0740, -0.0029,  0.0265, -0.0697,  0.0434, -0.0584],
        [ 0.0684,  0.1069, -0.1224,  0.0312,  0.0675, -0.0164,  0.0541, -0.0371,
         -0.1025,  0.1235, -0.0183, -0.0782, -0.1077, -0.1652,  0.0225, -0.0551],
        [-0.1087,  0.0801,  0.0743,  0.1634, -0.0725, -0.0159,  0.0509, -0.1626,
          0.1144,  0.1133,  0.0664, -0.0444, -0.0230, -0.0004,  0.1864,  0.0874],
        [ 0.0555,  0.0963, -0.0731,  0.0050,  0.0991, -0.0219,  0.0364,  0.0779,
         -0.0964, -0.0877, -0.0792,  0.0822,  0.0931,  0.1560, -0.0132,  0.0698],
        [ 0.0624,  0.1161,  0.1354,  0.0027, -0.0569, -0.0639,  0.0300,  0.1027,
          0.1111, -0.0734, -0.0156,  0.0596,  0.0324, -0.0133, -0.0318, -0.0746],
        [-0.0705, -0.0053, -0.0396, -0.1385,  0.0154, -0.0635,  0.0883, -0.0276,
         -0.0697,  0.0308, -0.0963,  0.0109,  0.0456, -0.0405,  0.1341, -0.0446],
        [ 0.0644,  0.0060, -0.0641, -0.1249, -0.0457,  0.0435,  0.0909,  0.0056,
          0.0068, -0.0871,  0.1033, -0.0276,  0.0005, -0.1123, -0.0153, -0.0462],
        [ 0.0890, -0.0236, -0.0297, -0.0975,  0.0159, -0.1071, -0.1084,  0.0166,
         -0.0184,  0.0033,  0.0352,  0.1156,  0.0836, -0.0324,  0.0474, -0.1610],
        [ 0.0493, -0.0022, -0.0519,  0.0833,  0.0869, -0.0137,  0.1471, -0.0444,
          0.1304, -0.1020, -0.0452,  0.0915,  0.0578,  0.0587,  0.2035,  0.0047],
        [-0.0158, -0.1301,  0.0233,  0.0591,  0.0705,  0.1654,  0.0948, -0.1550,
          0.1492, -0.0087, -0.1278,  0.0652, -0.0340, -0.0346,  0.0484,  0.0668],
        [-0.0528, -0.0468,  0.0092,  0.0967,  0.0901, -0.0756,  0.0514, -0.1252,
          0.0392,  0.1527, -0.0588,  0.0297, -0.1110,  0.0475,  0.1602,  0.0808],
        [ 0.0346, -0.0090,  0.0970,  0.1635, -0.0016,  0.0552, -0.0503, -0.1479,
         -0.0623, -0.0573,  0.0742,  0.1122,  0.0161, -0.0420,  0.0015, -0.0650],
        [ 0.0989,  0.0213,  0.0012,  0.0423, -0.0473, -0.0365, -0.1069,  0.1648,
         -0.0920, -0.0195,  0.1340, -0.0311, -0.1144,  0.0975, -0.1844, -0.1944],
        [-0.1699, -0.0246, -0.0920, -0.0041,  0.0012,  0.1459,  0.1053, -0.1979,
          0.1696,  0.1103, -0.1803, -0.0011, -0.0054,  0.0865,  0.1814,  0.2310],
        [ 0.0151,  0.0607,  0.0199,  0.0866,  0.0020,  0.0348,  0.0005, -0.1561,
         -0.0894,  0.0260,  0.0595,  0.0660,  0.1035,  0.1074, -0.0744, -0.0431],
        [ 0.1491, -0.1015,  0.0381, -0.1286,  0.0049, -0.1190, -0.0126,  0.2295,
         -0.1455,  0.0880,  0.1564,  0.0460,  0.1000, -0.0355, -0.2090, -0.1750],
        [-0.0034, -0.0550, -0.0284, -0.0943,  0.0673, -0.0316, -0.0301,  0.0650,
         -0.0627,  0.0545, -0.0987, -0.0310, -0.0143, -0.1455, -0.1139, -0.1476],
        [ 0.0187,  0.0096, -0.0612, -0.0254,  0.0930,  0.0650, -0.0299, -0.0068,
          0.0082,  0.0343, -0.1608,  0.0160,  0.0821,  0.1319, -0.1140,  0.0241],
        [-0.1097, -0.1015,  0.1163,  0.0432, -0.0018,  0.1590,  0.0433,  0.0601,
          0.1108, -0.0197, -0.0927, -0.0280,  0.0518,  0.0528,  0.1483,  0.0471]],
       device='cuda:0')), ('bn3.weight', tensor([1., 1., 1., 1., 1., 1., 1., 1., 1., 1., 1., 1., 1., 1., 1., 1., 1., 1.,
        1., 1., 1., 1., 1., 1., 1., 1., 1., 1., 1., 1., 1., 1.],
       device='cuda:0')), ('bn3.bias', tensor([0., 0., 0., 0., 0., 0., 0., 0., 0., 0., 0., 0., 0., 0., 0., 0., 0., 0., 0., 0., 0., 0., 0., 0.,
        0., 0., 0., 0., 0., 0., 0., 0.], device='cuda:0')), ('bn3.running_mean', tensor([0., 0., 0., 0., 0., 0., 0., 0., 0., 0., 0., 0., 0., 0., 0., 0., 0., 0., 0., 0., 0., 0., 0., 0.,
        0., 0., 0., 0., 0., 0., 0., 0.], device='cuda:0')), ('bn3.running_var', tensor([1., 1., 1., 1., 1., 1., 1., 1., 1., 1., 1., 1., 1., 1., 1., 1., 1., 1.,
        1., 1., 1., 1., 1., 1., 1., 1., 1., 1., 1., 1., 1., 1.],
       device='cuda:0')), ('bn3.num_batches_tracked', tensor(0, device='cuda:0'))])