OrderedDict([('conv1.bias', tensor([-2.4183e-07,  4.3413e-07, -1.5338e-06,  1.2992e-07, -2.2042e-06,
         3.9986e-08,  1.0265e-07, -1.1770e-06], device='cuda:0')), ('conv1.lin.weight', tensor([[ 9.4842e-05, -1.1826e-04, -2.6584e-05, -4.1335e-05, -1.2602e-05,
          1.5961e-04,  3.3853e-14,  3.9517e-42, -7.3713e-09,  5.6332e-43,
         -1.3344e-05, -1.3086e-03, -1.4116e-03, -1.7260e-04,  3.5917e-05,
         -2.2424e-02, -6.9393e-04, -9.7639e-05, -5.9338e-04, -5.4976e-04,
         -3.0493e-05,  7.0864e-05, -5.6027e-04, -1.1393e-04,  1.1618e-04,
         -5.0580e-06,  1.7061e-04,  1.9090e-05, -2.0120e-06, -5.0652e-06,
         -1.2568e-04, -1.8115e-05, -1.3010e-04, -8.4995e-05,  6.6312e-05,
          5.9183e-05, -1.6204e-12,  5.5811e-05,  2.5211e-02,  5.0293e-02,
         -7.5794e-05, -3.2134e-04, -1.7456e-04, -1.6932e-03, -2.7809e-03,
          7.6515e-05, -7.8117e-04, -6.2291e-03, -1.0694e-04, -9.2885e-05,
          1.6699e-04,  1.7653e-18, -2.4031e-12,  4.5810e-24,  2.4523e-42,
          9.0255e-05,  1.2536e-04,  9.4774e-05, -1.8794e-04, -1.8793e-04,
          1.4671e-04, -5.2206e-05, -1.4701e-03, -1.4560e-03, -1.5100e-03,
         -2.4903e-03,  6.1339e-02, -2.8563e-05],
        [ 1.1347e-04,  3.1853e-05, -1.3115e-04, -5.3424e-05, -4.6729e-05,
         -6.1469e-06,  5.1826e-18, -2.7715e-13,  5.7581e-22, -2.0987e-13,
         -1.6644e-04, -7.4684e-04, -1.1240e-03, -5.5562e-05, -1.7224e-06,
          1.1124e-02, -4.9125e-04, -1.6968e-04, -2.1123e-05, -5.9946e-05,
         -1.0574e-03, -1.0696e-03,  1.5744e-05,  1.3651e-05, -3.1580e-05,
          3.6555e-05,  3.5705e-05, -1.2572e-04,  2.7606e-05,  3.6558e-05,
          8.1827e-05, -5.9596e-04, -1.0798e-04, -1.3353e-04,  4.7790e-05,
          5.1493e-05, -3.6987e-15, -7.2129e-05,  3.8014e-02,  5.3027e-02,
         -1.7101e-04, -2.1552e-04, -2.6104e-04, -7.7866e-04, -2.1874e-04,
          6.5045e-05, -1.0068e-03,  9.0308e-03, -2.2022e-05, -1.0154e-05,
          1.5920e-05,  5.6500e-42, -5.9698e-07,  5.6170e-13, -1.2824e-18,
          3.2055e-05,  1.7644e-05,  1.1347e-04, -3.4338e-05, -3.4341e-05,
          4.5493e-05, -6.7915e-04, -6.9955e-04, -6.9323e-04, -1.0997e-03,
         -1.3522e-03, -4.1403e-02, -4.5512e-06],
        [ 3.4427e-04,  7.2754e-06, -2.2123e-04, -3.0759e-04,  3.8268e-05,
         -6.3354e-06, -1.1021e-13, -7.9243e-42, -6.2611e-21,  1.6028e-07,
          2.3078e-05, -1.1990e-03, -1.3651e-03, -2.6092e-04,  7.0218e-05,
         -2.4092e-03, -2.9035e-04,  2.8130e-05, -4.0699e-05, -6.7991e-05,
         -1.3347e-03, -1.3980e-03,  1.5663e-05, -3.7072e-04, -8.8735e-05,
         -2.4339e-04,  1.9306e-05, -1.9505e-04,  1.8062e-05, -2.4339e-04,
         -3.2617e-04, -1.3323e-04, -1.1022e-04,  4.2894e-05, -6.6934e-05,
         -8.9844e-05,  5.8602e-42, -4.4368e-05,  1.7217e-02,  9.3922e-03,
         -2.1908e-04, -3.7481e-04, -3.5097e-04, -6.2833e-04,  8.7181e-04,
         -3.1141e-04, -9.4735e-04, -2.2224e-03, -2.0305e-04, -2.3875e-04,
         -6.8334e-05, -1.4181e-42, -2.2883e-11, -2.8668e-12, -3.0436e-42,
         -1.0416e-04, -8.4965e-05,  3.4426e-04, -3.0446e-04, -3.0447e-04,
          1.9327e-04, -1.5158e-04, -8.8614e-04, -8.7125e-04, -1.4155e-03,
         -2.7944e-03, -3.4794e-02, -5.4861e-06],
        [-3.3559e-04, -3.4677e-05,  1.8201e-04, -5.0544e-05,  1.5595e-04,
         -4.7829e-04, -6.7260e-11, -5.3880e-08, -7.8333e-24,  3.0702e-42,
          4.1687e-05, -7.0177e-03, -7.0874e-03, -5.6708e-04, -8.1088e-04,
         -1.3390e-01, -3.2445e-03, -6.1284e-04, -2.7363e-03, -2.7428e-03,
         -3.4056e-03, -3.3351e-03, -2.4557e-03, -9.7925e-05, -2.3001e-04,
         -1.9274e-04, -4.1329e-04, -1.2158e-03,  1.9895e-04, -1.9274e-04,
         -7.3154e-04, -1.1401e-03,  5.8431e-04,  3.4619e-05, -2.1657e-05,
         -7.7609e-05, -5.4242e-07, -9.6884e-05, -4.5882e-02, -6.9211e-02,
         -1.9831e-04, -1.3976e-03, -7.5167e-04, -1.0964e-02, -5.7476e-03,
         -6.2545e-04, -4.8916e-03, -2.5095e-01, -8.7611e-04, -2.3468e-05,
         -4.0186e-04, -1.1011e-41, -5.6870e-20, -4.9732e-42,  1.0325e-38,
         -1.7454e-05, -2.8337e-04, -3.3560e-04, -3.1762e-05, -3.1762e-05,
          2.0103e-05, -1.4054e-03, -6.3580e-03, -6.0448e-03, -7.2790e-03,
         -1.2017e-02,  8.8377e-02, -1.1611e-06],
        [ 2.8407e-04, -1.9402e-04, -5.2910e-05, -1.1619e-04,  1.9437e-05,
         -8.8309e-05, -1.9558e-20,  6.7599e-42, -3.7601e-21, -1.3712e-14,
         -8.9257e-05,  8.7300e-04,  6.4920e-04,  2.2855e-04,  1.9042e-05,
         -1.8384e-03,  5.6029e-04, -1.3101e-04,  9.6290e-05,  1.1271e-04,
          6.2480e-04,  6.8272e-04, -4.3540e-06, -2.9547e-04, -7.1085e-05,
          3.0638e-05,  6.4385e-05,  1.9246e-04, -2.2818e-05,  3.0638e-05,
          2.1438e-04, -4.4501e-04,  1.2356e-04,  1.5733e-04,  2.1443e-04,
          2.4389e-04,  3.1543e-26,  2.1696e-04,  9.7177e-02,  2.5965e-02,
          1.8253e-04,  4.0285e-04,  3.6140e-04, -2.7789e-03, -2.1848e-03,
          9.5448e-05,  5.1753e-04, -5.9147e-03,  2.4214e-04, -2.5824e-04,
         -1.7711e-04, -6.5991e-13,  5.4079e-20,  4.1731e-09,  2.5986e-15,
         -2.0250e-04, -2.2710e-04,  2.8406e-04, -2.1726e-04, -2.1726e-04,
          2.2369e-04, -5.1422e-04,  7.3662e-04,  8.5042e-04,  6.5867e-04,
          2.7226e-04,  6.3111e-02, -1.6357e-04],
        [ 1.2551e-04, -1.7639e-04,  1.9684e-04,  1.4351e-04,  5.8078e-05,
          5.7566e-04,  1.1092e-08, -2.5061e-16, -6.5315e-12, -3.8089e-17,
         -3.0238e-05,  1.6194e-02,  2.6332e-02,  2.2501e-03,  1.2776e-03,
         -9.3393e-02,  1.0791e-02,  1.0349e-03,  9.0863e-03,  8.7557e-03,
          9.9382e-03,  9.8685e-03,  8.1061e-03, -9.0540e-05, -2.6166e-04,
          1.8593e-04, -1.0594e-04,  2.0434e-03, -5.4255e-06,  1.8593e-04,
          1.5754e-03, -5.6970e-03,  3.7102e-04, -2.8184e-04,  1.4571e-04,
          2.4086e-04, -4.5091e-15,  1.3665e-03, -1.3628e-01,  2.7699e-01,
          6.0558e-04,  4.9887e-03,  3.9714e-03, -2.8076e-02,  5.8024e-03,
          6.1043e-04,  1.1956e-02, -7.4257e-02,  2.1021e-03,  1.7426e-05,
          4.4727e-04, -9.7637e-14,  7.0270e-06,  4.2095e-42,  1.9954e-42,
         -3.9947e-06,  2.7988e-04,  1.2551e-04,  4.8681e-05,  4.8681e-05,
          2.0935e-04, -5.3135e-03,  2.3636e-02,  2.4218e-02,  2.8835e-02,
          6.0949e-02,  5.8481e-02, -8.9340e-05],
        [ 2.2158e-06, -6.8043e-06,  6.3881e-05,  2.9399e-04,  3.2889e-05,
         -2.4616e-05, -1.0153e-25, -8.1976e-43,  4.4137e-10,  1.9362e-06,
         -1.5190e-04, -3.4832e-03, -2.0301e-03, -1.6555e-04, -2.3434e-04,
         -1.4743e-03, -8.4321e-04, -1.7979e-04, -1.2061e-03, -1.0844e-03,
          3.1170e-04,  4.0442e-04, -1.1433e-03,  1.1133e-04, -9.2106e-05,
          1.6355e-04,  3.7676e-04, -7.3947e-05, -9.4686e-06,  1.6375e-04,
         -5.9582e-05, -1.1651e-05, -1.1451e-04,  1.4238e-04,  2.3332e-04,
          1.8512e-04, -5.3320e-23, -1.6871e-04, -2.4818e-02,  2.5033e-02,
          9.5622e-05, -1.4503e-04,  4.6340e-05, -1.2434e-03, -1.0860e-03,
          1.8142e-04, -8.6080e-04, -1.9442e-03,  1.5259e-05, -8.4967e-05,
         -3.1267e-06,  3.8340e-42,  6.9220e-21,  5.2829e-43, -3.6980e-42,
         -8.9566e-05,  2.9968e-06,  2.2157e-06,  1.1659e-04,  1.1669e-04,
          7.0698e-05, -2.9840e-05, -2.4490e-03, -2.0136e-03, -2.2123e-03,
         -5.1066e-03, -2.9893e-02,  1.8006e-04],
        [ 1.9384e-04, -2.1924e-04,  5.9133e-05, -1.0846e-04, -6.2452e-07,
          8.1218e-05, -2.5658e-42,  3.7849e-42,  5.9383e-08,  5.9614e-12,
         -2.7850e-04,  1.0884e-02,  1.1946e-02,  2.6768e-03,  9.4077e-05,
         -8.6918e-02,  8.8207e-03, -2.9135e-03,  7.7881e-04,  5.5610e-04,
          9.5419e-03,  9.9260e-03, -1.0928e-04, -2.4599e-04, -1.3996e-03,
          2.4261e-04, -1.8415e-04,  1.8734e-03,  8.3486e-05,  2.4261e-04,
          1.7670e-03, -1.0201e-02,  7.1819e-04,  2.0816e-04,  4.1896e-04,
          5.0531e-04, -6.5648e-29,  1.4101e-03,  1.5560e-01,  1.2389e-01,
          1.8160e-03,  5.1222e-03,  4.7904e-03, -2.9797e-02, -1.7651e-02,
          7.5459e-04,  1.0265e-02, -2.4697e-02,  2.4504e-03, -2.1306e-04,
          1.3093e-04, -9.8659e-12, -4.4492e-14,  8.7072e-11, -1.1828e-20,
         -3.3723e-04,  6.1987e-05,  1.9384e-04,  1.5267e-05,  1.5267e-05,
          2.6314e-04, -1.1595e-02,  5.6658e-03,  6.5732e-03,  1.2009e-02,
          1.6423e-02,  8.9190e-02, -1.1830e-04]], device='cuda:0')), ('conv1.aggr.t', tensor([1.], device='cuda:0')), ('bn1.weight', tensor([0.7456, 0.4971, 0.6204, 0.6127, 0.6467, 0.6311, 0.5760, 0.7203],
       device='cuda:0')), ('bn1.bias', tensor([-0.0015,  0.0768, -0.0176, -0.0456, -0.0340, -0.0010, -0.0807, -0.0053],
       device='cuda:0')), ('bn1.running_mean', tensor([ 539.8537,  -89.1269, -209.5872, -197.7808,  693.8499,  446.2974,
        -229.0464, 1009.1625], device='cuda:0')), ('bn1.running_var', tensor([64640.2656, 70759.5234, 46820.1914,  5725.1484, 76409.0312, 17870.6484,
        28699.5781, 73795.9375], device='cuda:0')), ('bn1.num_batches_tracked', tensor(47024, device='cuda:0')), ('conv2.bias', tensor([-5.3599e-08,  7.7922e-06,  1.4712e-06, -1.0925e-06, -1.0581e-05,
        -2.3067e-06,  5.7566e-06,  2.6058e-06, -2.9428e-06, -3.5430e-06,
         1.5112e-06, -6.2310e-07,  5.0170e-06, -1.7298e-06, -6.3121e-07,
        -1.5870e-07], device='cuda:0')), ('conv2.lin.weight', tensor([[-0.1947, -0.1406,  0.0931, -0.0661, -0.1209, -0.1077, -0.0291, -0.1672],
        [ 0.1778, -0.0161,  0.0175,  0.0774,  0.1062, -0.1544, -0.0341,  0.1548],
        [-0.2536,  0.0549, -0.0470, -0.0572,  0.1029, -0.0532, -0.0959, -0.2091],
        [ 0.2240, -0.1010, -0.0860, -0.1615, -0.1707, -0.2477, -0.1285,  0.2369],
        [ 0.0231, -0.0841, -0.0443, -0.0223, -0.0713,  0.0303,  0.0668, -0.1668],
        [ 0.1536, -0.0369, -0.0349, -0.1022, -0.0985,  0.1450,  0.0821,  0.1896],
        [-0.0700, -0.1311,  0.1636,  0.0421,  0.2175,  0.0106,  0.1436,  0.2336],
        [ 0.1370,  0.1070, -0.0638,  0.0017, -0.0708,  0.0116, -0.1376,  0.2002],
        [-0.1805,  0.0983, -0.2895,  0.0463, -0.0597, -0.0546,  0.2181, -0.1644],
        [-0.2273,  0.1206,  0.0931,  0.1343,  0.1127, -0.2459, -0.0996, -0.1757],
        [ 0.1706, -0.1585,  0.2722,  0.1214, -0.3113,  0.2176, -0.1113,  0.2103],
        [-0.0176, -0.2200, -0.0784,  0.1327, -0.0293,  0.1475,  0.0886,  0.1981],
        [ 0.1845, -0.1297, -0.0785, -0.1826, -0.1015,  0.0267,  0.1583,  0.2398],
        [-0.0615, -0.0505,  0.1481,  0.0798, -0.0296, -0.1025,  0.1469, -0.0145],
        [ 0.2664,  0.0566,  0.1785, -0.1095,  0.1985, -0.0350,  0.1898,  0.1198],
        [ 0.1350, -0.1280, -0.0068, -0.0466,  0.1185,  0.1039,  0.0228, -0.0471]],
       device='cuda:0')), ('conv2.aggr.t', tensor([1.], device='cuda:0')), ('bn2.weight', tensor([0.6732, 0.6412, 0.5898, 0.4981, 0.5658, 0.4917, 0.5787, 0.6134, 0.6096,
        0.7379, 0.6217, 0.6372, 0.5982, 0.4902, 0.5685, 0.5030],
       device='cuda:0')), ('bn2.bias', tensor([ 0.0710,  0.3484, -0.2325, -0.0833,  0.2290, -0.1093,  0.3210,  0.0414,
        -0.2743, -0.6698, -0.3560, -0.2645, -0.3478,  0.1248, -0.4830, -0.4457],
       device='cuda:0')), ('bn2.running_mean', tensor([-0.2007,  0.0996, -0.1545, -0.0698, -0.0752,  0.0916,  0.1462,  0.0723,
        -0.1287, -0.0955,  0.1190,  0.0539,  0.0494,  0.0079,  0.2291,  0.0484],
       device='cuda:0')), ('bn2.running_var', tensor([0.0339, 0.0342, 0.0274, 0.0425, 0.0057, 0.0174, 0.0210, 0.0162, 0.0312,
        0.0334, 0.0375, 0.0169, 0.0257, 0.0110, 0.0436, 0.0155],
       device='cuda:0')), ('bn2.num_batches_tracked', tensor(47024, device='cuda:0')), ('conv3.bias', tensor([-6.6448e-07, -1.7588e-06,  1.3190e-06, -1.2283e-06, -2.5550e-06,
         1.2079e-06,  2.9616e-06,  1.5516e-06,  4.5482e-06,  2.7765e-06,
        -1.7350e-07,  1.7079e-06,  2.3780e-07,  9.5286e-07, -1.5566e-06,
        -1.1871e-06,  2.7406e-06, -3.0543e-06, -3.6076e-06, -8.1863e-07,
        -1.5583e-07, -1.2013e-06,  1.6878e-08,  2.2228e-06, -7.2525e-07,
         2.0300e-06,  3.1808e-06,  1.3310e-06, -2.1170e-06, -1.1885e-06,
         6.1226e-07,  2.4107e-06], device='cuda:0')), ('conv3.lin.weight', tensor([[ 5.5133e-02,  1.1037e-01, -4.4032e-02, -3.3007e-02,  1.8145e-01,
         -5.1878e-04,  5.7115e-02,  1.2483e-01, -7.6772e-02, -1.8184e-01,
         -7.6439e-02, -1.1603e-01, -1.6075e-01, -8.3782e-02, -1.6486e-01,
         -7.9298e-02],
        [-8.9766e-02,  6.3414e-02,  1.3961e-01,  3.4464e-02, -8.0576e-03,
         -5.9056e-02,  9.9778e-02,  3.1964e-02, -1.4948e-01, -1.3051e-01,
         -1.4146e-02, -9.7521e-02, -1.3977e-01, -6.7304e-02, -1.4165e-01,
         -8.9876e-02],
        [-3.7720e-02,  9.8628e-02, -1.0118e-01,  1.3233e-01, -3.2063e-02,
         -6.8115e-02, -4.4327e-02, -9.3384e-02,  1.2356e-01, -1.1447e-01,
         -1.2628e-01, -2.9126e-02,  9.3340e-02,  1.0958e-01, -8.8756e-02,
         -1.0596e-01],
        [-1.0783e-01, -5.3257e-02, -1.2356e-01,  3.6186e-02,  1.0612e-01,
         -9.1332e-02, -3.1370e-02,  6.8641e-03,  5.2827e-02,  5.0813e-02,
          8.0083e-02, -1.3786e-01,  8.1070e-03,  7.7137e-02,  8.7513e-02,
          2.2610e-02],
        [-9.2907e-03, -5.4105e-02,  8.7884e-02,  1.1185e-01, -9.8566e-02,
         -3.7846e-02,  6.6304e-04,  1.1472e-01, -2.6112e-02,  1.8919e-01,
          1.1158e-01, -1.0357e-02,  1.5839e-01,  4.8917e-02,  3.6163e-02,
          4.4371e-02],
        [ 2.0848e-03, -1.7261e-02,  2.5864e-02,  1.7056e-02,  2.3697e-02,
          2.4923e-02,  5.0247e-02, -1.5344e-02,  4.4498e-02, -7.0421e-02,
          2.7135e-02,  3.8747e-02,  6.9622e-03, -2.2585e-02, -1.6831e-01,
         -6.8536e-02],
        [ 7.1098e-03, -1.9058e-01,  1.1554e-01,  1.1239e-01, -4.7729e-02,
          8.2881e-02,  2.2185e-02, -1.2672e-01,  1.2925e-01,  1.2908e-01,
          1.4998e-01, -2.3175e-02,  7.7552e-02, -1.8084e-01,  1.6126e-01,
          1.8671e-01],
        [ 1.4093e-01,  6.6574e-02,  4.3030e-02,  6.3168e-02,  2.2726e-02,
          9.3833e-02,  9.6876e-02, -1.0522e-01, -1.6065e-02, -1.1778e-01,
         -1.0141e-01, -1.6484e-01,  2.6851e-02, -2.7046e-02, -2.0891e-02,
          2.5300e-02],
        [ 1.2669e-01, -6.6064e-02, -9.2741e-02, -3.1290e-02,  8.1606e-03,
          3.4600e-03,  2.4388e-02,  1.4998e-01, -1.0457e-01, -1.4367e-01,
         -1.1231e-01, -8.6326e-02, -3.3362e-02, -5.1799e-02, -1.6348e-01,
         -9.0629e-02],
        [-1.5493e-01, -8.5314e-02,  5.8600e-02, -1.2068e-01,  7.9089e-02,
          7.1460e-02, -3.2077e-02,  6.3311e-02, -3.1788e-02, -7.2531e-02,
          5.5560e-03,  1.5467e-02,  3.9742e-02,  4.3504e-02, -5.8363e-02,
          3.9733e-02],
        [ 1.6901e-02, -2.3356e-01, -8.8360e-02, -2.2294e-02, -1.5849e-01,
          4.4253e-02,  2.7936e-02,  3.9476e-02,  2.2118e-01,  2.4762e-01,
          1.6337e-01,  1.5460e-02,  1.7104e-01, -1.1215e-01,  1.1183e-01,
          1.4648e-01],
        [ 9.0891e-02,  1.5960e-01, -1.4385e-01,  1.0810e-01,  1.3973e-01,
         -1.6917e-02,  1.4393e-01, -1.2573e-01,  1.5534e-02, -1.6227e-01,
         -1.0272e-01, -1.2005e-01, -5.5667e-02,  4.9485e-02, -6.6840e-02,
         -1.1954e-01],
        [ 2.7267e-02, -1.5292e-01,  2.9258e-02, -3.4276e-02,  4.1183e-02,
          3.0626e-02, -1.2959e-01,  5.7846e-02,  1.1916e-02,  1.3019e-01,
          5.2879e-02,  5.1285e-02, -3.6643e-03, -3.5297e-03,  1.6261e-01,
          2.8080e-02],
        [-1.2740e-01,  5.4003e-03, -5.5431e-02, -1.7766e-02, -5.2702e-02,
          1.9351e-02, -6.2036e-02,  1.8814e-02,  1.5920e-01,  1.2165e-02,
         -1.0572e-01,  2.9456e-02,  1.0408e-01,  1.0043e-01,  7.9278e-02,
         -5.7179e-02],
        [ 1.2981e-02,  9.5672e-04,  1.9928e-02, -1.3626e-02, -2.2940e-02,
          1.9425e-03,  1.0436e-01,  1.2443e-01, -1.1931e-01, -3.6407e-02,
          2.2505e-04, -1.5536e-01, -8.1660e-02,  3.8558e-02, -4.3590e-02,
         -1.1747e-01],
        [ 3.2596e-02, -3.8419e-03, -3.8578e-02,  7.7259e-02,  3.7576e-02,
         -6.7691e-02, -7.1037e-02,  2.3310e-02,  3.4051e-02,  1.5830e-01,
          1.5276e-02,  8.4283e-02, -1.6163e-03,  6.2798e-02, -1.2268e-02,
          8.5556e-02],
        [-1.0376e-01, -4.0860e-02,  1.8819e-02,  1.0691e-02, -1.0779e-01,
          5.6077e-02, -5.8452e-02, -5.1050e-02,  9.4449e-02,  4.9414e-02,
         -1.1278e-01,  4.8772e-02, -5.5472e-02, -5.6050e-02,  4.6607e-02,
          1.6911e-02],
        [ 1.5141e-01, -1.7362e-02, -4.5889e-02,  7.4534e-02,  1.3931e-02,
          5.0059e-02,  4.7096e-02, -2.8388e-02, -8.7324e-02,  3.1182e-02,
          1.6950e-02, -3.8439e-02,  1.1537e-01, -8.9606e-02,  5.1222e-02,
          7.5489e-03],
        [-9.1361e-03,  6.8496e-02, -1.6949e-01, -8.3244e-02,  1.0564e-01,
         -9.7637e-02,  1.4798e-01, -6.9074e-03, -4.6554e-02, -2.4490e-01,
         -1.4448e-01, -9.7875e-02, -2.0845e-01,  6.5682e-03, -1.4704e-01,
         -1.7119e-01],
        [-1.0381e-01,  7.7005e-02, -7.3444e-02, -1.1216e-01,  7.9680e-02,
         -2.5815e-02,  6.9867e-02, -1.4790e-01, -1.5041e-01, -2.0775e-01,
         -1.3965e-01,  1.4121e-02, -7.5576e-02,  6.2434e-02, -1.6289e-01,
         -6.2974e-02],
        [-7.4795e-02, -7.1949e-02,  1.2537e-01,  5.3729e-02, -9.4523e-02,
          3.5630e-02, -1.8021e-02, -1.5076e-01,  6.7899e-02,  2.6122e-01,
          9.5711e-02,  7.0631e-02,  1.9094e-01, -2.5730e-02,  1.7740e-01,
          1.0457e-01],
        [-1.0002e-02, -3.2750e-02,  5.8415e-02, -7.1939e-02, -1.1911e-01,
          2.2932e-02, -7.7206e-02,  1.4216e-02,  5.7036e-02, -2.4540e-02,
          4.3363e-02, -1.9328e-02,  5.0063e-03,  1.1268e-01,  2.0555e-02,
         -6.8217e-02],
        [-1.3467e-01,  1.6148e-02,  7.2200e-02, -1.0573e-01,  3.6010e-02,
         -1.0761e-02, -1.3473e-01, -6.0059e-02, -1.2851e-01,  9.1605e-02,
          1.3754e-01,  8.5803e-02, -1.0963e-01, -1.3567e-01,  3.4498e-02,
          1.5786e-02],
        [-1.0333e-02, -8.0048e-02, -5.7570e-02,  2.2363e-02,  4.8645e-02,
          1.9253e-02,  1.1601e-01, -1.9600e-01, -1.1691e-01,  4.2861e-02,
          1.1493e-01, -3.9423e-02, -2.2898e-02, -6.5536e-02,  5.7740e-03,
          6.9763e-02],
        [-6.7410e-02,  1.1428e-02, -5.1690e-02, -4.2047e-03, -1.1105e-02,
          3.2830e-02, -1.8370e-01,  1.7453e-02,  1.5357e-01,  1.3693e-01,
          1.4330e-01,  1.0714e-01, -3.5403e-02,  8.7619e-02,  1.4620e-01,
          1.1606e-01],
        [ 9.6606e-02,  1.0490e-01,  4.8316e-02,  1.1000e-01, -3.3216e-02,
         -1.9396e-02, -6.5762e-02,  1.4325e-01, -1.4922e-02, -1.4903e-02,
          3.1318e-02,  5.9057e-02, -3.7496e-02,  7.6569e-02, -6.6224e-02,
         -7.5559e-02],
        [-1.1214e-01, -1.7947e-02, -1.5620e-01, -3.2836e-02, -2.5575e-02,
         -8.8427e-02,  5.0838e-02, -4.1325e-03,  2.7566e-02, -6.3013e-02,
          3.1987e-03,  7.2381e-02, -4.5545e-02,  1.5317e-01, -4.8293e-02,
         -1.3655e-01],
        [ 1.4016e-01, -6.2246e-02,  1.2000e-01,  1.2324e-01,  8.0810e-02,
          5.9644e-02, -7.8919e-02,  7.3994e-02, -1.5876e-01,  1.7871e-01,
         -5.1645e-02,  2.0653e-01,  3.5845e-02,  1.6188e-02,  6.4219e-02,
          1.3488e-01],
        [ 1.0508e-03,  7.5120e-02, -7.8399e-02, -9.1442e-02,  4.0128e-02,
          5.8901e-02,  1.7181e-01,  4.0435e-02,  5.5165e-02, -1.6946e-01,
          4.9093e-03, -9.4935e-02, -3.4061e-03,  6.0383e-02, -7.6371e-02,
         -1.8841e-01],
        [ 1.0918e-01,  3.9931e-02,  1.4065e-01,  8.6901e-02, -1.0918e-01,
          7.1408e-02,  1.0620e-01, -2.0892e-02, -5.2312e-02, -1.1562e-01,
         -8.0416e-02,  5.9657e-02,  1.5904e-03,  3.6269e-03, -5.2903e-02,
         -1.3939e-01],
        [-1.1096e-01, -6.2150e-02, -3.6454e-03, -2.6623e-02, -8.4291e-02,
          1.2136e-02, -1.1347e-01, -1.6364e-02,  8.0082e-02,  1.0580e-01,
         -5.4945e-03, -6.4186e-02,  9.2390e-02, -1.4005e-01,  8.5190e-02,
          4.0253e-02],
        [-2.9313e-02,  4.4752e-03,  1.7126e-01, -1.1361e-01,  7.7563e-02,
          8.6254e-02,  9.6838e-03,  9.9315e-02,  6.0109e-02,  8.4337e-02,
          2.8867e-02,  1.7796e-01,  5.9243e-02, -8.1027e-02, -2.0882e-02,
          9.8376e-02]], device='cuda:0')), ('bn3.weight', tensor([1., 1., 1., 1., 1., 1., 1., 1., 1., 1., 1., 1., 1., 1., 1., 1., 1., 1.,
        1., 1., 1., 1., 1., 1., 1., 1., 1., 1., 1., 1., 1., 1.],
       device='cuda:0')), ('bn3.bias', tensor([0., 0., 0., 0., 0., 0., 0., 0., 0., 0., 0., 0., 0., 0., 0., 0., 0., 0., 0., 0., 0., 0., 0., 0.,
        0., 0., 0., 0., 0., 0., 0., 0.], device='cuda:0')), ('bn3.running_mean', tensor([0., 0., 0., 0., 0., 0., 0., 0., 0., 0., 0., 0., 0., 0., 0., 0., 0., 0., 0., 0., 0., 0., 0., 0.,
        0., 0., 0., 0., 0., 0., 0., 0.], device='cuda:0')), ('bn3.running_var', tensor([1., 1., 1., 1., 1., 1., 1., 1., 1., 1., 1., 1., 1., 1., 1., 1., 1., 1.,
        1., 1., 1., 1., 1., 1., 1., 1., 1., 1., 1., 1., 1., 1.],
       device='cuda:0')), ('bn3.num_batches_tracked', tensor(0, device='cuda:0'))])