OrderedDict([('conv1.bias', tensor([ 7.8342e-09,  2.3638e-08,  1.4759e-07, -3.5832e-07,  6.2867e-09,
         6.0591e-06, -1.6428e-08, -5.8995e-09], device='cuda:0')), ('conv1.lin.weight', tensor([[ 1.1241e-04,  4.2193e-05,  8.7326e-05, -2.0404e-05,  1.8784e-06,
         -4.3822e-04,  7.0660e-15, -3.2039e-07, -7.0850e-12,  3.8403e-16,
          5.9954e-05, -5.3212e-04, -3.2141e-02,  1.5729e-04, -1.1904e-03,
         -3.3117e-02,  9.7760e-04, -3.1202e-04, -1.5373e-03, -9.5354e-04,
          3.3635e-03,  1.1809e-03, -7.7007e-04, -1.3885e-04, -5.2841e-04,
         -1.4047e-04, -6.4510e-06,  9.4815e-05,  9.4851e-05,  9.9747e-05,
         -4.4621e-04,  3.3079e-04,  4.0867e-05, -7.1394e-04, -1.6440e-04,
          4.7867e-05, -9.5288e-44, -3.7335e-04,  1.2105e-01,  1.1666e-01,
          3.5950e-04, -3.9612e-04,  1.7853e-03, -4.8361e-02,  4.4408e-02,
          3.9941e-06, -1.7663e-03,  1.1671e-01,  4.2973e-06, -1.3436e-04,
         -4.8064e-04,  3.1983e-15,  5.2079e-07,  1.9333e-12,  1.0384e-07,
         -3.8375e-04, -7.3584e-05, -7.4205e-05,  4.5867e-05, -4.6601e-05,
          3.2886e-04, -7.7865e-04,  2.4430e-02,  2.7808e-02, -3.5820e-02,
         -5.9497e-02, -1.7129e-02,  1.8156e-05],
        [ 1.5614e-04, -8.7081e-04, -9.8027e-05,  5.6982e-05,  8.4044e-05,
         -2.8669e-03,  4.1687e-10,  2.1771e-14,  1.1967e-42, -3.1921e-11,
         -3.6342e-04, -1.7638e-03, -1.1491e-02,  5.5708e-03, -3.8922e-03,
         -1.5335e-02,  1.2136e-02, -1.8681e-02, -1.6945e-02, -1.7496e-02,
          1.3291e-02,  1.8076e-02, -1.8864e-02, -1.2141e-03, -7.0337e-03,
          1.2245e-04, -3.7464e-04, -1.3481e-03,  9.4170e-05,  1.4851e-04,
         -7.0535e-04, -5.7527e-02,  9.9819e-04,  2.8334e-03,  2.7844e-04,
         -8.0285e-04, -3.5631e-19,  1.6654e-03,  4.5411e-04,  1.2906e-03,
          4.9206e-03,  9.5698e-03,  1.4832e-02, -2.1812e-01, -1.4373e-01,
          5.6074e-04,  1.0260e-02, -6.0018e-02,  4.3716e-03, -1.0533e-03,
         -1.0768e-03,  1.3826e-13, -3.6882e-42,  3.1597e-13, -3.9461e-42,
         -2.2828e-03, -9.4821e-04,  3.9157e-04, -5.7057e-04, -1.0011e-03,
         -4.1552e-04, -6.3398e-02, -3.4523e-02, -1.7717e-02, -1.7330e-02,
         -5.8159e-03, -9.0657e-03, -6.4124e-04],
        [ 4.0695e-05, -2.3909e-06,  2.7231e-05, -3.6801e-06, -7.2392e-06,
         -1.9260e-04, -6.6968e-42,  6.5518e-08,  4.3526e-07,  3.3181e-25,
          2.3254e-05,  4.4068e-04, -1.6836e-03,  3.1394e-04, -6.1340e-04,
          7.7080e-02,  2.6619e-04, -7.2840e-04, -1.7291e-03, -2.2094e-04,
         -1.1427e-04,  1.5386e-03, -1.9356e-03,  5.6158e-05, -1.0819e-03,
          2.2760e-05,  3.8784e-05,  3.6968e-04,  7.4705e-05, -1.1207e-04,
         -1.0702e-04, -2.0737e-03,  7.8164e-04, -3.2913e-04, -3.4894e-04,
          2.7180e-04, -8.6390e-42,  2.2908e-04,  1.7061e-01,  1.8696e-01,
          7.3741e-04,  1.0299e-04,  1.0352e-03, -3.9472e-02, -1.0429e-02,
          1.4867e-04, -1.6343e-04, -1.3993e-01,  7.9459e-04, -6.4916e-05,
         -1.7974e-04, -4.4510e-07,  3.9482e-15,  2.1493e-08, -5.8490e-42,
         -2.6640e-04, -1.3568e-04,  6.5777e-05,  1.2000e-04,  1.2787e-04,
         -7.5050e-05, -2.8335e-03, -1.0557e-03, -2.8644e-03, -2.6281e-03,
         -2.2310e-02, -2.5750e-02,  2.9859e-05],
        [ 6.7466e-04, -3.8220e-04,  7.9691e-05,  1.3114e-04,  3.2167e-05,
         -1.1449e-03,  1.1257e-41,  1.6448e-13, -1.0772e-22,  2.2674e-20,
         -1.3883e-04, -4.7104e-03, -4.6845e-03,  1.8844e-03, -3.2005e-03,
         -6.7901e-02,  2.5811e-03, -6.2195e-03, -8.1940e-03, -7.4919e-03,
          1.1133e-02,  1.0207e-02, -4.8484e-03, -4.5109e-04, -1.4708e-03,
         -4.8083e-04, -4.0486e-05,  5.6401e-05,  5.6375e-05, -5.4879e-04,
         -1.2793e-03, -2.2176e-02,  2.7986e-04,  1.0084e-03,  2.8395e-04,
         -3.4827e-04,  1.8778e-08,  2.1810e-04, -1.3403e-01, -1.0295e-01,
          2.9695e-03,  2.3158e-03,  4.7184e-03,  2.8926e-02,  2.5218e-02,
          5.8499e-04, -2.8374e-04, -6.0891e-02,  9.1784e-04, -6.1621e-04,
         -3.3619e-04, -8.3928e-11, -4.0177e-07,  6.8293e-09, -1.7828e-18,
         -1.0946e-03, -7.4298e-04, -5.8448e-05, -8.8790e-05, -2.5819e-04,
          2.8371e-04, -2.1192e-02, -1.6557e-02, -1.4473e-02, -1.2241e-02,
         -9.9118e-02, -8.4665e-03, -1.9122e-05],
        [-9.3430e-06, -1.1963e-04, -4.8687e-05, -3.3624e-06, -3.7747e-06,
          3.3532e-04, -6.8536e-08, -1.0999e-08,  8.9015e-11, -8.7254e-10,
         -5.3155e-05, -5.2349e-05, -5.5672e-04,  5.5442e-04,  3.1154e-04,
          8.2354e-02, -7.1725e-04,  6.0891e-04,  8.5608e-04, -1.3019e-03,
         -8.0403e-04,  1.5478e-03,  7.7878e-04, -8.3036e-05, -4.1198e-04,
          1.8159e-04,  7.1849e-05, -2.6896e-04, -3.2871e-05,  2.3006e-04,
         -2.2420e-04, -1.3282e-03, -7.9242e-05, -2.2481e-04, -4.6607e-05,
          3.1764e-06,  9.0984e-07,  2.4449e-04,  1.6689e-01,  2.0602e-01,
          4.9570e-04,  2.4611e-04,  1.0914e-03, -8.7582e-03,  1.3843e-04,
          7.5053e-05,  1.2021e-03,  1.5310e-01, -1.9066e-04, -1.9626e-05,
         -2.5973e-05, -2.7732e-12, -2.5349e-42,  2.1860e-06,  4.5178e-23,
          3.6420e-04,  1.0481e-05, -7.9322e-05, -6.2733e-05, -5.2412e-05,
          1.2833e-05, -9.5300e-04, -2.4438e-03,  2.1293e-03, -5.4243e-04,
         -2.3633e-04, -3.3150e-02, -2.9821e-05],
        [-2.6954e-05,  7.4975e-05, -1.7002e-06,  1.7498e-05,  2.1090e-06,
          1.8929e-04,  1.3648e-05,  1.4176e-07, -1.0130e-14,  6.8147e-29,
         -8.0462e-06,  8.2086e-04,  1.4068e-03, -4.6799e-04,  8.3978e-07,
          2.3383e-01, -7.4477e-04,  1.4143e-03,  5.5450e-04,  1.1348e-03,
         -1.8174e-03, -2.2385e-03,  2.4147e-03,  7.9977e-05,  4.0103e-04,
          1.2478e-04, -1.1627e-04,  3.8929e-04,  2.3379e-05,  3.7472e-05,
         -1.9409e-04,  2.2446e-03, -6.4229e-05, -3.4610e-04,  1.3159e-04,
          5.4528e-06, -1.8646e-11, -7.0417e-05, -2.8433e-02,  8.8281e-02,
         -2.2647e-04, -1.9523e-04, -5.3987e-04,  1.4168e-01,  1.1825e-01,
         -4.9731e-05, -1.5811e-03, -2.9178e-02, -2.4447e-05, -8.6693e-05,
          1.4601e-04, -1.0350e-41,  5.4384e-42,  2.5640e-14,  1.1204e-08,
         -1.1057e-05, -1.4334e-04,  6.2967e-05,  1.6904e-04, -6.0084e-05,
         -6.6366e-05,  4.3194e-03,  2.2003e-03,  1.1371e-03,  3.7600e-04,
          7.1380e-02,  6.4836e-02,  8.7651e-05],
        [ 2.4580e-04, -8.0785e-04,  2.3070e-04,  3.1974e-05, -3.4979e-05,
         -1.3070e-03, -1.0950e-18,  2.7588e-15,  3.0850e-08, -2.2072e-28,
         -1.3488e-03, -7.8182e-03, -1.4147e-02,  7.1187e-03, -4.9116e-03,
         -2.6622e-02,  1.0050e-02, -1.7768e-02, -1.8406e-02, -2.1413e-02,
          2.0005e-02,  1.8955e-02, -1.8362e-02, -1.8873e-03, -7.8590e-03,
          2.9170e-04, -7.9266e-04,  7.1407e-04, -2.9443e-05,  2.4084e-04,
          1.6098e-04, -4.5386e-02,  5.3428e-04,  3.2008e-03, -1.0292e-03,
          4.5594e-04, -2.4858e-26,  1.0256e-03, -2.6085e-02, -2.6934e-02,
          5.5955e-03,  1.0196e-02,  9.5352e-03, -1.4589e-02, -1.0269e-01,
         -8.4763e-04, -4.5080e-04, -3.4108e-02,  1.8414e-03, -2.4363e-03,
         -1.1445e-03,  1.2259e-05, -1.0294e-41, -1.0440e-42,  3.0730e-42,
         -1.2055e-03, -1.3895e-03,  6.8607e-04, -8.1835e-04, -7.0297e-04,
          2.8646e-05, -5.7264e-02, -2.8029e-02, -3.0101e-02,  1.2072e-04,
         -2.6203e-03, -5.9292e-03, -3.0619e-04],
        [-3.9413e-05,  1.3877e-04,  7.9910e-06, -2.2274e-06,  8.3054e-06,
         -1.3016e-04, -5.9990e-42, -6.2638e-43, -2.0860e-41, -4.5752e-42,
         -4.1134e-05, -7.4046e-04,  1.5520e-03,  7.5528e-04,  5.2955e-04,
          1.8707e-01,  4.7436e-04,  2.0581e-03,  2.8899e-03,  8.5323e-04,
         -2.0206e-03, -1.0080e-03,  1.4559e-03, -6.6761e-06,  6.7024e-04,
         -7.2826e-05,  1.0408e-04,  7.7939e-05, -2.1798e-05, -2.4923e-04,
         -6.5103e-05,  2.2134e-03, -1.8212e-04, -1.1445e-04,  1.6767e-04,
          1.1823e-04, -6.2752e-07,  2.1433e-05, -1.0611e-03,  1.9401e-02,
         -1.6042e-04,  6.6601e-05, -9.1998e-04,  1.2449e-01,  8.7087e-02,
          1.7550e-04,  1.1906e-03, -2.2359e-02, -2.3111e-04,  1.5451e-04,
          1.3574e-04, -4.4323e-42, -1.5090e-13,  3.5270e-06,  4.2866e-42,
          6.0022e-05,  9.4407e-05, -4.3648e-05, -9.3822e-05, -1.4632e-05,
          1.5418e-04,  3.4212e-03,  3.1616e-03,  1.8798e-03,  2.4578e-03,
          1.1714e-01,  5.7475e-02, -2.3732e-06]], device='cuda:0')), ('conv1.aggr.t', tensor([1.], device='cuda:0')), ('bn1.weight', tensor([0.8460, 0.6612, 0.6391, 0.7492, 0.7132, 0.8216, 0.7188, 0.8228],
       device='cuda:0')), ('bn1.bias', tensor([ 0.1118,  0.2686, -0.0097,  0.0927, -0.0247,  0.0839,  0.1813,  0.1107],
       device='cuda:0')), ('bn1.running_mean', tensor([ 360.2868, -291.1787,  399.2433, -719.1299,  778.3026, 1113.7013,
        -291.9910,  900.3336], device='cuda:0')), ('bn1.running_var', tensor([1023922.6250,  137678.1406, 2313805.5000,  918051.1250, 2587910.0000,
        3449675.0000,   95181.1484, 2337910.7500], device='cuda:0')), ('bn1.num_batches_tracked', tensor(47024, device='cuda:0')), ('conv2.bias', tensor([ 3.9092e-06, -8.4773e-07,  3.8074e-06, -1.2940e-06,  3.5225e-06,
        -2.7135e-06, -5.5343e-07,  2.8183e-06, -3.4662e-06, -1.3505e-06,
         3.3554e-06,  2.4823e-06,  8.9893e-06,  2.4795e-06, -4.4641e-06,
        -5.4173e-07], device='cuda:0')), ('conv2.lin.weight', tensor([[ 3.8719e-01, -1.4525e-01, -2.5629e-01, -2.5621e-01,  1.0181e-01,
          1.1714e-01, -9.9443e-02,  2.1338e-01],
        [-2.9195e-01, -6.2770e-03,  5.9696e-02,  2.2547e-01, -4.3581e-01,
          3.8601e-01,  4.1541e-02, -2.6151e-01],
        [ 1.2285e-01, -8.6064e-02,  3.6650e-01,  1.4068e-01, -3.2286e-02,
          8.3423e-03, -3.3630e-01,  2.5686e-01],
        [ 2.5576e-01, -3.1115e-01, -2.1179e-02, -1.4453e-01, -3.0656e-03,
          3.9351e-01, -2.7020e-01,  1.0915e-02],
        [ 1.3530e-01,  1.6521e-01, -1.7514e-01, -1.8289e-01,  2.5179e-01,
         -1.5306e-03, -1.3763e-01,  3.2094e-01],
        [-2.8155e-02,  1.2211e-02, -7.4684e-04, -2.0773e-01, -2.3787e-01,
          4.2240e-01,  4.1954e-02, -2.7071e-01],
        [-3.7648e-02,  8.3840e-02,  9.8166e-02,  1.1334e-01, -3.9355e-01,
          3.4706e-01,  2.2835e-01,  2.7356e-01],
        [ 1.5668e-01,  1.3087e-01, -2.8907e-01, -4.5176e-02, -7.5789e-02,
          2.3150e-01,  2.2415e-02, -3.1514e-01],
        [ 3.9123e-01, -1.0416e-01, -7.9145e-02, -1.1331e-01,  2.0409e-01,
          3.3711e-01, -1.1304e-01, -2.7176e-01],
        [-9.1136e-02,  2.2716e-01, -2.2723e-01,  1.7995e-01, -1.5345e-01,
         -1.1039e-01,  3.4823e-02, -2.8770e-01],
        [ 2.6681e-01,  5.5099e-02, -2.8298e-01, -7.1721e-02, -1.7280e-01,
          2.9284e-01, -3.6006e-02, -3.2049e-01],
        [ 3.6063e-01, -7.9456e-02, -1.1683e-01,  1.0842e-01, -7.0709e-02,
          3.1380e-01,  2.8575e-02,  1.6095e-01],
        [ 2.3683e-01,  5.4999e-02, -1.6126e-01, -1.1453e-01, -1.4226e-01,
          2.3792e-01, -3.0582e-01,  6.8202e-02],
        [-4.5255e-02, -1.5858e-01,  1.5164e-01,  3.7688e-01, -2.1091e-02,
         -2.4997e-02, -7.6536e-02,  1.8766e-03],
        [-6.7283e-02, -2.6939e-01,  2.6328e-01, -9.8342e-02, -3.8047e-01,
          2.4139e-01,  1.1076e-01, -1.8561e-02],
        [-7.3036e-02, -3.0231e-01,  1.5593e-01,  2.0625e-01, -6.8507e-02,
         -2.8535e-04, -2.4328e-01,  3.2393e-01]], device='cuda:0')), ('conv2.aggr.t', tensor([1.], device='cuda:0')), ('bn2.weight', tensor([0.7452, 0.7490, 0.7926, 0.7549, 0.7168, 0.6833, 0.7218, 0.6931, 0.7104,
        0.7697, 0.6761, 0.7215, 0.7508, 0.6660, 0.6972, 0.7292],
       device='cuda:0')), ('bn2.bias', tensor([-0.2272, -0.2499, -0.3875, -0.5358,  0.0429, -0.0391, -0.1540,  0.3312,
         0.0531, -0.5462, -0.2111, -0.0840,  0.6255,  0.2636,  0.3039, -0.0121],
       device='cuda:0')), ('bn2.running_mean', tensor([ 0.0260, -0.0629,  0.0759, -0.0670,  0.1296, -0.0634,  0.2727, -0.0046,
         0.0634, -0.0787, -0.0347,  0.2466, -0.0221,  0.0315, -0.0889, -0.0555],
       device='cuda:0')), ('bn2.running_var', tensor([0.2168, 0.2734, 0.1659, 0.2599, 0.1401, 0.1034, 0.2405, 0.0848, 0.2488,
        0.2076, 0.1086, 0.1680, 0.1184, 0.0284, 0.1138, 0.1409],
       device='cuda:0')), ('bn2.num_batches_tracked', tensor(47024, device='cuda:0')), ('conv3.bias', tensor([ 4.4866e-07,  7.2724e-07, -7.2982e-07, -1.2095e-06, -2.3196e-06,
         8.1431e-08, -2.8169e-06,  2.2389e-07,  3.2479e-06, -3.4140e-07,
         2.0305e-06, -1.9909e-06,  1.0922e-06,  1.3089e-06, -1.4639e-06,
         1.6997e-06,  2.6546e-06, -2.2678e-07, -2.3536e-07, -3.4696e-06,
        -1.0209e-06,  9.6534e-07,  1.9700e-06,  1.7298e-06,  7.4437e-07,
         7.3476e-07, -1.7896e-06, -2.4783e-06,  1.3997e-06, -5.3361e-07,
        -2.0584e-06,  3.5322e-06], device='cuda:0')), ('conv3.lin.weight', tensor([[-0.1051, -0.1078,  0.1895,  0.1998,  0.0077,  0.1591,  0.1358, -0.1505,
          0.0868,  0.3075,  0.1153,  0.0497, -0.2145, -0.0470, -0.1937,  0.1252],
        [ 0.0246,  0.1464, -0.0232,  0.1861,  0.0188, -0.0076, -0.0112, -0.2438,
         -0.1457,  0.1192,  0.1426,  0.0609, -0.0835,  0.0004, -0.0586, -0.1280],
        [-0.0837,  0.1287,  0.0299, -0.1632,  0.0892,  0.0015,  0.0105, -0.1880,
          0.0999, -0.0280, -0.0493,  0.0195,  0.1576,  0.0685,  0.0581, -0.1430],
        [-0.0436, -0.0399, -0.2302,  0.0689,  0.0425,  0.0620, -0.1027,  0.0874,
          0.0809, -0.0616, -0.1451, -0.1456,  0.1998,  0.1287,  0.0320,  0.1350],
        [-0.2043,  0.0355, -0.1189,  0.1074, -0.1409, -0.0477,  0.1751,  0.1172,
          0.0617, -0.1167,  0.0039,  0.0373, -0.0723, -0.0589, -0.2377,  0.1661],
        [-0.1143,  0.0930, -0.0287,  0.0776, -0.0212, -0.0569, -0.1021,  0.1220,
         -0.0251, -0.2918,  0.0238, -0.1696, -0.0588, -0.1682,  0.0424,  0.0593],
        [ 0.1690, -0.1860,  0.0726, -0.3229, -0.1883, -0.0066,  0.0392,  0.1671,
         -0.1162, -0.1965,  0.1638, -0.2356,  0.2163,  0.0025,  0.0179,  0.1394],
        [ 0.1779, -0.1266,  0.1031, -0.1125, -0.0041,  0.1052,  0.0111, -0.0293,
          0.0475,  0.2418,  0.0849,  0.1679, -0.2014,  0.0192,  0.0517,  0.0096],
        [-0.1608, -0.0503,  0.0496,  0.1889,  0.2059, -0.0993,  0.1469,  0.1067,
         -0.1158,  0.1663,  0.0840, -0.0540, -0.0558,  0.0128, -0.0742,  0.1183],
        [ 0.1648,  0.1683,  0.0161, -0.1741,  0.1619,  0.0934,  0.1710, -0.2489,
          0.1526, -0.0067,  0.1198,  0.0679, -0.1758,  0.1628, -0.1787, -0.1602],
        [-0.1012, -0.0146, -0.0384,  0.0403,  0.3038,  0.1640, -0.0937,  0.1289,
         -0.0270,  0.0057, -0.0447, -0.0495,  0.0829,  0.2603, -0.0194, -0.0248],
        [ 0.2655, -0.0265, -0.1838, -0.0540,  0.1013,  0.3135, -0.1469,  0.0337,
         -0.0961, -0.0169, -0.0776,  0.0272, -0.1403,  0.0490, -0.1079,  0.1371],
        [ 0.0652, -0.0176,  0.0682, -0.0369,  0.1152,  0.1877,  0.0855, -0.0973,
         -0.0924,  0.1787, -0.0558,  0.0285,  0.1060,  0.0038, -0.1145, -0.1443],
        [ 0.1225,  0.0167, -0.0554,  0.1568, -0.1553,  0.0583,  0.0433, -0.1343,
          0.0224,  0.1485, -0.0986, -0.0301,  0.0720, -0.0679,  0.0420, -0.0130],
        [-0.0539, -0.0581, -0.1329, -0.1733, -0.0353,  0.0050,  0.0216, -0.1394,
          0.2444,  0.0082, -0.0024,  0.2219, -0.1222,  0.0741,  0.0176,  0.1167],
        [ 0.1597, -0.1779, -0.2705,  0.1619,  0.1334,  0.0009,  0.1092, -0.1677,
         -0.0783,  0.1260,  0.2474, -0.0934, -0.1054,  0.2218,  0.0367,  0.0727],
        [ 0.1325,  0.0510,  0.1922, -0.0761,  0.0320,  0.1072,  0.0965,  0.1988,
         -0.1304, -0.1496,  0.0890, -0.0964, -0.2725, -0.0316,  0.0146,  0.0617],
        [ 0.1227,  0.1186,  0.2468,  0.2084,  0.0662, -0.0284, -0.1233, -0.0846,
         -0.1675,  0.2600,  0.1318, -0.0769, -0.1742, -0.0546,  0.0201, -0.0418],
        [-0.0456, -0.0497, -0.0871,  0.0534,  0.0043, -0.0033, -0.0434, -0.0160,
         -0.0078,  0.0280,  0.0234,  0.1503, -0.0272, -0.0309,  0.0304,  0.1838],
        [-0.2275, -0.1290, -0.0388, -0.2784,  0.1488,  0.0530, -0.0275, -0.0206,
          0.0036, -0.1733,  0.1060,  0.1537,  0.0837,  0.0363,  0.2105, -0.1425],
        [ 0.1558, -0.0139, -0.0164,  0.1577, -0.2240, -0.1490,  0.0798,  0.0569,
         -0.0810, -0.0562, -0.0713,  0.1236, -0.2050, -0.1478,  0.0873, -0.0846],
        [ 0.0567, -0.0600,  0.1111,  0.0190, -0.0637,  0.1652,  0.0648,  0.1827,
          0.0654, -0.0063,  0.0051,  0.0815, -0.2895,  0.0153, -0.1008,  0.1203],
        [-0.1329, -0.0750, -0.0604,  0.1642, -0.0452, -0.1281,  0.1519, -0.1049,
          0.0011, -0.0241, -0.0448, -0.1268,  0.1364, -0.0917, -0.1156, -0.0759],
        [ 0.0195,  0.1195,  0.0511,  0.1317,  0.0491,  0.0784,  0.0787,  0.1426,
          0.1615,  0.0694, -0.1336, -0.1112, -0.1549, -0.1027, -0.1996,  0.0829],
        [-0.0405, -0.1667, -0.0386, -0.2568,  0.0383,  0.0601, -0.0122,  0.1614,
         -0.0985, -0.0972, -0.0394,  0.0959,  0.2097,  0.1695,  0.0812, -0.1282],
        [ 0.1259,  0.0880,  0.1927,  0.2080, -0.0171, -0.1130,  0.0040, -0.1119,
         -0.1269,  0.2579,  0.2263,  0.0310, -0.2802, -0.1235, -0.0310,  0.0704],
        [ 0.2307,  0.0471,  0.2751, -0.0041, -0.1475,  0.0322, -0.1653,  0.0508,
         -0.1696,  0.1255, -0.0292,  0.0600, -0.1749, -0.0840,  0.0881, -0.1011],
        [ 0.1573,  0.0819, -0.1540, -0.1503,  0.1767, -0.1771,  0.1398,  0.0489,
          0.1858, -0.1218, -0.0348, -0.1505, -0.1191,  0.0543,  0.0921, -0.0100],
        [ 0.0139,  0.0246,  0.1441,  0.0706, -0.1361,  0.0058, -0.0357,  0.0113,
         -0.0165, -0.1525,  0.0974, -0.0336, -0.2524, -0.2281, -0.0533,  0.1436],
        [-0.0169, -0.1892, -0.1020, -0.1874, -0.0759, -0.0317, -0.1189, -0.0239,
         -0.0354,  0.0224,  0.0615,  0.1442,  0.1836, -0.0278,  0.2147,  0.1446],
        [-0.0213, -0.1109, -0.0796,  0.0965,  0.1229,  0.0631,  0.0570, -0.1655,
          0.0368,  0.2540,  0.0275,  0.1083, -0.0402, -0.0945,  0.0704, -0.0706],
        [ 0.1668, -0.1948, -0.2291, -0.0749,  0.0953,  0.1284, -0.0702,  0.2475,
         -0.0795, -0.0390, -0.1173, -0.0501, -0.1022,  0.1767,  0.1681,  0.1528]],
       device='cuda:0')), ('bn3.weight', tensor([1., 1., 1., 1., 1., 1., 1., 1., 1., 1., 1., 1., 1., 1., 1., 1., 1., 1.,
        1., 1., 1., 1., 1., 1., 1., 1., 1., 1., 1., 1., 1., 1.],
       device='cuda:0')), ('bn3.bias', tensor([0., 0., 0., 0., 0., 0., 0., 0., 0., 0., 0., 0., 0., 0., 0., 0., 0., 0., 0., 0., 0., 0., 0., 0.,
        0., 0., 0., 0., 0., 0., 0., 0.], device='cuda:0')), ('bn3.running_mean', tensor([0., 0., 0., 0., 0., 0., 0., 0., 0., 0., 0., 0., 0., 0., 0., 0., 0., 0., 0., 0., 0., 0., 0., 0.,
        0., 0., 0., 0., 0., 0., 0., 0.], device='cuda:0')), ('bn3.running_var', tensor([1., 1., 1., 1., 1., 1., 1., 1., 1., 1., 1., 1., 1., 1., 1., 1., 1., 1.,
        1., 1., 1., 1., 1., 1., 1., 1., 1., 1., 1., 1., 1., 1.],
       device='cuda:0')), ('bn3.num_batches_tracked', tensor(0, device='cuda:0'))])