OrderedDict([('conv1.bias', tensor([-4.8371e-07, -2.8586e-06, -1.6395e-06, -1.4464e-10,  2.9776e-08,
         3.4634e-09, -3.1788e-09,  3.0227e-09], device='cuda:0')), ('conv1.lin.weight', tensor([[-1.2725e-04,  3.1386e-04,  8.0405e-05,  1.4062e-05,  3.4260e-05,
          1.3774e-03,  1.6157e-42,  6.1018e-15, -1.0896e-17,  9.2607e-11,
          6.2216e-04,  2.3472e-03,  5.9075e-03, -2.4145e-03,  3.5607e-03,
          1.0481e-01, -5.8952e-03,  1.0838e-02,  9.8030e-03,  1.1263e-02,
         -7.1135e-03, -9.7788e-03,  1.1840e-02,  3.3076e-04,  3.6668e-03,
          2.5005e-04,  1.1645e-04,  6.1775e-04,  3.6380e-05,  8.7730e-05,
         -1.4735e-03,  2.7192e-02, -9.3033e-04, -7.5852e-04,  1.4933e-04,
         -5.2110e-04,  2.6509e-09, -3.7098e-04,  1.9302e-02, -1.2820e-01,
         -2.2604e-03, -4.8560e-03, -6.4038e-03,  1.3849e-01,  8.3783e-02,
         -1.4661e-04, -2.1052e-03,  1.1625e-01, -1.7709e-03,  5.0404e-04,
          6.0100e-04,  1.7264e-42,  1.5149e-13,  3.7826e-08, -1.1018e-10,
          5.3367e-04,  4.2160e-04, -4.7371e-05,  2.9876e-04,  2.6061e-04,
         -1.8186e-04,  3.3071e-02,  1.2409e-02,  1.5552e-02,  5.9094e-03,
          1.3539e-02, -1.0297e-01,  4.5937e-04],
        [ 2.5018e-05, -9.0295e-05,  3.8003e-06,  1.1194e-04, -3.2907e-05,
         -5.1300e-04, -4.1366e-42, -7.7366e-42, -1.5204e-07, -2.8103e-18,
         -8.3047e-05,  6.1677e-04, -2.5297e-03,  1.6085e-03, -1.0282e-03,
         -1.4068e-01,  4.9673e-03, -5.5240e-03, -5.3754e-03, -4.9433e-03,
          9.0992e-03,  8.1142e-03, -5.8053e-03, -2.3269e-04, -2.1016e-03,
         -1.3870e-04, -1.7925e-04,  5.9202e-04,  4.5951e-05,  1.4925e-04,
         -1.9963e-04, -1.8099e-02,  1.1569e-03,  1.1995e-03,  6.9715e-05,
          2.1921e-04,  4.8662e-09, -4.5978e-05, -1.4435e-01,  5.9737e-02,
          2.2575e-03,  3.4534e-03,  3.3105e-03, -7.1381e-02, -4.3194e-02,
          7.2281e-06, -1.4113e-03, -6.1214e-02,  1.1297e-03, -4.1959e-04,
         -4.2317e-04, -2.4817e-42, -2.3140e-26,  1.5344e-42,  5.7722e-27,
         -6.8346e-04, -1.5156e-04,  2.7759e-04, -2.7966e-04, -3.0809e-04,
          4.8011e-05, -1.9497e-02, -7.0482e-03, -8.2369e-03, -9.7039e-03,
         -6.5667e-03, -9.8997e-02,  1.1882e-04],
        [ 6.0193e-04, -5.5171e-04,  3.0104e-05,  2.9733e-05, -1.9796e-05,
         -3.1955e-03,  1.1631e-43, -1.6507e-42,  1.6834e-24,  4.0080e-18,
         -3.9243e-04, -8.5245e-03, -1.2981e-02,  4.5163e-03, -6.4283e-03,
         -7.9376e-02,  8.0684e-03, -1.9608e-02, -2.1632e-02, -2.1268e-02,
          2.2127e-02,  2.5589e-02, -2.2393e-02, -1.3173e-03, -7.7331e-03,
          3.3059e-05, -6.1488e-04, -6.1304e-04, -2.8461e-05, -5.0072e-04,
          4.9805e-04, -5.5415e-02,  1.4713e-03,  3.6945e-03, -1.8007e-04,
          7.0141e-04,  4.9020e-17, -8.0594e-05,  4.3467e-02, -2.3265e-01,
          5.9359e-03,  9.4667e-03,  1.4238e-02, -1.5671e-01, -1.0847e-01,
          6.4722e-04,  4.2579e-03, -9.3176e-02,  2.7952e-03, -1.5705e-03,
         -1.6621e-03,  1.0970e-07,  9.6802e-42,  2.4925e-11, -1.1120e-10,
         -2.3215e-03, -7.9796e-04,  7.0387e-04, -3.0546e-04, -5.6393e-04,
          2.0423e-04, -6.6327e-02, -2.6803e-02, -2.3027e-02, -1.7799e-02,
         -3.7402e-02, -1.4693e-02, -5.6138e-04],
        [-1.5839e-05, -3.6109e-05, -2.0551e-05, -2.2851e-05,  2.9875e-06,
          2.7879e-04,  1.8217e-44,  1.4403e-21,  8.1836e-43,  8.0210e-42,
          1.2287e-04,  4.0499e-04,  7.1050e-04, -1.0652e-04,  2.5942e-04,
          5.0348e-02, -6.3223e-04,  8.6145e-04,  1.7368e-03,  1.2793e-03,
         -4.8942e-04, -1.0666e-03,  1.4314e-03, -8.6520e-05,  8.4542e-04,
          1.3209e-05, -1.2201e-04, -4.7259e-04, -1.8887e-05,  7.3150e-06,
         -1.9652e-04,  2.2061e-03, -2.4430e-04, -1.0960e-04,  2.5015e-04,
          2.4074e-05,  1.2598e-42,  6.3258e-05, -1.1638e-01, -1.1398e-01,
         -2.9464e-04, -4.7415e-04, -6.8479e-04,  8.8774e-03,  7.3310e-03,
          1.7692e-05,  7.7455e-04, -8.2197e-04,  1.7538e-04,  6.4993e-05,
          1.7996e-04, -7.2914e-12, -2.8484e-12,  1.1873e-41, -1.7536e-29,
         -3.1220e-05,  1.6298e-05,  2.0047e-05, -1.4320e-04,  9.5665e-05,
          1.1363e-04,  3.4645e-03,  1.1479e-03,  2.0045e-03,  9.4889e-04,
          2.4185e-03,  1.4056e-01, -4.8057e-05],
        [ 3.5809e-04, -1.5714e-04, -5.2281e-05, -6.2300e-05, -2.1083e-05,
         -1.2331e-03,  1.0789e-06, -3.3421e-42,  3.7289e-42, -3.0548e-42,
         -2.1276e-04, -5.0006e-03, -9.2400e-03,  1.9242e-03, -2.8395e-03,
         -7.1490e-02,  4.1148e-03, -8.9874e-03, -1.1280e-02, -1.0323e-02,
          9.8224e-03,  1.1927e-02, -1.1899e-02, -4.7675e-04, -3.3674e-03,
         -1.3703e-04,  9.0278e-07, -6.6394e-04,  6.5726e-05, -4.0696e-04,
         -1.1754e-04, -2.1363e-02,  4.5614e-04,  1.7990e-03, -3.5998e-04,
         -1.5571e-04, -1.9264e-16, -7.7435e-04,  8.2443e-02,  1.2545e-01,
          3.3712e-03,  2.7650e-03,  4.5138e-03, -1.0020e-01, -7.8251e-02,
         -7.7657e-05,  8.3154e-04, -7.2915e-02,  7.2473e-04, -6.6535e-04,
         -1.1902e-03, -4.3153e-06,  8.5744e-08,  5.7892e-19,  6.1251e-42,
         -1.1639e-03, -7.0897e-04,  4.8356e-04, -5.0980e-04, -4.2932e-04,
          2.5417e-04, -2.6326e-02, -1.5387e-02, -9.7588e-03, -7.8338e-03,
         -1.9213e-02, -1.4301e-01, -1.6459e-04],
        [ 2.0635e-04, -3.2873e-04, -1.0640e-04,  1.1531e-05,  2.2500e-05,
         -9.3445e-04,  5.9990e-42,  8.1704e-10,  6.8916e-42, -5.7072e-08,
         -2.1157e-04,  2.3232e-03, -4.9747e-03,  2.1057e-03, -1.4370e-03,
         -1.0415e-01,  5.6933e-03, -6.5295e-03, -5.8624e-03, -5.9528e-03,
          4.4554e-03,  5.1018e-03, -5.5561e-03, -4.1840e-04, -2.7130e-03,
          3.9369e-04, -1.7986e-04, -3.0968e-04, -2.1038e-05, -4.1103e-04,
          1.7066e-04, -2.2994e-02,  5.1170e-04,  1.0375e-03,  1.7171e-04,
         -8.6528e-05,  9.0818e-42,  1.0628e-03, -1.1532e-01, -2.5362e-02,
          2.1697e-03,  3.9179e-03,  5.5512e-03, -8.0187e-02, -4.6702e-02,
         -2.9391e-04, -4.3930e-04, -1.2396e-01,  1.6671e-03, -3.0279e-04,
         -1.5109e-04,  2.9953e-09,  4.8527e-42, -9.6088e-17,  1.1896e-41,
         -1.0355e-03, -6.2329e-05,  3.1245e-05, -6.0733e-04, -3.8690e-04,
          7.8852e-05, -2.9152e-02, -9.0957e-03, -4.2626e-03, -5.8398e-04,
         -8.0538e-03, -4.9447e-02, -3.8687e-04],
        [ 6.4784e-05,  1.4674e-04,  2.2926e-05,  2.5646e-05,  8.6185e-06,
          2.5573e-04, -6.6562e-43,  7.7632e-43,  8.8229e-12, -5.6753e-42,
          1.0523e-04, -5.3137e-04,  1.7707e-03,  1.9232e-04,  3.2284e-04,
          1.0619e-01, -9.1066e-06,  1.3371e-03,  1.3171e-04,  7.7425e-04,
          1.1021e-03, -3.8467e-04,  8.1924e-04,  1.3595e-04,  6.0199e-04,
          1.6387e-04, -5.0625e-05,  3.8679e-04,  1.3646e-05, -2.1615e-05,
          3.8874e-05,  2.8823e-03, -1.8361e-04,  1.0311e-04, -3.6709e-05,
          1.8419e-05,  5.1299e-09, -2.1981e-04,  1.9226e-01, -1.7309e-01,
         -5.1007e-05, -1.3070e-03, -2.4714e-04,  1.0545e-02,  6.9191e-03,
         -4.8873e-05, -2.6667e-04,  1.5952e-01,  5.9909e-05,  2.4046e-04,
          7.3708e-05,  8.0533e-42,  4.5612e-42,  1.1953e-42, -8.7581e-42,
          5.4099e-04,  2.2341e-04,  1.4820e-05,  8.9101e-05, -2.3244e-05,
          2.7997e-05,  2.6754e-03,  8.8695e-05,  2.7551e-03,  2.7573e-03,
          1.0647e-03,  2.2907e-02, -7.9481e-05],
        [-2.3288e-04,  1.3957e-04,  1.1288e-05,  1.9847e-05, -5.9933e-06,
          8.9935e-04,  4.5458e-07, -1.9907e-34, -2.4873e-42, -3.3407e-42,
         -4.2521e-05,  3.9029e-03,  3.5642e-04, -2.8568e-04,  1.4295e-03,
          5.3714e-04, -7.4063e-04,  3.8524e-03,  6.4532e-03,  5.0573e-03,
         -6.9899e-03, -5.7738e-03,  5.1653e-03,  2.7714e-04,  6.3133e-04,
          5.2754e-04, -1.4345e-04, -2.5429e-04, -2.6201e-05,  1.6916e-04,
          6.0436e-04,  1.0102e-02,  3.2644e-05, -4.0910e-04,  1.4705e-04,
          1.5947e-04, -6.9087e-25,  2.6688e-04, -6.7537e-02, -1.4075e-01,
         -1.8544e-03, -1.7224e-03, -2.7367e-03,  3.8700e-02,  3.7093e-02,
          4.9278e-04,  1.3047e-03,  1.2788e-01, -8.3216e-04,  4.1431e-04,
          5.6762e-04,  1.3686e-25,  4.2391e-08, -1.7642e-42, -3.4304e-42,
          3.8097e-04,  4.0668e-04, -3.6101e-04,  1.6938e-04,  2.6405e-04,
          4.4246e-06,  9.7156e-03,  9.2545e-03,  6.1233e-03,  3.2016e-03,
          9.0516e-03, -2.2588e-01,  1.6134e-04]], device='cuda:0')), ('conv1.aggr.t', tensor([1.], device='cuda:0')), ('bn1.weight', tensor([0.7500, 0.6903, 0.7007, 0.9421, 0.7523, 0.6834, 0.8779, 0.7557],
       device='cuda:0')), ('bn1.bias', tensor([-0.0105, -0.0042, -0.0375,  0.0944, -0.0529,  0.0561,  0.0744,  0.0120],
       device='cuda:0')), ('bn1.running_mean', tensor([ -538.4219, -1360.9644,  -870.3710,   772.2176, -1055.4254, -1098.0414,
          691.4954, -1933.3920], device='cuda:0')), ('bn1.running_var', tensor([ 5657895.5000,  6339868.0000,  2246754.5000, 10406414.0000,
        11108546.0000,  2416329.2500,  3376083.7500, 23649054.0000],
       device='cuda:0')), ('bn1.num_batches_tracked', tensor(47024, device='cuda:0')), ('conv2.bias', tensor([ 8.7201e-07, -6.2809e-06,  1.9245e-06, -6.4925e-06,  2.7751e-06,
        -3.8796e-06, -4.1493e-06,  6.7569e-06, -6.7467e-06, -2.6607e-06,
         5.6548e-06,  6.9067e-06,  1.0258e-06, -2.1095e-06, -3.3327e-06,
         1.1582e-05], device='cuda:0')), ('conv2.lin.weight', tensor([[-0.0568,  0.0148,  0.0760,  0.0371,  0.0994, -0.1213, -0.2767,  0.2405],
        [ 0.1789, -0.1483, -0.1789, -0.2079,  0.0028,  0.2283, -0.1905, -0.2999],
        [-0.1337,  0.1811,  0.1345, -0.0861, -0.1978, -0.0132,  0.3409,  0.0478],
        [-0.0377, -0.0929,  0.1847, -0.3183, -0.2287, -0.0788, -0.2198, -0.0503],
        [ 0.2651,  0.0354, -0.2104, -0.1001,  0.1076, -0.1553,  0.1543,  0.0527],
        [-0.3073, -0.0369, -0.0737, -0.0386,  0.0749,  0.0054,  0.2516, -0.0737],
        [ 0.0986, -0.0654,  0.1421,  0.1461, -0.0783, -0.2516, -0.0607,  0.0821],
        [-0.0313,  0.0160, -0.0251,  0.2767,  0.1098,  0.1067, -0.1006,  0.1855],
        [ 0.0809, -0.0357,  0.0218, -0.0742,  0.1999, -0.1450, -0.2103,  0.0098],
        [ 0.0356,  0.1300, -0.1514,  0.2727, -0.2639,  0.1446, -0.1666,  0.1409],
        [ 0.1153,  0.3092,  0.1896, -0.1900,  0.2173,  0.0524, -0.0492,  0.0725],
        [ 0.2524, -0.0253,  0.2464,  0.3020, -0.0852,  0.1266, -0.0907, -0.2994],
        [-0.0985,  0.0796,  0.0042,  0.1828, -0.1480,  0.0547,  0.1313, -0.1612],
        [-0.1712, -0.1551,  0.1656,  0.2112, -0.1143,  0.0758,  0.1861, -0.0195],
        [-0.1186,  0.1748, -0.1213,  0.1067,  0.1820, -0.2872,  0.2170, -0.1331],
        [ 0.0466, -0.1292,  0.1262,  0.0103,  0.0824, -0.0656,  0.0976,  0.1119]],
       device='cuda:0')), ('conv2.aggr.t', tensor([1.], device='cuda:0')), ('bn2.weight', tensor([0.7070, 0.6886, 0.7082, 0.6167, 0.6521, 0.6840, 0.6791, 0.7038, 0.6585,
        0.6297, 0.7426, 0.7172, 0.6967, 0.6861, 0.6564, 0.7055],
       device='cuda:0')), ('bn2.bias', tensor([ 0.6728,  0.3736,  0.5118, -0.1282, -0.0414, -0.2109, -0.4894, -0.2065,
        -0.1056,  0.2103, -0.4250,  0.3528, -0.1352, -0.2341,  0.4317,  0.3578],
       device='cuda:0')), ('bn2.running_mean', tensor([-0.0343, -0.1585,  0.0969, -0.2288,  0.0300, -0.0195, -0.0055,  0.1307,
        -0.0796,  0.0577,  0.1262,  0.1090,  0.0472,  0.0825,  0.0138,  0.0630],
       device='cuda:0')), ('bn2.running_var', tensor([0.0531, 0.0894, 0.0720, 0.1463, 0.0453, 0.0473, 0.0318, 0.0693, 0.0403,
        0.0923, 0.0878, 0.0967, 0.0593, 0.0916, 0.0765, 0.0146],
       device='cuda:0')), ('bn2.num_batches_tracked', tensor(47024, device='cuda:0')), ('conv3.bias', tensor([ 2.0815e-06, -2.2218e-06,  2.5329e-06, -1.2657e-07,  6.2623e-07,
         1.2247e-06,  6.4027e-07,  8.8441e-07, -2.7379e-09,  9.2472e-07,
         1.8149e-07,  1.0587e-06,  1.1233e-06, -1.4034e-06,  6.8309e-07,
        -3.4160e-07,  6.9239e-07, -2.0357e-06,  5.1822e-07,  9.5265e-07,
         6.1342e-07, -1.8987e-07,  9.4039e-07,  2.0696e-06,  1.1983e-06,
         2.2931e-06,  1.6319e-06, -2.7935e-07,  2.0977e-06, -5.4968e-07,
        -1.2195e-08, -1.0187e-06], device='cuda:0')), ('conv3.lin.weight', tensor([[-0.1224, -0.0207, -0.0757, -0.1153, -0.1450, -0.1216, -0.0592, -0.1132,
         -0.0813, -0.1582,  0.0857,  0.2077,  0.0068, -0.1481,  0.1154, -0.1090],
        [ 0.0895,  0.0852,  0.1171, -0.0386,  0.0603, -0.1276, -0.1770,  0.0369,
         -0.0554, -0.0958, -0.0821,  0.1925, -0.1890, -0.0711,  0.1996,  0.0553],
        [-0.1455, -0.0825, -0.1244,  0.1324,  0.1085,  0.0874,  0.0746,  0.0342,
          0.0997, -0.1143,  0.2212,  0.1941,  0.1525,  0.0973, -0.1956, -0.0922],
        [ 0.1491, -0.0327,  0.0571, -0.2401, -0.1054, -0.0759, -0.2245, -0.0698,
         -0.0689, -0.0825, -0.1574,  0.1112, -0.0275, -0.1726,  0.0149,  0.1946],
        [-0.0670, -0.0614,  0.0479,  0.1111, -0.1054, -0.0646,  0.0049,  0.0214,
          0.1418, -0.0905,  0.0821,  0.0768,  0.1401,  0.1286, -0.0531,  0.0669],
        [-0.0816, -0.0963, -0.0123, -0.1265,  0.0231, -0.0971, -0.1672,  0.1122,
         -0.0718,  0.0205, -0.1321, -0.0682, -0.1750, -0.1232, -0.1623,  0.1146],
        [-0.0879, -0.0100,  0.0924, -0.0425,  0.0273, -0.0197,  0.0154, -0.1119,
         -0.0428,  0.0403, -0.0483,  0.0937,  0.1555, -0.2173, -0.1152, -0.1379],
        [-0.0498,  0.0836, -0.1516, -0.0807, -0.0990, -0.0559, -0.1638, -0.1684,
          0.1476,  0.0037, -0.1351,  0.0537,  0.0696,  0.0453, -0.0009,  0.0996],
        [ 0.0871,  0.2645, -0.1128, -0.0541,  0.0064, -0.0062, -0.0368,  0.0446,
         -0.1614, -0.0037, -0.1010,  0.0815, -0.1863,  0.0365,  0.0974,  0.1450],
        [ 0.2175,  0.2024,  0.1793,  0.0536,  0.0870,  0.0307, -0.0326, -0.0926,
          0.0327,  0.1272,  0.0931,  0.2318, -0.0148,  0.0807,  0.0237,  0.1777],
        [ 0.1176, -0.1204, -0.1632, -0.0782,  0.1507, -0.0045, -0.0910,  0.1752,
         -0.0669, -0.0672,  0.1832, -0.1311,  0.0269,  0.1943, -0.1147,  0.0124],
        [-0.1230, -0.0799,  0.0356, -0.0087, -0.0606, -0.1355,  0.0488,  0.1273,
         -0.0270,  0.0361,  0.1311, -0.0611, -0.0621,  0.0982, -0.1031, -0.0513],
        [ 0.1784,  0.0828,  0.2021,  0.0947, -0.1552,  0.0087,  0.0644, -0.1454,
         -0.0550,  0.1415, -0.0753,  0.0181, -0.1507,  0.0682,  0.0823,  0.0934],
        [ 0.0684,  0.1262,  0.0722, -0.0028,  0.0704,  0.0087, -0.0246,  0.1208,
         -0.1669, -0.0817, -0.1266,  0.0426, -0.0951,  0.1402, -0.0817, -0.0754],
        [-0.1278,  0.0243, -0.2211, -0.1191, -0.0543,  0.0655, -0.0035,  0.1086,
         -0.1332, -0.0756,  0.0384, -0.2091, -0.1487,  0.1328, -0.1191, -0.0472],
        [ 0.0257,  0.1491,  0.1851, -0.0883, -0.0672, -0.0172, -0.0113,  0.1133,
          0.0960, -0.1289, -0.1504,  0.0284,  0.0445, -0.1411,  0.2139, -0.1211],
        [-0.1696, -0.1746, -0.1747,  0.0904,  0.1321,  0.1490,  0.1341,  0.0564,
          0.0034,  0.0500,  0.0791, -0.1576,  0.0812, -0.1244, -0.0739, -0.0798],
        [-0.2515, -0.1933, -0.1348,  0.1179,  0.1325, -0.0339,  0.1099,  0.0213,
          0.0416, -0.0439,  0.0838, -0.0729,  0.1130,  0.1051, -0.1793, -0.0872],
        [ 0.2522,  0.1468,  0.1207,  0.0344,  0.0711, -0.0472, -0.1317,  0.1636,
         -0.0963,  0.0569, -0.2007, -0.0126, -0.0427, -0.0414,  0.0697,  0.1597],
        [ 0.1980,  0.1495,  0.1216, -0.1797, -0.1842,  0.1591,  0.0142, -0.1340,
         -0.0145,  0.0263,  0.0963,  0.0246,  0.0247, -0.0013,  0.0209,  0.1181],
        [ 0.0348, -0.0891,  0.0896,  0.0058,  0.0122, -0.1019,  0.1684,  0.1216,
         -0.0491, -0.0917,  0.1658, -0.0991,  0.0233,  0.0398, -0.1204, -0.0861],
        [-0.0415, -0.1821, -0.0275, -0.0512, -0.0072, -0.0143, -0.0231,  0.1731,
         -0.1450, -0.0113,  0.1594, -0.0713, -0.1615,  0.0986, -0.0257, -0.1179],
        [-0.1947,  0.0210, -0.1827,  0.0346, -0.0565,  0.0208,  0.1051,  0.0808,
         -0.0313, -0.0888, -0.0407, -0.1329, -0.0855,  0.0716, -0.1190,  0.1399],
        [ 0.1332,  0.0965,  0.1945,  0.0276,  0.0416, -0.0359, -0.2857,  0.0268,
          0.0429,  0.0853,  0.0040,  0.1503,  0.0920,  0.0664,  0.0039,  0.1263],
        [-0.0500,  0.0294, -0.1157, -0.2059,  0.0321,  0.1705,  0.0348,  0.0503,
          0.1599, -0.0843,  0.1719,  0.1225, -0.0994,  0.0845, -0.0976, -0.0162],
        [-0.2456,  0.0812, -0.1860, -0.0912,  0.0100,  0.1045,  0.1075,  0.0803,
         -0.1065, -0.0987,  0.1636,  0.0329, -0.0458,  0.0970, -0.1193, -0.1089],
        [-0.1695, -0.1054, -0.1492,  0.1183, -0.0506,  0.0453,  0.0529, -0.0242,
         -0.0499, -0.1425, -0.1600, -0.0588, -0.0567,  0.0636, -0.2033, -0.0851],
        [-0.1916,  0.1043, -0.0107, -0.0912, -0.2068,  0.1878,  0.0617,  0.1821,
          0.1323,  0.0043,  0.0969, -0.1402, -0.0307,  0.0030, -0.0123, -0.0242],
        [ 0.0909, -0.1026,  0.0411,  0.0094,  0.1542, -0.1333, -0.2048,  0.0202,
         -0.0882,  0.1575, -0.1152,  0.0814, -0.1068, -0.0754,  0.0604, -0.0259],
        [-0.0338,  0.1092, -0.0582,  0.0038, -0.1292,  0.1553,  0.1980, -0.0217,
          0.2055, -0.0172,  0.0172, -0.1361,  0.0637,  0.0987,  0.0527, -0.0395],
        [-0.1991,  0.0163, -0.0377, -0.0015, -0.0537, -0.0893,  0.1374,  0.0369,
         -0.0075, -0.0885,  0.0719,  0.0871, -0.0359, -0.1370,  0.2110, -0.0234],
        [-0.1718, -0.1096, -0.1221,  0.0326, -0.0349, -0.0795,  0.0262,  0.1813,
          0.0332, -0.1772, -0.0983,  0.0307, -0.1134, -0.0602,  0.0029,  0.0777]],
       device='cuda:0')), ('bn3.weight', tensor([1., 1., 1., 1., 1., 1., 1., 1., 1., 1., 1., 1., 1., 1., 1., 1., 1., 1.,
        1., 1., 1., 1., 1., 1., 1., 1., 1., 1., 1., 1., 1., 1.],
       device='cuda:0')), ('bn3.bias', tensor([0., 0., 0., 0., 0., 0., 0., 0., 0., 0., 0., 0., 0., 0., 0., 0., 0., 0., 0., 0., 0., 0., 0., 0.,
        0., 0., 0., 0., 0., 0., 0., 0.], device='cuda:0')), ('bn3.running_mean', tensor([0., 0., 0., 0., 0., 0., 0., 0., 0., 0., 0., 0., 0., 0., 0., 0., 0., 0., 0., 0., 0., 0., 0., 0.,
        0., 0., 0., 0., 0., 0., 0., 0.], device='cuda:0')), ('bn3.running_var', tensor([1., 1., 1., 1., 1., 1., 1., 1., 1., 1., 1., 1., 1., 1., 1., 1., 1., 1.,
        1., 1., 1., 1., 1., 1., 1., 1., 1., 1., 1., 1., 1., 1.],
       device='cuda:0')), ('bn3.num_batches_tracked', tensor(0, device='cuda:0'))])