OrderedDict([('conv1.bias', tensor([-1.1645e-08,  1.8027e-07, -7.7647e-10, -3.0298e-10,  2.9389e-09,
         3.5436e-09, -2.9922e-09,  2.0702e-09], device='cuda:0')), ('conv1.lin.weight', tensor([[-1.3270e-05, -9.5235e-05, -1.0454e-05,  4.1272e-05,  2.4830e-05,
         -7.0919e-05, -9.3066e-16,  6.4614e-42, -4.7893e-11, -4.1128e-42,
          1.2624e-04,  1.1338e-03,  1.0522e-03, -5.8598e-04,  6.0861e-05,
         -1.2840e-01,  1.5218e-03, -2.3178e-05, -4.1323e-05,  6.7405e-04,
         -3.0564e-04,  2.3347e-04,  5.3740e-04, -1.7972e-05, -5.9581e-04,
         -1.4591e-04,  5.4498e-05,  4.8781e-05, -3.1380e-05,  1.1541e-04,
         -5.1532e-04,  3.9336e-05,  8.0893e-05, -7.3755e-05,  4.6587e-05,
          1.1808e-04,  1.3200e-42,  4.2150e-04, -4.5223e-02,  1.9442e-01,
         -3.3227e-04, -7.2876e-04, -8.8819e-04,  4.4683e-03,  1.7370e-03,
         -2.3545e-05,  1.1550e-03,  6.8547e-02, -5.5465e-04, -1.5696e-05,
          2.2680e-04, -3.1059e-12,  3.4664e-17,  8.7749e-42,  1.5969e-10,
         -6.4907e-05,  1.2390e-04, -1.1930e-04, -2.9183e-05, -2.5553e-06,
         -1.1118e-04,  4.0926e-05, -2.1766e-04, -7.9155e-05, -2.5464e-04,
          2.0222e-04, -2.1817e-03, -5.1369e-05],
        [-5.1666e-05,  6.6323e-05,  8.5952e-06,  1.1737e-05, -3.4082e-06,
         -2.5653e-04,  1.8251e-14,  1.9703e-22,  2.6434e-13, -3.6303e-19,
          1.4400e-04,  3.2138e-04, -8.8078e-04,  9.0973e-05,  2.4959e-04,
          2.4273e-01,  7.8726e-05,  6.2196e-04,  1.6772e-04,  1.3593e-04,
          4.3298e-05,  8.2423e-04, -1.6142e-03,  1.2922e-04,  1.8847e-04,
         -1.2084e-04,  3.1359e-05,  3.3458e-04,  7.0040e-05, -2.7283e-04,
          1.9489e-04,  1.7685e-04,  2.9160e-04, -6.6342e-05,  5.3400e-05,
         -2.7168e-05, -3.6686e-42,  1.5243e-04, -1.7930e-01,  8.5414e-04,
         -4.1714e-04,  1.7847e-05, -7.8366e-05,  2.8678e-03, -4.8971e-04,
         -4.3001e-05,  9.2980e-04,  1.1452e-01, -2.5460e-04,  1.0802e-04,
         -3.3655e-04, -1.1210e-43, -5.3474e-42,  7.2027e-43, -4.4968e-42,
         -1.6742e-04, -1.6899e-05,  4.8498e-05, -8.8351e-05, -8.5387e-05,
         -4.9030e-05,  2.2353e-04,  1.9574e-03, -6.1084e-06, -1.2084e-03,
          1.9432e-03,  1.1049e-02,  8.7785e-05],
        [ 6.8274e-05, -1.6756e-04,  1.9059e-05, -1.2749e-04,  1.3119e-05,
          1.4486e-04, -1.0897e-12,  3.4794e-42, -8.0953e-16, -6.9196e-42,
          8.8445e-05,  7.9395e-04,  1.2872e-03,  1.5553e-04, -2.3256e-04,
         -7.6816e-02,  5.2567e-04,  8.2321e-04,  7.8032e-04, -1.1526e-03,
          2.2876e-03,  3.2181e-04, -1.0572e-03,  1.4704e-04, -1.3798e-03,
          6.5156e-05, -2.3847e-05,  1.6706e-04, -1.2145e-04, -3.4415e-04,
          3.5085e-04, -3.0449e-05,  3.0918e-04,  1.8516e-04, -1.3665e-04,
          1.1361e-04,  1.2437e-17,  2.5490e-04, -1.3306e-01, -1.3885e-01,
          5.7238e-04,  5.5688e-04,  1.2445e-03, -3.7444e-03,  5.4578e-03,
         -1.8404e-04,  1.0742e-03,  1.4433e-01, -1.5790e-05, -4.6999e-05,
         -4.7044e-04, -1.1589e-15, -1.2872e-08, -3.8095e-12,  2.2207e-37,
         -6.0903e-05,  1.5125e-05, -4.9397e-05, -5.6752e-05, -8.9036e-06,
         -9.0442e-05, -4.7607e-03, -2.0388e-03, -1.8177e-03,  4.1031e-04,
         -6.3397e-03, -2.5626e-02, -3.5946e-05],
        [ 2.8838e-05,  2.4088e-05,  4.2421e-06, -1.9650e-05, -8.3684e-06,
          1.1366e-04,  9.1700e-09,  4.8947e-42,  2.9876e-42,  1.1067e-36,
          1.4708e-04,  8.6821e-04,  6.7679e-04,  1.3169e-04, -1.5268e-04,
         -1.5619e-01,  4.5362e-04, -4.6724e-04, -1.0042e-03,  2.6627e-05,
         -2.3826e-04, -1.2457e-04, -4.0592e-05,  1.6862e-04,  9.4995e-05,
         -6.9752e-05,  3.8270e-05, -1.7889e-04,  3.1096e-05,  2.2701e-05,
          1.8465e-04, -2.7199e-03, -9.1756e-05, -3.7968e-05, -3.7967e-05,
         -1.0342e-04,  6.2918e-43, -8.8838e-05,  1.2942e-01, -5.4183e-02,
          3.0384e-04,  4.1039e-04,  6.8495e-05, -4.2552e-03, -1.6919e-03,
         -1.6976e-04, -6.7669e-04, -4.1338e-02, -6.8283e-05, -2.4504e-04,
          5.2899e-05, -1.5456e-42, -2.8101e-15, -6.2232e-10,  7.7212e-43,
          1.3607e-05, -9.4597e-05, -4.7192e-05,  4.2386e-05,  1.2981e-04,
         -6.7271e-05, -2.2952e-03,  8.8786e-07, -9.8565e-05, -1.6752e-03,
         -1.7676e-03,  8.9183e-02,  2.5351e-05],
        [-4.7542e-05,  1.1860e-04, -1.2120e-04, -2.4427e-05,  3.6886e-05,
         -2.9952e-04,  2.6975e-42, -1.2182e-37, -2.2262e-07, -1.2012e-05,
          3.0705e-04,  2.8701e-04, -2.2973e-03,  5.1780e-05, -1.2650e-04,
         -3.2402e-02,  2.5118e-03,  1.0413e-03, -1.1703e-03,  9.2629e-04,
         -8.7476e-05,  1.6609e-04, -2.1805e-03,  5.8120e-04,  3.2889e-04,
          3.5305e-04,  9.9549e-05,  2.1260e-03,  1.6314e-05,  2.5164e-04,
          2.3097e-04,  1.6540e-04,  1.2512e-04,  4.9175e-04,  2.2094e-04,
         -7.2766e-05,  1.0260e-41,  4.0170e-04, -1.4354e-01, -1.1245e-01,
          8.3672e-04,  9.1811e-04, -3.1586e-04,  1.3944e-03,  6.4837e-03,
         -3.2947e-04, -1.3354e-03, -1.0200e-01, -1.8553e-04,  8.3228e-05,
          6.2560e-04, -9.3940e-07,  2.1902e-42, -2.1251e-19,  7.8304e-06,
          6.7254e-04, -1.2783e-04,  2.0285e-04, -2.0297e-04, -1.4493e-04,
         -1.3766e-04,  4.2635e-04, -1.8887e-03, -4.2283e-03, -3.7099e-03,
         -2.9695e-06, -4.0882e-02, -1.2721e-05],
        [-2.8382e-04,  8.3678e-05, -1.0434e-04, -3.9460e-05, -9.9537e-06,
         -2.7049e-04,  8.9407e-10,  5.8602e-42,  9.0670e-12, -6.2424e-14,
         -1.1450e-04,  4.3540e-04,  6.6305e-04,  1.7277e-05, -9.8012e-05,
         -8.3025e-02, -2.0356e-03,  4.1942e-04,  1.0290e-03, -3.0762e-04,
          4.1361e-04,  1.2280e-03, -2.3566e-04, -7.5750e-06, -1.7450e-04,
          4.5580e-05,  1.7758e-05, -7.6649e-04, -7.3101e-05, -1.2523e-05,
          1.1597e-03, -1.1142e-04, -1.0941e-04,  5.8778e-05, -1.6820e-04,
         -1.0083e-04,  2.0305e-42,  1.4163e-04,  1.9289e-01,  9.8334e-02,
         -1.1962e-04, -9.7655e-04, -9.2994e-04, -1.0528e-03,  1.6054e-03,
          2.4752e-04, -1.3701e-03, -2.6180e-02, -1.8174e-04, -3.6881e-05,
         -7.4772e-05, -2.7307e-18, -5.5558e-17, -4.9830e-42, -1.0047e-14,
          2.1641e-04,  7.3002e-05,  9.3565e-05, -1.7631e-04,  3.8078e-05,
         -8.4812e-05, -5.7506e-05, -1.8365e-03,  6.7516e-04,  1.4793e-04,
         -1.2641e-03, -6.4986e-02,  3.0090e-04],
        [-5.8564e-05, -8.6587e-06, -1.1545e-05, -6.2983e-05,  1.2154e-05,
         -1.6210e-04, -8.0965e-09,  8.1953e-16, -3.1515e-42, -3.9797e-42,
         -1.3043e-04,  2.0384e-04, -1.2257e-03, -2.3085e-04, -3.4591e-04,
          3.3831e-02,  2.0124e-04, -7.6117e-05,  7.1183e-05,  2.7424e-04,
         -6.0554e-04,  1.1853e-03, -6.0814e-05, -1.3837e-04, -2.1162e-04,
          3.2713e-05, -4.0423e-05,  1.8579e-04,  2.1104e-05,  7.2696e-05,
         -5.3750e-05, -3.7060e-04, -3.1866e-04,  1.5566e-04, -1.2162e-04,
          1.9297e-04,  3.6059e-09,  1.4542e-05, -9.7088e-05,  2.2020e-01,
         -1.1217e-04, -1.2293e-04, -1.7178e-04, -5.5267e-03, -1.0949e-03,
          3.3406e-04, -7.7197e-04, -7.3878e-02, -1.1827e-04,  1.7493e-04,
         -1.0004e-06,  1.8815e-26,  4.8177e-11, -8.6583e-16, -2.5827e-07,
         -7.3422e-05, -8.7635e-05,  4.7225e-05, -3.5772e-05, -1.0664e-04,
         -9.9158e-05, -1.3304e-03,  4.1462e-04, -8.6013e-04,  2.6420e-04,
         -3.8491e-04,  4.8837e-02, -4.2882e-05],
        [ 3.0877e-05,  7.1004e-07, -8.1705e-05,  1.2593e-04, -9.1982e-06,
         -3.0095e-05, -1.6941e-07,  9.7741e-42,  1.3541e-06, -2.5924e-42,
          2.6705e-04, -1.8119e-03,  1.8012e-03,  5.9516e-04,  2.0698e-04,
          2.1755e-02,  7.8293e-04,  1.8064e-04,  1.1141e-03, -3.2115e-04,
         -1.5860e-03,  3.4650e-03,  3.0505e-03,  1.9410e-06,  4.8485e-04,
          6.8400e-05,  2.0833e-04, -3.3285e-04,  1.0769e-05,  4.1933e-04,
          2.8867e-04, -4.4325e-04, -7.2108e-04, -4.4601e-04,  4.9731e-05,
         -6.3836e-04, -2.5349e-42,  9.7346e-05, -1.2249e-01, -1.1971e-01,
         -4.1336e-04, -5.4183e-04, -5.1917e-04,  7.4867e-04, -6.6487e-03,
          1.7784e-04,  4.7676e-04, -1.0279e-01,  3.6755e-04,  5.8091e-07,
         -2.0457e-04,  2.7592e-42, -1.4511e-19,  4.0060e-32,  1.3854e-11,
          3.2765e-05,  2.8608e-05,  5.8226e-05, -9.3816e-05,  2.7137e-04,
         -1.6433e-04,  2.8930e-03,  1.4174e-03,  1.7705e-03,  3.3122e-03,
         -1.3083e-04, -2.8199e-02, -5.3051e-05]], device='cuda:0')), ('conv1.aggr.t', tensor([1.], device='cuda:0')), ('bn1.weight', tensor([0.6912, 0.6561, 0.6786, 0.7691, 0.6628, 0.7225, 0.8158, 0.6677],
       device='cuda:0')), ('bn1.bias', tensor([ 0.0329, -0.0147,  0.0668, -0.0144,  0.0957,  0.0694,  0.0201,  0.1413],
       device='cuda:0')), ('bn1.running_mean', tensor([ 129.9987,  321.3550, -669.7452,  449.4860, -999.7506,  -72.7456,
         737.8074, -783.8328], device='cuda:0')), ('bn1.running_var', tensor([1909881.2500, 4256449.5000, 2113156.5000, 5679571.0000, 2168443.0000,
        4442403.5000, 2722419.0000, 1532984.1250], device='cuda:0')), ('bn1.num_batches_tracked', tensor(47024, device='cuda:0')), ('conv2.bias', tensor([-7.6486e-07, -1.0612e-06, -2.5365e-06, -2.3002e-06, -2.4244e-06,
        -5.3862e-07, -2.8884e-06,  1.6018e-06, -7.1545e-07, -5.0785e-06,
         1.0499e-05, -1.9025e-06,  2.7015e-06,  2.2833e-06, -9.2847e-07,
         1.4906e-06], device='cuda:0')), ('conv2.lin.weight', tensor([[-0.2850,  0.1575, -0.0613,  0.2630,  0.1504,  0.2575, -0.1889, -0.0250],
        [ 0.0651,  0.0859, -0.0749, -0.0408, -0.0582, -0.0676,  0.1620, -0.0173],
        [-0.1496, -0.1592,  0.2403, -0.2722, -0.0298,  0.0534,  0.0249, -0.0078],
        [-0.2341, -0.0226,  0.1937,  0.2569, -0.1077, -0.0041,  0.3143,  0.0493],
        [-0.0794,  0.1865, -0.1362,  0.2565,  0.0761, -0.1039, -0.2627,  0.2667],
        [ 0.2584, -0.1599, -0.1028, -0.1893,  0.0273,  0.0615,  0.2339, -0.0257],
        [-0.2134,  0.0714, -0.3017, -0.2736, -0.0118, -0.1144, -0.0593, -0.1969],
        [-0.1497, -0.1934,  0.1266, -0.0671,  0.0207, -0.0666, -0.2415,  0.0920],
        [ 0.1392, -0.1252,  0.0483, -0.1984,  0.1408,  0.1811,  0.1674,  0.0063],
        [-0.1342,  0.1451, -0.2172, -0.1653,  0.1263, -0.2672,  0.0716,  0.1172],
        [-0.0424,  0.0191,  0.2177,  0.0038, -0.2012,  0.1389,  0.1612,  0.1045],
        [ 0.0987,  0.0263,  0.1358,  0.0758, -0.1914,  0.3034, -0.0470, -0.0955],
        [ 0.1179, -0.1543,  0.1821,  0.2355,  0.1790, -0.0621,  0.2075, -0.2022],
        [ 0.0303,  0.0718,  0.1154,  0.1883,  0.2243,  0.2565,  0.1717,  0.0910],
        [-0.0589, -0.1818, -0.1043, -0.2857,  0.0996, -0.2030,  0.0131,  0.0905],
        [-0.1044,  0.2301,  0.3912,  0.0643,  0.1236, -0.0506,  0.2594, -0.0687]],
       device='cuda:0')), ('conv2.aggr.t', tensor([1.], device='cuda:0')), ('bn2.weight', tensor([0.6042, 0.4726, 0.5445, 0.6390, 0.6004, 0.5462, 0.6639, 0.6209, 0.6538,
        0.6211, 0.6525, 0.7015, 0.7043, 0.6755, 0.6836, 0.6899],
       device='cuda:0')), ('bn2.bias', tensor([ 0.2689,  0.0688, -0.0145,  0.2732, -0.5338,  0.0973, -0.5761, -0.0494,
        -0.3534,  0.4331, -0.4725,  0.5394, -0.2683, -0.0214,  0.5186,  0.0888],
       device='cuda:0')), ('bn2.running_mean', tensor([ 0.0543,  0.0066, -0.0463,  0.1283,  0.0475,  0.0369, -0.2812, -0.0930,
         0.1092, -0.0625,  0.1060,  0.0474,  0.1266,  0.2945, -0.1182,  0.2094],
       device='cuda:0')), ('bn2.running_var', tensor([0.1130, 0.0312, 0.0730, 0.1466, 0.1107, 0.1082, 0.0877, 0.1122, 0.0673,
        0.0678, 0.0362, 0.0487, 0.1134, 0.0760, 0.0868, 0.1080],
       device='cuda:0')), ('bn2.num_batches_tracked', tensor(47024, device='cuda:0')), ('conv3.bias', tensor([ 3.9675e-06,  2.0631e-06, -2.8686e-06,  1.6870e-08, -1.6824e-06,
        -3.0048e-06, -4.4917e-07,  2.7181e-08, -1.7005e-06, -3.1646e-06,
         2.4367e-06,  2.1950e-06,  1.0722e-06,  1.2163e-06,  2.6693e-06,
        -1.1370e-06, -4.3455e-06, -1.5024e-08,  1.9257e-06,  1.4154e-06,
        -1.3260e-06, -2.0888e-06, -1.1657e-06,  1.3196e-06, -7.5054e-07,
        -1.9838e-06, -2.7889e-06, -2.8784e-06, -5.3661e-07, -2.2711e-07,
         2.4332e-06,  4.2502e-06], device='cuda:0')), ('conv3.lin.weight', tensor([[ 7.1289e-02, -1.6609e-01, -1.1647e-01,  9.0245e-03, -8.3677e-02,
          6.3489e-02, -2.1030e-02,  1.2265e-01,  6.7435e-02,  6.3999e-02,
          6.4187e-02, -2.8311e-02, -1.3822e-01,  1.3005e-01, -2.2186e-02,
          1.4824e-01],
        [-1.8618e-02,  1.1925e-02,  2.4147e-01, -1.8533e-01,  6.9847e-02,
          1.2525e-02,  1.6763e-01, -2.6423e-02, -7.1001e-02,  3.9360e-02,
         -1.0491e-01,  1.3654e-01,  1.9071e-01,  4.5974e-02, -1.2599e-01,
          1.6754e-01],
        [-2.5265e-02,  1.2530e-01,  6.6826e-02,  5.2962e-02, -2.0888e-03,
          1.1859e-01, -9.2136e-02,  1.2945e-01, -1.2915e-01,  8.2832e-02,
         -1.2947e-02,  1.0607e-01,  1.2017e-03, -6.7785e-03, -3.4678e-04,
          1.1530e-01],
        [ 8.7717e-02,  1.1976e-01,  1.2413e-01,  7.5122e-02, -9.9102e-02,
         -4.0447e-03, -1.0424e-01,  1.2592e-01, -1.4437e-01, -5.5757e-02,
          1.1665e-01, -9.4868e-02,  1.4673e-02,  1.0749e-02,  4.5980e-02,
         -1.1721e-01],
        [-1.8690e-02,  5.5817e-02, -8.7409e-02,  1.3292e-01,  1.6645e-01,
          3.5036e-02, -3.3689e-02, -1.7008e-01,  1.6787e-02, -1.5430e-01,
          2.0222e-01, -3.3312e-02, -1.4317e-01, -1.6255e-01,  1.3497e-01,
         -1.4297e-01],
        [ 8.6548e-02,  1.3308e-01,  5.1348e-02, -1.4061e-01,  1.2251e-01,
          7.8440e-02, -8.4102e-02,  4.9623e-02,  5.5779e-02, -1.5776e-01,
         -6.6018e-04, -9.2299e-02,  4.7930e-02,  1.3854e-01,  6.9843e-02,
          3.7004e-03],
        [-1.3096e-01, -9.9479e-02, -4.9486e-02, -7.6218e-02, -4.1572e-02,
         -6.1266e-02, -6.1562e-02, -1.5343e-01, -1.4977e-01,  2.0964e-02,
          1.0893e-01,  7.4269e-02,  1.0837e-01, -1.3467e-01,  2.6523e-02,
         -1.3557e-01],
        [ 2.0971e-03,  1.0619e-01,  4.4816e-02,  6.8170e-04,  2.5623e-01,
          7.7388e-02, -5.9140e-02, -3.1841e-02,  1.3780e-01,  6.1485e-02,
          2.1899e-02, -1.7502e-02, -3.9546e-02, -1.7804e-02, -1.8228e-01,
         -8.3130e-02],
        [-9.6512e-02,  3.4557e-02,  4.7645e-03, -8.5526e-02,  2.0015e-01,
         -3.8158e-02, -4.1272e-02,  7.8172e-02,  1.9989e-01, -5.6271e-02,
          1.3054e-01, -1.3920e-01, -2.9234e-02, -1.0963e-01, -1.6901e-01,
          1.2033e-01],
        [-1.3215e-01,  9.5373e-03, -9.7131e-02,  1.1741e-01, -1.2377e-01,
          7.0596e-02, -7.4109e-02,  1.2838e-01, -1.3280e-01,  1.8283e-02,
          1.5289e-03,  2.0508e-02, -6.5442e-02, -1.6279e-02,  1.2538e-01,
          6.2701e-02],
        [ 1.2004e-01,  7.7245e-02, -1.4719e-01,  1.9018e-02, -1.3016e-01,
         -7.4611e-02,  1.0498e-01,  7.9470e-02, -1.1653e-01,  5.9535e-02,
         -8.7333e-03,  5.9790e-02,  4.5312e-02,  1.2027e-01,  1.4415e-01,
          7.2298e-03],
        [-1.4018e-01, -3.0786e-02, -1.1675e-01, -1.1563e-01,  1.2990e-01,
          1.7971e-01,  3.4226e-02,  1.7564e-01, -1.3180e-01, -9.3120e-02,
         -9.0200e-02,  3.3800e-02,  1.0625e-01,  1.0360e-01,  6.6475e-02,
          8.9896e-02],
        [-4.4843e-02,  6.6369e-02,  1.4198e-01, -1.0945e-01,  2.7982e-02,
         -1.3645e-01,  2.7180e-02, -1.2232e-01,  1.4362e-01,  3.6336e-02,
         -2.0668e-01, -7.1279e-02,  9.5126e-02,  1.1068e-01, -1.4238e-01,
          5.5045e-02],
        [ 5.7460e-02, -1.4210e-01, -1.0943e-01, -1.5854e-01,  2.9992e-02,
          9.1447e-02, -1.5248e-03, -1.8463e-03,  1.4804e-02, -2.8402e-02,
          2.0811e-02, -7.7782e-02,  1.4414e-01,  1.5154e-01,  1.1752e-01,
          7.2911e-02],
        [-5.1886e-02,  8.1118e-02,  2.2113e-02,  7.8351e-02, -1.7412e-01,
          9.3451e-02, -9.7845e-02, -1.4391e-02, -1.2749e-01,  3.0484e-02,
         -1.2384e-01,  8.9255e-02, -9.4659e-02, -3.3994e-02,  4.5173e-02,
          8.1276e-02],
        [ 6.8110e-02,  4.5150e-02,  2.0069e-01, -2.2583e-01, -8.6832e-02,
         -4.5782e-02,  5.9817e-02,  6.3217e-02, -4.1060e-02, -9.3267e-02,
          3.1300e-02, -1.4442e-01,  1.4973e-01, -3.1572e-03, -1.3044e-01,
          5.0043e-02],
        [ 2.6144e-02,  6.5148e-02,  1.6021e-02,  1.1178e-01, -1.9509e-01,
         -5.7512e-02,  1.4933e-01,  8.6230e-02, -1.4115e-01, -7.1165e-02,
          3.4814e-02,  1.0104e-01,  1.6077e-02,  1.5182e-01,  1.1844e-01,
         -4.4106e-02],
        [-7.9341e-02, -1.4208e-01, -1.2008e-02, -8.8673e-02,  4.6508e-02,
          3.0663e-02,  1.1488e-01,  1.2911e-01,  4.9250e-02, -8.1846e-02,
          8.1004e-02, -1.2992e-02,  5.9304e-02, -6.1296e-02, -2.0753e-01,
          2.4556e-02],
        [-1.5862e-01, -3.8078e-02, -2.0024e-02, -1.0378e-01, -1.3134e-01,
         -8.1018e-02,  1.7765e-01, -7.6605e-02, -7.4213e-02, -1.0844e-01,
          1.1023e-01, -1.5320e-01,  1.2177e-01,  2.9708e-02, -8.6495e-02,
         -8.9854e-02],
        [-1.6570e-01,  3.0300e-02,  1.5833e-01,  7.3600e-02,  6.5848e-03,
         -1.8583e-01,  7.1821e-02,  2.0338e-02, -1.1830e-01, -1.2093e-01,
         -6.8368e-02, -1.4171e-01,  5.3885e-02,  1.3386e-01, -9.7047e-02,
         -1.0492e-01],
        [ 9.0134e-02,  2.0679e-02, -8.1388e-02,  2.1335e-01, -1.4756e-01,
         -8.7881e-06, -2.0899e-01,  1.0940e-01, -1.3939e-02,  2.5726e-01,
         -1.3026e-01,  2.3446e-01, -1.3729e-01,  9.0089e-02,  1.8559e-01,
         -1.0647e-01],
        [ 1.3695e-01,  8.2944e-02,  1.0751e-01,  6.9320e-03, -1.9366e-01,
          7.1673e-02, -3.3981e-01, -1.0596e-01, -1.8631e-01,  1.5414e-01,
         -2.6925e-01,  1.5120e-01, -1.5031e-01, -1.5582e-02,  1.7181e-01,
          8.4846e-02],
        [-6.6769e-02,  6.9637e-03, -7.2231e-02,  5.7304e-02,  2.5988e-02,
          6.6408e-02,  2.0242e-01,  1.3947e-01, -4.1123e-02, -1.2101e-01,
         -2.7679e-03,  1.2192e-01,  7.5321e-02,  1.7085e-01,  4.8869e-02,
         -7.7270e-02],
        [ 2.0283e-02,  6.0537e-02,  1.4747e-01, -7.3809e-02,  1.0108e-01,
         -7.3553e-02, -5.6915e-02, -9.9065e-02,  8.0994e-02, -4.9262e-02,
         -4.8458e-03,  4.5897e-02, -9.9674e-02,  1.6460e-01,  1.6915e-01,
         -3.3194e-02],
        [-1.1010e-01,  1.8384e-03,  9.6741e-02, -5.5448e-02,  1.2618e-01,
          7.2591e-02, -9.7633e-02,  7.1362e-02, -3.5088e-02,  5.1922e-02,
          2.9148e-02, -1.1701e-01, -8.7179e-03,  1.3141e-01, -1.2191e-02,
         -1.0645e-01],
        [ 1.2801e-01, -1.2065e-01,  6.4006e-03,  8.7934e-02,  9.7809e-02,
          1.3814e-01,  1.9360e-01,  2.6791e-02,  2.4784e-01,  7.8907e-02,
         -8.8447e-03,  3.1921e-02,  1.3293e-01, -6.9906e-02, -1.4741e-02,
          5.7963e-02],
        [ 1.2255e-01, -3.7488e-03,  3.3971e-02,  8.9799e-02, -1.2086e-01,
          9.7142e-03, -1.2260e-01,  2.1820e-06,  8.5452e-04,  5.5571e-02,
         -9.4535e-02, -1.0831e-01,  1.0973e-01, -4.1414e-02, -4.7276e-02,
         -6.2616e-02],
        [-5.0426e-02,  2.7946e-02, -8.1440e-02,  9.1989e-02,  1.1327e-01,
         -9.5113e-02,  3.0011e-01,  1.4354e-02,  1.7798e-01, -1.5447e-01,
          9.2720e-02, -1.3598e-01,  1.1633e-01, -3.1622e-02, -1.8002e-01,
         -9.0840e-02],
        [-8.5073e-02, -5.3131e-02, -9.4300e-02, -5.2095e-02,  1.9184e-01,
         -9.3577e-02,  2.5340e-01,  1.7289e-03,  2.2992e-01, -1.4198e-01,
          2.3888e-01, -2.2129e-01,  3.1472e-02,  8.1548e-02, -1.0247e-01,
         -1.0066e-01],
        [-7.0156e-02,  1.3067e-01,  1.2632e-01, -1.1583e-01,  2.0570e-01,
          1.4706e-01,  1.9038e-01,  4.7542e-02, -1.7700e-01, -1.3957e-01,
          2.7047e-01, -2.1825e-01,  8.3185e-02,  1.4974e-01,  1.0173e-02,
         -1.0664e-01],
        [ 1.3361e-01,  6.2327e-03,  6.7447e-02,  7.2723e-02, -1.1021e-01,
          8.7995e-03, -5.6841e-02, -1.2322e-01, -4.5850e-02,  1.5078e-01,
         -1.2887e-01,  2.2254e-01,  6.6094e-02,  3.4787e-02,  2.8219e-01,
         -7.3850e-02],
        [ 5.3932e-02, -1.4780e-02, -6.9388e-02, -1.2508e-01, -2.3958e-01,
          1.1182e-02,  6.8631e-02, -8.7034e-02, -1.4511e-01,  1.8621e-02,
         -9.8197e-02, -7.9629e-02,  1.0288e-02,  2.0974e-04, -6.5191e-02,
         -7.2093e-04]], device='cuda:0')), ('bn3.weight', tensor([1., 1., 1., 1., 1., 1., 1., 1., 1., 1., 1., 1., 1., 1., 1., 1., 1., 1.,
        1., 1., 1., 1., 1., 1., 1., 1., 1., 1., 1., 1., 1., 1.],
       device='cuda:0')), ('bn3.bias', tensor([0., 0., 0., 0., 0., 0., 0., 0., 0., 0., 0., 0., 0., 0., 0., 0., 0., 0., 0., 0., 0., 0., 0., 0.,
        0., 0., 0., 0., 0., 0., 0., 0.], device='cuda:0')), ('bn3.running_mean', tensor([0., 0., 0., 0., 0., 0., 0., 0., 0., 0., 0., 0., 0., 0., 0., 0., 0., 0., 0., 0., 0., 0., 0., 0.,
        0., 0., 0., 0., 0., 0., 0., 0.], device='cuda:0')), ('bn3.running_var', tensor([1., 1., 1., 1., 1., 1., 1., 1., 1., 1., 1., 1., 1., 1., 1., 1., 1., 1.,
        1., 1., 1., 1., 1., 1., 1., 1., 1., 1., 1., 1., 1., 1.],
       device='cuda:0')), ('bn3.num_batches_tracked', tensor(0, device='cuda:0'))])