OrderedDict([('conv1.bias', tensor([-1.9354e-07,  3.7752e-07, -6.5646e-06,  7.3689e-08,  3.9058e-08,
        -9.6663e-09, -5.8945e-08, -7.6985e-09], device='cuda:0')), ('conv1.lin.weight', tensor([[-1.1501e-04,  8.4874e-05,  1.7896e-05, -3.4949e-05, -8.8315e-06,
          2.5973e-04, -2.4880e-11,  3.7765e-42,  5.5710e-07,  1.6342e-13,
         -1.5241e-04,  1.6709e-03, -5.0412e-04, -2.7504e-04,  1.1325e-04,
          1.2092e-01,  3.7189e-04,  9.8073e-04,  1.7372e-03,  1.0865e-03,
         -2.9082e-03, -3.8268e-03,  1.3710e-03,  1.6009e-04,  1.3809e-04,
          1.2740e-04,  1.2929e-04, -1.0996e-04,  6.0185e-05,  2.6602e-04,
          2.4428e-04, -1.8660e-04, -5.8148e-04, -3.3230e-04, -2.1845e-04,
          3.3440e-05, -2.3612e-42,  3.3118e-04, -1.5999e-01, -1.7947e-01,
         -1.1188e-04, -3.6366e-04, -6.0475e-04, -2.5588e-02,  4.0670e-02,
          5.1610e-04,  2.4935e-05, -3.5764e-02,  1.1453e-04,  3.2603e-04,
          2.1163e-04, -1.9766e-14,  6.9690e-19,  2.2354e-17, -1.6693e-12,
          3.9334e-04, -4.2727e-05, -1.5041e-04,  3.6861e-05, -1.2154e-05,
          2.7261e-05,  3.7198e-03,  4.5860e-03,  4.5561e-03,  2.5188e-03,
         -3.2453e-02, -9.6046e-02, -1.0986e-04],
        [ 8.3665e-05, -1.5144e-04,  8.3473e-05,  4.7946e-05, -2.8290e-05,
         -1.1989e-03, -1.0353e-13, -8.8012e-15,  1.6299e-10,  7.4927e-42,
         -1.2988e-04, -2.3787e-03, -6.3330e-03,  1.8676e-03, -3.0004e-03,
         -1.3461e-01,  5.7622e-03, -9.8035e-03, -9.5256e-03, -9.4571e-03,
          1.1183e-02,  8.9124e-03, -1.1164e-02, -4.2590e-04, -4.0341e-03,
         -1.6617e-04, -2.5635e-04,  1.1364e-03,  1.6938e-04, -7.6403e-06,
          1.6846e-04, -2.6689e-02,  8.6934e-04,  1.6411e-03,  1.5220e-04,
          1.1408e-04,  5.0700e-06,  1.0774e-04,  4.5769e-02, -1.0515e-01,
          3.5453e-03,  5.8593e-03,  6.6194e-03, -9.5098e-02, -1.5247e-01,
         -3.4210e-04,  2.6353e-03,  3.7875e-02,  1.4005e-03, -7.7433e-04,
         -7.0229e-04, -5.0587e-42,  1.0954e-41, -7.3148e-43, -1.4100e-10,
         -8.5713e-04, -6.0789e-04,  2.0583e-04, -7.0003e-04, -2.4103e-04,
          6.8916e-05, -2.9843e-02, -1.1309e-02, -1.5775e-02, -1.1764e-02,
         -2.6474e-02, -2.5617e-02, -1.9805e-04],
        [ 4.7729e-04, -4.5957e-04,  4.7710e-05,  2.9460e-04,  5.6953e-05,
         -2.9296e-03, -1.0962e-05,  5.1261e-27,  1.3499e-15, -1.7066e-08,
         -6.8456e-04, -8.4095e-03, -1.1802e-02,  4.8135e-03, -6.3975e-03,
         -6.9389e-02,  1.1644e-02, -2.4073e-02, -2.3495e-02, -2.2949e-02,
          2.1328e-02,  2.1998e-02, -2.3680e-02, -1.0845e-03, -9.1202e-03,
         -5.1484e-04, -5.9534e-04, -1.7158e-03,  1.2858e-04,  4.8296e-04,
          1.1808e-03, -6.0453e-02,  1.6340e-03,  4.4224e-03, -2.6881e-04,
         -7.8869e-05,  9.0218e-18,  1.4569e-03, -4.5815e-02,  1.0700e-02,
          6.6128e-03,  1.2578e-02,  1.5049e-02, -1.7782e-01, -7.1222e-02,
          3.0504e-04,  5.5197e-03, -8.2542e-02,  2.5111e-03, -2.1596e-03,
         -2.1210e-03, -3.2355e-07, -2.5700e-42,  5.7776e-42, -1.6954e-10,
         -1.7977e-03, -1.2304e-03,  8.1065e-04, -4.8300e-04, -6.1142e-04,
          3.4530e-04, -7.3474e-02, -2.5567e-02, -2.8010e-02, -1.6309e-02,
          2.3524e-02, -8.7323e-03, -5.8726e-04],
        [ 8.5537e-05,  3.3786e-05,  1.0223e-04,  2.6865e-06,  3.0566e-05,
          5.6174e-05,  4.0750e-42, -1.0341e-39,  2.5310e-23, -2.0532e-09,
         -1.9421e-04,  7.1759e-04, -8.9881e-03,  3.7347e-04, -3.2122e-04,
          8.7333e-02,  1.9776e-03, -2.6729e-03, -2.0698e-04, -7.0060e-04,
          8.8719e-04, -6.0046e-05, -6.8786e-04, -1.2670e-04, -6.0606e-04,
         -1.6452e-04,  3.9883e-06,  1.5653e-04, -4.7919e-05, -7.0125e-05,
          1.1363e-03, -5.0526e-03, -2.1680e-04,  1.2304e-04, -1.8724e-04,
          6.3934e-05,  5.1422e-17,  4.2028e-04,  1.8218e-03, -1.6985e-01,
          6.0837e-04,  8.7200e-04,  8.8956e-04, -7.7094e-02,  1.1818e-01,
         -2.2021e-04,  3.5361e-03, -1.7518e-01,  5.9719e-04, -2.6712e-04,
         -1.1412e-04, -2.5580e-08,  8.7920e-16, -9.2243e-18, -7.3189e-14,
         -9.7230e-05,  8.5533e-05, -7.3700e-05,  1.9376e-04, -1.0391e-04,
         -1.8567e-04, -5.1939e-03, -3.4107e-03,  3.9652e-04,  2.8542e-03,
          4.3226e-02, -6.4402e-02, -3.7959e-05],
        [ 9.3998e-04, -1.0433e-03, -4.7853e-05,  2.7921e-05, -4.7015e-05,
         -4.7924e-03, -4.7266e-42,  3.8334e-11, -2.0333e-42,  5.3173e-08,
         -9.7987e-04, -4.5215e-03, -3.6154e-02,  7.5618e-03, -9.0861e-03,
         -3.8470e-02,  1.7621e-02, -3.2055e-02, -3.4496e-02, -3.1722e-02,
          3.1380e-02,  3.4077e-02, -3.5829e-02, -1.5268e-03, -1.2942e-02,
         -1.0049e-03, -4.0640e-04,  6.9256e-05,  4.9317e-04, -1.2213e-03,
          1.9859e-03, -8.3177e-02,  1.6316e-03,  4.4933e-03,  2.0790e-04,
         -8.8896e-04, -2.9740e-07,  2.1029e-04, -3.0590e-02,  2.9505e-03,
          1.0327e-02,  1.4895e-02,  1.9055e-02, -1.2894e-01, -1.0887e-01,
          3.9466e-04,  9.1534e-03, -4.3059e-02,  6.1357e-03, -2.4661e-03,
         -2.5274e-03, -8.9885e-10,  1.3894e-13, -1.7609e-23,  1.0689e-13,
         -3.7005e-03, -1.6904e-03,  8.6741e-04, -9.3891e-04, -1.3239e-03,
          2.0868e-04, -9.4229e-02, -3.5695e-02, -3.0743e-02, -2.4522e-02,
         -8.8242e-02, -6.8017e-03, -7.1248e-04],
        [ 3.2186e-04, -1.6663e-04, -1.3262e-04, -4.9787e-05,  1.5221e-05,
         -5.1777e-04,  5.6823e-42,  6.5955e-13, -3.5173e-42, -5.1687e-09,
         -1.1094e-04, -2.2484e-03,  4.5172e-02,  1.3814e-03, -1.3002e-03,
         -7.7486e-02,  3.1375e-03, -3.7862e-03, -5.0262e-03, -3.5828e-03,
          4.8405e-03,  4.9865e-03, -3.2415e-03, -2.1348e-04, -1.1401e-03,
         -1.8119e-04, -8.2583e-05, -2.5162e-04,  2.9440e-05, -1.6909e-04,
          8.3320e-05, -6.7950e-03,  8.0850e-04, -1.0353e-04, -5.3531e-05,
         -2.2219e-04, -4.9480e-42,  3.0494e-04,  1.0398e-01,  9.5610e-02,
          1.4013e-03,  8.1535e-04,  2.0374e-03, -1.3941e-01, -1.2332e-01,
         -1.7712e-04,  2.7212e-03, -2.3434e-02, -3.4015e-04, -1.5988e-04,
         -4.8790e-05,  2.9296e-10,  2.5737e-26,  7.0583e-42,  2.3340e-08,
         -2.6027e-04, -2.8559e-04,  2.0114e-04, -3.5618e-04, -9.3538e-05,
          8.0019e-05, -8.4521e-03,  1.6680e-02, -6.8364e-03, -2.6298e-02,
         -5.3226e-02,  8.0864e-03, -9.5188e-05],
        [-7.5248e-04,  7.8805e-04,  2.7409e-05, -5.1778e-05,  6.8280e-05,
          2.5554e-03,  1.2177e-41,  4.4980e-09,  3.9187e-08,  1.5965e-15,
          3.0749e-04,  6.8815e-03,  9.7628e-02, -4.5826e-03,  4.9302e-03,
          1.4350e-02, -1.0121e-02,  2.1897e-02,  1.9629e-02,  2.1842e-02,
         -1.3320e-02, -1.7791e-02,  2.1900e-02,  1.7141e-03,  9.0060e-03,
         -4.8980e-05,  5.7870e-04,  3.2536e-04,  9.2615e-06,  2.6231e-04,
         -5.4370e-04,  5.4679e-02, -3.4022e-04, -4.2939e-03,  7.8863e-04,
          4.6030e-04,  1.7896e-23, -1.3517e-03,  3.2686e-05, -8.9679e-03,
         -5.6986e-03, -1.1032e-02, -1.2195e-02,  1.8048e-01,  7.1930e-02,
         -7.4253e-04,  5.0574e-03,  2.8531e-02, -3.6855e-03,  1.5281e-03,
          1.7156e-03, -4.5262e-43, -1.7426e-10, -4.5338e-16,  1.0454e-42,
          2.6009e-03,  1.2218e-03, -5.2819e-04,  3.6756e-04,  3.0697e-04,
         -3.1351e-04,  6.2575e-02,  2.5065e-02,  5.0561e-02,  1.2734e-02,
          2.5426e-02,  5.9016e-03,  8.0456e-04],
        [ 2.2832e-04, -2.1057e-04,  2.5107e-05,  1.0791e-04,  3.8140e-05,
         -4.4899e-04,  5.2423e-42,  5.3648e-14,  1.0440e-42, -5.7159e-42,
         -7.0353e-04,  9.6453e-04,  7.4622e-03, -2.8481e-05, -1.3355e-03,
         -1.5313e-01,  4.6754e-03, -3.2720e-03, -6.5412e-03, -3.6196e-03,
          3.8579e-03,  5.7251e-03, -1.7474e-03, -2.1373e-04, -3.9135e-04,
         -1.1759e-04,  1.0775e-04,  1.4545e-03,  1.2300e-04,  5.6236e-04,
          5.8468e-04, -1.2777e-02,  2.3729e-04,  3.4119e-04,  4.9314e-04,
         -9.9156e-05, -6.7809e-42,  3.9227e-04, -7.6879e-02, -8.2904e-02,
          2.0951e-03,  3.0704e-03,  7.1671e-04,  1.9323e-01, -1.0323e-01,
          3.0818e-04, -1.7334e-03,  2.4176e-02,  2.4911e-03, -4.6386e-04,
         -1.4977e-04, -1.7931e-16, -3.9494e-08,  7.4338e-07, -4.7945e-07,
         -4.4919e-04,  8.0101e-05, -1.8351e-04, -2.7729e-05,  2.0791e-04,
          5.3450e-05, -1.9810e-02, -3.8908e-03, -8.1440e-03, -3.6495e-03,
          2.7652e-02, -2.1149e-02, -3.4192e-04]], device='cuda:0')), ('conv1.aggr.t', tensor([1.], device='cuda:0')), ('bn1.weight', tensor([0.6988, 0.7193, 0.6453, 0.7821, 0.6602, 0.7337, 0.9170, 0.7340],
       device='cuda:0')), ('bn1.bias', tensor([ 0.2647,  0.1676,  0.0964,  0.1950,  0.0864, -0.0652,  0.1076,  0.0382],
       device='cuda:0')), ('bn1.running_mean', tensor([-1070.4976,  -560.6068,  -456.4511,  -785.2065,  -358.4709,    97.6939,
          215.3835,  -632.9169], device='cuda:0')), ('bn1.running_var', tensor([5665680.5000, 1260131.8750,  452597.8125, 3223377.7500,  175764.8125,
         806539.7500,   81577.4219, 1287287.6250], device='cuda:0')), ('bn1.num_batches_tracked', tensor(47024, device='cuda:0')), ('conv2.bias', tensor([-7.6962e-06,  5.8813e-07, -5.1674e-06,  5.4840e-06, -2.1867e-06,
         8.4189e-07, -5.1060e-06,  1.6051e-06, -1.1203e-06,  3.9401e-09,
        -5.0396e-06, -1.7627e-07,  6.9405e-06,  2.1630e-06,  3.7781e-06,
         5.5094e-06], device='cuda:0')), ('conv2.lin.weight', tensor([[ 0.1368,  0.0183,  0.1231,  0.0025, -0.0606, -0.1004, -0.2404, -0.2989],
        [ 0.0879, -0.0262, -0.3023, -0.2050, -0.0856,  0.2563,  0.1427,  0.2954],
        [-0.3298, -0.1474, -0.3770,  0.0789, -0.2142,  0.1809, -0.0799, -0.1843],
        [ 0.0178,  0.2586, -0.0849,  0.2036, -0.0891,  0.3184,  0.3609,  0.2624],
        [-0.1208, -0.0732, -0.2522,  0.0591,  0.3196, -0.0444,  0.0248,  0.1058],
        [ 0.0830,  0.0152,  0.2012,  0.1344,  0.1247, -0.3885, -0.0432,  0.0401],
        [-0.1715, -0.2447, -0.1009,  0.0763, -0.0451,  0.1670, -0.1338, -0.1160],
        [ 0.3560,  0.2079, -0.1575,  0.1684, -0.1762, -0.2865, -0.0718,  0.0865],
        [ 0.0610,  0.2241, -0.2144,  0.0355, -0.2321,  0.2078,  0.2131, -0.2850],
        [ 0.3219,  0.0779, -0.0148,  0.2956, -0.0958,  0.1987,  0.2156, -0.0599],
        [-0.3732, -0.1375,  0.0224,  0.2252,  0.2059,  0.0794, -0.2822,  0.1043],
        [ 0.0526, -0.0203,  0.1959,  0.1975, -0.0181, -0.1941, -0.3476, -0.0972],
        [ 0.1964,  0.1453,  0.0620, -0.1551, -0.1756, -0.0284,  0.3557,  0.2627],
        [ 0.0989,  0.0826,  0.1204,  0.3884, -0.2679, -0.2211,  0.1576,  0.2773],
        [ 0.2227,  0.1533,  0.1477,  0.0038,  0.2127, -0.2302, -0.3047, -0.0498],
        [-0.0532,  0.2913, -0.1294, -0.1853, -0.2705,  0.3272,  0.1573,  0.1685]],
       device='cuda:0')), ('conv2.aggr.t', tensor([1.], device='cuda:0')), ('bn2.weight', tensor([0.6768, 0.7802, 0.7409, 0.6984, 0.5660, 0.6682, 0.6745, 0.6603, 0.6701,
        0.6848, 0.6532, 0.6766, 0.8171, 0.7171, 0.6793, 0.6690],
       device='cuda:0')), ('bn2.bias', tensor([ 0.1520,  0.2584,  0.2335,  0.5132, -0.1783,  0.1851, -0.3517, -0.2113,
        -0.3551, -0.1330, -0.5153, -0.3248, -0.7954,  0.1985,  0.0287, -0.1920],
       device='cuda:0')), ('bn2.running_mean', tensor([-0.1099,  0.0193, -0.3720,  0.3980, -0.0031,  0.1057, -0.2191,  0.1323,
         0.0334,  0.3488, -0.1121, -0.0525,  0.2393,  0.2726,  0.0777,  0.0613],
       device='cuda:0')), ('bn2.running_var', tensor([0.0690, 0.0841, 0.1028, 0.1791, 0.0242, 0.1010, 0.0521, 0.1127, 0.1104,
        0.1026, 0.1263, 0.1502, 0.1417, 0.1199, 0.1610, 0.1264],
       device='cuda:0')), ('bn2.num_batches_tracked', tensor(47024, device='cuda:0')), ('conv3.bias', tensor([-3.2356e-06,  2.3841e-06, -1.2774e-06,  2.8711e-07, -1.7943e-06,
         9.7919e-07, -2.4376e-07, -7.2848e-08, -1.4510e-06,  4.9854e-06,
        -2.4654e-07, -5.9606e-08,  5.2791e-06, -2.2789e-06, -1.1292e-06,
         1.9137e-06,  3.9574e-06, -2.7010e-06, -3.5570e-06, -8.9170e-07,
        -2.8994e-07,  4.0704e-07,  2.4316e-06, -1.5136e-06, -1.4401e-06,
        -3.8190e-06,  1.2378e-06, -1.2042e-06,  1.3450e-06,  3.5548e-06,
         3.0907e-06,  6.7640e-07], device='cuda:0')), ('conv3.lin.weight', tensor([[-0.0148,  0.0735,  0.0692,  0.1163, -0.0099,  0.2278, -0.0706, -0.0893,
          0.0719, -0.1027, -0.0209,  0.0329, -0.1693,  0.0618,  0.0135,  0.2168],
        [ 0.0051,  0.1210,  0.0507, -0.0394, -0.0135, -0.1696, -0.1957,  0.0239,
          0.0339, -0.0063,  0.0927,  0.0866,  0.0242,  0.1795,  0.0515, -0.0730],
        [-0.0512, -0.0187, -0.0595, -0.1216,  0.1302, -0.0602, -0.0922,  0.1520,
         -0.0742,  0.1750, -0.0852, -0.0768, -0.2241, -0.1119, -0.2158, -0.0826],
        [ 0.1798,  0.1486,  0.0368,  0.2099, -0.0626, -0.1003, -0.1934, -0.1365,
         -0.1084, -0.1022, -0.0385, -0.1130, -0.1561,  0.0193,  0.0347, -0.1463],
        [ 0.1242,  0.0964,  0.0560, -0.0895, -0.0623,  0.1502,  0.0110,  0.0324,
         -0.1255,  0.0679,  0.1182,  0.1285,  0.1775, -0.0072, -0.1514,  0.0266],
        [-0.0211,  0.1696, -0.0075, -0.0164, -0.0968, -0.0951, -0.0283, -0.0854,
         -0.1490,  0.0359, -0.1441,  0.1599, -0.2784,  0.2140, -0.1278, -0.0299],
        [ 0.1226,  0.0765,  0.1696,  0.1347, -0.0321,  0.2110, -0.1464, -0.0286,
         -0.1270, -0.0167, -0.2644, -0.1696, -0.2103, -0.0540,  0.0116, -0.0111],
        [ 0.0542,  0.1440,  0.1823, -0.1807, -0.0553,  0.0739, -0.0818,  0.0160,
          0.0747,  0.0421,  0.0370, -0.0365, -0.0802,  0.0864,  0.0810,  0.0730],
        [-0.0613, -0.1268,  0.1894,  0.1481, -0.1880,  0.2074, -0.0986,  0.1705,
         -0.1528,  0.0491, -0.0619, -0.0977, -0.1979, -0.0885, -0.1347,  0.1229],
        [ 0.0471,  0.2166,  0.1184, -0.1271, -0.0137,  0.2381, -0.1692, -0.1437,
          0.1278, -0.1571, -0.0669, -0.0222, -0.1772,  0.1274,  0.0695,  0.0884],
        [-0.0303, -0.1233,  0.0724, -0.0481, -0.0246, -0.0164, -0.0764, -0.0843,
         -0.0014,  0.0159,  0.1557, -0.0799,  0.0006,  0.1045,  0.0201, -0.0507],
        [-0.0463,  0.1691,  0.0099,  0.0600,  0.0879,  0.0015, -0.0769,  0.0686,
         -0.0432,  0.0501,  0.1636,  0.2797,  0.1316, -0.1337, -0.0357,  0.0437],
        [ 0.0761,  0.1663,  0.1230, -0.1535,  0.0561,  0.1591,  0.0765, -0.1257,
         -0.0978,  0.0825,  0.0502,  0.1093,  0.1780,  0.0825, -0.1107, -0.0470],
        [-0.0973, -0.0850,  0.0348,  0.1537,  0.0029,  0.0734,  0.0041, -0.0979,
          0.0800, -0.1982, -0.0687,  0.1374,  0.1115, -0.0082, -0.0304, -0.0360],
        [ 0.1819,  0.0156, -0.1697,  0.2230, -0.0204, -0.0100,  0.1662,  0.0018,
         -0.1296, -0.1453, -0.1691, -0.0359, -0.0225, -0.1221, -0.0603, -0.0063],
        [ 0.1809, -0.0266,  0.0646,  0.0085,  0.1033, -0.1404, -0.1492, -0.1091,
          0.0233,  0.0195, -0.0862,  0.0416, -0.2363,  0.1802, -0.1813, -0.0244],
        [ 0.1375,  0.1611,  0.0963,  0.1664,  0.1516,  0.0666, -0.1266, -0.1604,
          0.1762, -0.1582,  0.1214,  0.1053, -0.0296,  0.1359,  0.1521, -0.0109],
        [ 0.1925, -0.0587, -0.0253, -0.0737,  0.2502, -0.1060,  0.2340,  0.0626,
          0.0631,  0.0263, -0.1175,  0.1947,  0.2621, -0.0056,  0.1513,  0.2659],
        [ 0.0392,  0.0719,  0.1718, -0.1214, -0.0228,  0.0934, -0.0327,  0.0022,
         -0.0061,  0.0172,  0.0527, -0.0451,  0.1473,  0.0159, -0.1121, -0.0791],
        [-0.1368, -0.0116,  0.1042,  0.2222, -0.0711, -0.0867, -0.1214, -0.0067,
         -0.1501,  0.0330, -0.2484, -0.0426, -0.1963,  0.0263,  0.1531, -0.1270],
        [ 0.1570,  0.1871, -0.0610,  0.2124, -0.0916,  0.1000, -0.0531, -0.1300,
         -0.2222, -0.0513, -0.1239, -0.0453, -0.2046,  0.1051, -0.0666, -0.0626],
        [ 0.0128, -0.1233, -0.0919, -0.1965, -0.0287,  0.1114,  0.0366,  0.1478,
          0.1140, -0.0123,  0.1809, -0.0393,  0.2289, -0.1897, -0.1039,  0.1511],
        [ 0.0898,  0.1489, -0.1305, -0.0500, -0.1115, -0.1863,  0.1640, -0.0722,
         -0.0203, -0.0892,  0.0882,  0.0979,  0.1795,  0.1564,  0.0006, -0.0892],
        [ 0.1738,  0.1806,  0.1775,  0.1006, -0.0836,  0.1622, -0.1814, -0.0315,
         -0.1485, -0.0479, -0.1497, -0.1845, -0.2665,  0.0692, -0.1360, -0.1171],
        [-0.0625, -0.2041, -0.1117,  0.0467, -0.1564, -0.1141, -0.0383, -0.0097,
          0.1282, -0.1198,  0.0824, -0.0793, -0.1208,  0.1062, -0.0428,  0.0175],
        [ 0.1473,  0.0335,  0.0737,  0.1362,  0.0923,  0.0685, -0.0294, -0.0390,
         -0.0351, -0.0160, -0.2169, -0.1261, -0.1572, -0.0785,  0.0724, -0.1234],
        [ 0.1607, -0.1372,  0.1201, -0.0998,  0.0805, -0.0707, -0.2163, -0.1126,
          0.1273,  0.1173, -0.0230,  0.2601,  0.1902, -0.1452, -0.0817,  0.0591],
        [ 0.1505, -0.1838, -0.2041, -0.1520,  0.0851, -0.0687,  0.1419, -0.0441,
          0.1846,  0.0342,  0.0249, -0.1917,  0.0518,  0.0206, -0.1710, -0.0333],
        [ 0.0054, -0.1005, -0.1646,  0.0684,  0.0771, -0.0506, -0.0361, -0.1848,
          0.0402,  0.0609, -0.0346,  0.0052, -0.2007,  0.1475,  0.0262,  0.0710],
        [ 0.0333, -0.0093,  0.0975,  0.0125,  0.0141,  0.1366, -0.1018, -0.0090,
         -0.1026,  0.0674, -0.1364, -0.0790, -0.1102,  0.0187,  0.1690,  0.1400],
        [-0.0283,  0.0186, -0.0682, -0.0170,  0.0688, -0.0471,  0.1429,  0.0699,
         -0.0532,  0.2121, -0.1155,  0.0942, -0.0293, -0.0440,  0.0347,  0.0764],
        [-0.2068, -0.0368,  0.1614, -0.1767,  0.0561,  0.0009, -0.1650,  0.1557,
          0.0265,  0.0711,  0.2130,  0.0861,  0.0692, -0.0822,  0.0280,  0.0369]],
       device='cuda:0')), ('bn3.weight', tensor([1., 1., 1., 1., 1., 1., 1., 1., 1., 1., 1., 1., 1., 1., 1., 1., 1., 1.,
        1., 1., 1., 1., 1., 1., 1., 1., 1., 1., 1., 1., 1., 1.],
       device='cuda:0')), ('bn3.bias', tensor([0., 0., 0., 0., 0., 0., 0., 0., 0., 0., 0., 0., 0., 0., 0., 0., 0., 0., 0., 0., 0., 0., 0., 0.,
        0., 0., 0., 0., 0., 0., 0., 0.], device='cuda:0')), ('bn3.running_mean', tensor([0., 0., 0., 0., 0., 0., 0., 0., 0., 0., 0., 0., 0., 0., 0., 0., 0., 0., 0., 0., 0., 0., 0., 0.,
        0., 0., 0., 0., 0., 0., 0., 0.], device='cuda:0')), ('bn3.running_var', tensor([1., 1., 1., 1., 1., 1., 1., 1., 1., 1., 1., 1., 1., 1., 1., 1., 1., 1.,
        1., 1., 1., 1., 1., 1., 1., 1., 1., 1., 1., 1., 1., 1.],
       device='cuda:0')), ('bn3.num_batches_tracked', tensor(0, device='cuda:0'))])