OrderedDict([('conv1.bias', tensor([ 2.0736e-08, -1.0539e-08,  1.4529e-07,  3.5443e-08, -7.7589e-06,
         7.5918e-06, -1.7475e-08,  5.8575e-06], device='cuda:0')), ('conv1.lin.weight', tensor([[ 1.1005e-05, -1.8244e-04,  1.9891e-04, -1.1485e-04,  3.6730e-05,
          7.8209e-04,  2.6256e-07,  2.9239e-09, -2.8369e-26, -4.3017e-06,
         -3.3188e-05,  8.3832e-04,  7.3662e-03, -1.1058e-03,  1.1521e-03,
         -1.2966e-01,  7.3621e-04,  2.3179e-04,  3.1720e-03,  1.7755e-03,
         -2.1798e-03, -7.9397e-03,  3.0460e-03,  1.2216e-04, -5.5630e-04,
         -2.5622e-04,  4.2916e-05, -3.6776e-04,  1.3610e-04,  6.7079e-05,
          1.5762e-03, -2.5816e-03, -9.4934e-05, -2.9364e-04, -1.3871e-04,
          4.0531e-04,  1.0382e-13, -1.4338e-04, -6.5672e-02, -9.9119e-02,
         -1.1998e-03,  1.2544e-03, -1.0503e-03, -5.6083e-02, -4.8895e-02,
          7.3796e-05, -1.7351e-03,  4.0192e-02, -5.0929e-04, -2.5000e-04,
          2.8417e-04,  3.5733e-43, -3.4296e-11, -5.7976e-41,  6.8445e-15,
          3.6280e-04, -4.7523e-05, -1.1319e-04,  1.5238e-04, -2.3325e-05,
          1.3226e-04, -1.6159e-03,  1.2237e-03,  1.1504e-03, -1.3628e-03,
         -5.9421e-03, -7.2529e-02, -1.2814e-04],
        [ 2.0963e-05,  8.2440e-05, -1.1437e-05, -5.9286e-05, -5.9188e-06,
         -1.7425e-04, -3.5776e-06, -8.2641e-15, -7.9594e-43, -9.7867e-42,
          9.4335e-05, -5.5631e-05,  3.9275e-04, -4.6159e-04, -3.2144e-04,
         -2.4818e-02,  3.7951e-04, -4.1909e-04,  5.5511e-04, -1.1249e-04,
          1.0484e-03, -1.0405e-03,  6.8715e-05, -1.1363e-04,  3.7870e-04,
          1.3629e-04, -8.4435e-05, -2.2022e-04, -2.4378e-06, -1.6930e-04,
         -1.7685e-04,  3.1838e-04,  2.6029e-04,  4.0721e-04, -1.7872e-04,
         -9.8026e-05, -2.3804e-08, -2.1451e-04,  1.4224e-01,  1.8532e-01,
          1.2223e-04, -1.7630e-04,  2.5084e-04,  7.6947e-02,  8.2666e-02,
          2.5616e-04, -8.7581e-04,  5.8812e-02,  2.0599e-04, -2.8310e-04,
          1.1165e-04, -4.2137e-42, -3.6208e-15,  2.7493e-42, -4.4323e-42,
         -8.4156e-05, -1.4314e-04,  1.2024e-04, -1.1329e-04,  2.8781e-04,
          9.7462e-05, -7.2796e-04,  5.6808e-04, -1.0574e-04,  2.1795e-02,
         -2.3709e-03,  9.1540e-02,  1.0533e-04],
        [-1.1383e-04, -1.0049e-04,  7.9500e-05, -2.7725e-05, -4.0654e-06,
          6.9573e-04,  1.8852e-08, -5.2488e-26,  2.0640e-08,  1.1118e-21,
         -2.5296e-04,  2.4884e-03,  2.9178e-03, -1.5413e-03,  6.2844e-04,
         -1.2917e-01, -3.3914e-04,  2.0638e-03,  2.7987e-03,  2.1236e-03,
         -2.7040e-03, -1.9356e-03, -1.9940e-04,  1.4185e-04,  6.1871e-04,
         -2.5911e-04, -4.5325e-05,  5.1589e-05,  4.7481e-05,  3.2544e-04,
          3.9905e-04,  3.6492e-03, -1.6827e-04,  1.4769e-04, -2.3174e-04,
         -1.8253e-05,  2.7423e-42,  1.9951e-04, -1.4133e-01, -1.4703e-01,
         -4.1269e-04, -1.2848e-03, -2.8261e-04,  1.8889e-02,  6.0197e-03,
         -9.2482e-05, -2.2434e-03,  1.0757e-01, -3.9238e-05,  3.8660e-04,
          6.1783e-05, -6.6457e-07,  9.2916e-06, -3.6674e-17,  1.9156e-42,
          2.0233e-04,  4.7424e-04,  4.0643e-06,  1.1882e-04,  2.0454e-05,
          5.9630e-05,  6.3809e-03,  5.1306e-03,  4.2244e-03, -1.0076e-03,
         -1.5803e-02, -9.4694e-02,  8.7988e-06],
        [ 2.0185e-05,  1.7942e-04,  1.3248e-04,  2.7003e-04, -5.6960e-05,
          1.3086e-05,  2.1347e-14,  2.3297e-12,  2.6667e-42,  7.4507e-42,
          4.2370e-04,  9.7832e-03,  5.3232e-03,  2.8156e-03, -3.3962e-04,
         -6.6557e-02,  8.7973e-03, -9.2908e-03, -3.6848e-03, -5.7055e-03,
         -4.1795e-03,  8.5213e-04, -4.4427e-03, -5.0912e-04, -5.2012e-03,
          3.1417e-04, -3.3279e-04,  2.1377e-03,  8.5013e-06, -6.2961e-04,
          6.6862e-04, -3.0900e-02, -1.7137e-03,  5.8988e-04,  3.0424e-05,
         -2.6262e-04, -3.7555e-43,  1.2023e-03, -5.6389e-02, -2.7083e-02,
         -5.2459e-04,  2.8573e-03,  4.4564e-03,  3.9309e-02, -1.5353e-01,
          4.3262e-04, -3.4018e-04, -4.9832e-02,  3.1257e-03, -2.4071e-05,
          5.3736e-04,  1.7012e-06, -2.6204e-43, -2.0033e-09, -4.0772e-10,
          3.4629e-04,  7.5341e-04,  3.1790e-04, -2.1351e-05, -4.8637e-04,
          4.3104e-04, -3.6932e-02, -4.5942e-03, -8.0316e-03, -7.6341e-03,
          6.8313e-02, -2.3211e-02, -1.1267e-04],
        [ 1.9096e-05, -9.6952e-05, -4.7211e-05,  9.3831e-05, -7.4155e-05,
         -2.5790e-04,  7.8893e-43, -4.2880e-43, -9.3783e-09, -7.6735e-42,
         -1.8839e-04, -3.3770e-04, -4.9044e-04, -5.7852e-04,  2.8318e-04,
         -1.6322e-01,  1.6834e-03,  8.7997e-04, -1.4980e-04, -7.7087e-04,
         -1.5272e-03,  3.5464e-04, -2.7759e-04, -7.0996e-05, -2.3133e-04,
          2.4137e-04, -9.8593e-05,  9.5694e-04, -5.3826e-05,  4.4149e-05,
         -4.5541e-04, -5.9430e-03,  1.7217e-04,  6.1961e-04,  2.7151e-04,
          5.5228e-04, -1.8191e-19,  5.0525e-05, -5.7817e-03, -1.7821e-01,
         -4.8840e-04,  3.2226e-04, -1.0708e-03, -1.3198e-01, -5.3779e-02,
          1.8107e-04,  1.1027e-03,  1.0076e-01,  5.9521e-04, -1.1509e-04,
          2.5398e-04,  8.9039e-42,  5.5500e-41, -5.8112e-42,  4.1479e-09,
         -2.0280e-04, -2.3782e-04, -1.8266e-04,  2.2361e-05, -1.5348e-04,
         -1.3891e-04, -1.9214e-03, -2.0091e-03, -2.8547e-03, -1.0917e-04,
          2.8444e-03, -7.6734e-02,  1.3362e-04],
        [ 3.7486e-05, -3.6595e-05, -4.1610e-05,  7.6291e-05, -9.3025e-06,
          1.1984e-05, -3.2492e-13,  2.2715e-27,  1.0804e-42,  6.0500e-17,
         -6.5012e-05, -7.4483e-04,  1.7133e-04,  2.4816e-04, -3.4692e-04,
         -1.7758e-03,  3.1545e-04,  1.8646e-03, -1.1496e-04,  1.3240e-03,
         -4.9844e-04,  1.0439e-03,  1.2312e-03,  2.5389e-04, -3.3416e-04,
         -7.3605e-05,  5.3056e-05, -9.2446e-04, -1.2377e-04,  1.4208e-04,
          3.8346e-04,  3.3035e-03, -2.0796e-04, -1.4901e-04,  1.9990e-05,
         -1.9385e-04,  3.3585e-12, -2.4113e-05,  4.3330e-02,  9.0150e-02,
         -6.6110e-05, -8.1954e-04, -1.2990e-03,  6.1584e-02,  1.5589e-02,
          9.9252e-05,  1.8146e-03,  3.5137e-02, -6.8591e-04,  5.0357e-05,
          1.0741e-04,  1.3948e-11,  1.6816e-42, -6.2092e-42, -7.1737e-09,
          3.5567e-04, -1.9310e-04, -7.3447e-05,  6.6730e-05, -9.1830e-05,
         -1.2109e-04,  2.8774e-03,  4.9490e-04,  1.7481e-03,  2.8959e-03,
          6.3587e-03,  1.0273e-01, -1.8959e-04],
        [ 1.8387e-04,  1.5548e-05, -1.1610e-05,  4.4942e-05,  9.5905e-05,
          1.9058e-04,  2.4368e-07,  6.7585e-42,  3.7468e-20,  3.4510e-07,
         -2.0742e-04,  3.5042e-03,  2.8607e-04, -1.0298e-03,  1.9919e-03,
         -1.0557e-01,  6.5136e-04,  3.0217e-03,  5.4871e-03,  4.3636e-03,
         -5.5742e-03, -3.1023e-03,  6.5955e-03,  1.1820e-04,  1.7145e-03,
          1.2682e-05, -1.4234e-05,  2.0301e-04,  1.0322e-04,  9.7104e-05,
         -1.0435e-03,  1.0650e-02, -5.2610e-04, -5.8809e-04, -1.7202e-04,
         -5.2650e-04, -1.8166e-18,  3.1620e-04, -9.2253e-02, -1.3058e-01,
         -6.0863e-04,  3.5677e-05, -2.7809e-03,  1.1015e-01,  8.0115e-02,
         -3.5769e-04,  3.4363e-03,  8.3712e-02, -4.6042e-04, -6.6729e-05,
          4.4248e-05, -5.8777e-24, -5.2310e-07, -1.5695e-17,  2.5250e-07,
          7.5310e-04,  6.9042e-04, -2.1821e-04,  9.4749e-05,  2.6133e-05,
         -2.1195e-04,  1.1962e-02,  5.3059e-03,  5.6215e-03, -1.7848e-03,
         -3.3789e-02, -6.7088e-02,  1.2080e-04],
        [-1.0033e-05, -3.9162e-04,  1.3441e-06,  7.2213e-05, -4.0267e-05,
         -1.1374e-03, -1.9408e-42,  2.4691e-42, -1.4120e-20, -4.3649e-26,
          3.1571e-04,  2.7964e-04, -2.5808e-02,  3.8126e-03, -1.5509e-03,
         -6.3118e-02,  7.9983e-03, -1.0841e-02, -7.5871e-03, -7.7338e-03,
          6.8887e-03,  6.6412e-03, -7.1974e-03, -9.8182e-04, -3.3656e-03,
         -6.2467e-05, -8.9003e-04, -1.4125e-03, -5.1092e-05,  6.9806e-04,
          1.0104e-03, -2.7640e-02,  2.0337e-03,  3.2810e-03,  2.6982e-04,
         -2.7428e-04,  1.4071e-09,  1.2788e-03, -6.2422e-03, -6.0215e-02,
          1.0974e-03,  7.7010e-03,  1.0160e-02, -6.9617e-02, -1.1145e-01,
         -6.3158e-04, -3.4076e-05,  9.1827e-03,  2.8648e-03, -5.3464e-04,
         -9.7082e-04, -3.6630e-42,  4.0216e-25, -4.9298e-42, -5.6907e-42,
         -1.8454e-03, -3.9569e-04,  6.4441e-05, -3.9615e-04, -5.1765e-04,
          3.8369e-04, -3.8536e-02, -7.4706e-03, -1.5355e-02, -3.1254e-02,
         -1.0850e-01, -1.2304e-02, -4.2988e-04]], device='cuda:0')), ('conv1.aggr.t', tensor([1.], device='cuda:0')), ('bn1.weight', tensor([0.6459, 0.8751, 0.7188, 0.6645, 0.7134, 0.7131, 0.7225, 0.6524],
       device='cuda:0')), ('bn1.bias', tensor([ 0.0948,  0.0841,  0.0948,  0.0315,  0.1607, -0.0019,  0.0697,  0.0868],
       device='cuda:0')), ('bn1.running_mean', tensor([-1064.4720,  1305.6648, -1293.8613,  -555.3058, -1128.2218,  1066.8950,
         -912.3033,  -430.6120], device='cuda:0')), ('bn1.running_var', tensor([1990023.5000, 3035815.0000, 3421880.7500,  351979.5312, 2705412.7500,
        2918650.5000, 1854331.7500,  198687.0781], device='cuda:0')), ('bn1.num_batches_tracked', tensor(47024, device='cuda:0')), ('conv2.bias', tensor([-3.5423e-06, -3.5132e-07,  1.5763e-06, -1.5805e-06,  8.3917e-07,
        -1.2832e-06,  9.3643e-06, -6.9573e-07, -4.5120e-06,  2.4327e-07,
         4.7556e-06, -3.7527e-06, -2.5416e-06, -3.4209e-06, -5.0398e-07,
        -3.9697e-06], device='cuda:0')), ('conv2.lin.weight', tensor([[-0.0896, -0.0941,  0.0572,  0.1590,  0.1879,  0.3447,  0.1503,  0.0209],
        [ 0.1022,  0.2520,  0.0812,  0.0401,  0.0791,  0.0210, -0.0285, -0.3184],
        [ 0.1308,  0.2649,  0.0530, -0.1936,  0.0603, -0.1248, -0.2665, -0.1895],
        [ 0.2395,  0.1871,  0.2127, -0.1047, -0.1078,  0.1785,  0.1047,  0.2933],
        [-0.3228, -0.0109,  0.2054,  0.0997,  0.1426, -0.0773, -0.2688, -0.2000],
        [-0.0724, -0.2854,  0.3204, -0.0288,  0.3164,  0.1151, -0.1384, -0.0357],
        [ 0.1438, -0.2469,  0.0497, -0.1898,  0.2631,  0.0725, -0.3584, -0.1246],
        [ 0.1069, -0.3160,  0.2701, -0.1337, -0.0582,  0.2561, -0.2288,  0.0694],
        [-0.2169, -0.1195, -0.2720,  0.1838, -0.0837, -0.1850, -0.2924,  0.0405],
        [-0.0329,  0.2845,  0.1303,  0.0974, -0.1271,  0.0401, -0.0403,  0.2171],
        [ 0.2210,  0.1215, -0.2685,  0.2271,  0.1456,  0.1182, -0.1227, -0.2988],
        [ 0.1901, -0.1810,  0.0499,  0.1192,  0.0861, -0.2069,  0.2573,  0.1375],
        [-0.1228, -0.1877,  0.0031, -0.2812, -0.0141,  0.0787,  0.1656,  0.0638],
        [-0.0828, -0.0202, -0.1398, -0.0080, -0.0342,  0.2474, -0.2025, -0.0394],
        [-0.0326, -0.1097,  0.2786,  0.0762, -0.2146,  0.1273,  0.2811,  0.0451],
        [ 0.1210, -0.1761,  0.2399, -0.1134, -0.0927, -0.1416,  0.2837, -0.3030]],
       device='cuda:0')), ('conv2.aggr.t', tensor([1.], device='cuda:0')), ('bn2.weight', tensor([0.5700, 0.7114, 0.6481, 0.6511, 0.6645, 0.5994, 0.6446, 0.6473, 0.6989,
        0.5908, 0.7006, 0.6795, 0.6967, 0.5117, 0.7223, 0.6283],
       device='cuda:0')), ('bn2.bias', tensor([-0.0401, -0.5713,  0.3103,  0.3228,  0.2213,  0.1202,  0.1323, -0.3834,
         0.1269,  0.4241,  0.5633,  0.2168,  0.3037,  0.1722,  0.1701,  0.3233],
       device='cuda:0')), ('bn2.running_mean', tensor([ 0.2087,  0.0938, -0.0429,  0.3048, -0.1147,  0.0576, -0.1162, -0.0408,
        -0.3014,  0.1805,  0.0441,  0.1280, -0.0948, -0.0978,  0.1110, -0.0589],
       device='cuda:0')), ('bn2.running_var', tensor([0.0379, 0.0437, 0.0513, 0.0524, 0.0244, 0.0694, 0.0411, 0.0462, 0.0522,
        0.0463, 0.0450, 0.1301, 0.0206, 0.0495, 0.0325, 0.0661],
       device='cuda:0')), ('bn2.num_batches_tracked', tensor(47024, device='cuda:0')), ('conv3.bias', tensor([-2.1202e-06, -1.8630e-06,  3.1500e-06,  4.0132e-06, -2.6434e-06,
         2.0843e-06, -8.3399e-07,  7.2420e-07, -4.0532e-06,  2.1448e-07,
         3.9699e-07,  8.9470e-08, -4.2338e-06,  8.2047e-08, -4.3673e-07,
         2.4621e-06,  1.9707e-06, -2.3518e-06, -1.2025e-06, -1.0902e-06,
        -2.0526e-06,  1.7863e-07,  2.4440e-06, -3.9685e-07,  1.5212e-06,
        -1.4026e-06,  5.7325e-06,  1.9304e-06, -4.5928e-06,  1.5007e-06,
         2.7313e-06,  3.8674e-07], device='cuda:0')), ('conv3.lin.weight', tensor([[-0.0891, -0.1339, -0.0182,  0.1574,  0.1678,  0.0147,  0.0460, -0.0791,
         -0.1754, -0.0180,  0.1209, -0.1189,  0.1006, -0.1059,  0.1355, -0.0860],
        [ 0.0614,  0.0334, -0.0846, -0.0444,  0.0033,  0.0263, -0.0313,  0.0133,
          0.0145,  0.0025, -0.1242,  0.1041, -0.0062, -0.1419, -0.1258, -0.1690],
        [ 0.0283, -0.1653, -0.0704,  0.1440,  0.0687,  0.0866, -0.1053, -0.0109,
          0.1750,  0.0831,  0.0656, -0.0935, -0.0173,  0.0282,  0.0901,  0.0711],
        [-0.0523, -0.2838,  0.1215,  0.1399, -0.0074,  0.1673,  0.0379, -0.0535,
          0.1247,  0.1514,  0.1116, -0.0331, -0.0039, -0.0806,  0.0454, -0.1057],
        [-0.0018, -0.1140,  0.1792,  0.1485,  0.0971,  0.0342, -0.0080, -0.1520,
          0.1059,  0.1134,  0.1430,  0.1589,  0.0223,  0.1983,  0.1715,  0.1619],
        [ 0.0149, -0.1556,  0.1097, -0.0491,  0.0576, -0.0420,  0.1085, -0.1526,
         -0.1484,  0.1000,  0.1516,  0.1209,  0.2493, -0.0741,  0.0394, -0.0523],
        [-0.0468, -0.0197,  0.0681,  0.0525, -0.0881, -0.0124,  0.0538, -0.1468,
         -0.0172, -0.0368, -0.1691,  0.0261, -0.1482,  0.0029,  0.0949, -0.0889],
        [ 0.1223, -0.1543,  0.0598, -0.1580,  0.0992,  0.1378, -0.0260, -0.1949,
         -0.1274,  0.1354, -0.1160, -0.0489,  0.0039,  0.0354, -0.0009,  0.0789],
        [-0.1167,  0.1928, -0.0815, -0.1162, -0.0047, -0.0819, -0.1665,  0.0899,
         -0.1183, -0.1969, -0.1268,  0.0568, -0.0055, -0.0983,  0.0930, -0.2451],
        [-0.0537, -0.0707, -0.0429,  0.0601,  0.1629, -0.0136,  0.1490,  0.0741,
         -0.1239,  0.0069,  0.0239, -0.0328, -0.1631, -0.1068,  0.0046,  0.0157],
        [ 0.0968, -0.0738, -0.0173,  0.2094,  0.1416,  0.0123, -0.0793, -0.1028,
          0.0911, -0.0310, -0.1337, -0.1449,  0.0862, -0.1086, -0.1203, -0.0675],
        [-0.1003, -0.2358,  0.1648,  0.2369,  0.1150, -0.0504,  0.1247,  0.0317,
          0.0447,  0.0867,  0.1183, -0.0435, -0.0104, -0.0828,  0.0225,  0.1461],
        [-0.0780, -0.2012, -0.0999, -0.0080,  0.0947,  0.0899, -0.0584, -0.1105,
         -0.2577,  0.1499,  0.1099, -0.0094,  0.2286,  0.0791, -0.1048, -0.0149],
        [-0.0717,  0.0523, -0.0424,  0.0501, -0.1733, -0.0203,  0.1811, -0.0488,
          0.0083, -0.0107, -0.1124,  0.0866, -0.1254, -0.0537,  0.0155, -0.1361],
        [ 0.1833,  0.0583, -0.1771,  0.1379,  0.0766,  0.0331, -0.0019, -0.0198,
         -0.1022, -0.1364, -0.1320, -0.0444, -0.0888, -0.0357, -0.2146, -0.0263],
        [ 0.0035, -0.0048,  0.1262, -0.0740, -0.1183, -0.1493, -0.1537,  0.2209,
          0.0899, -0.2118, -0.0499, -0.0465, -0.0969, -0.0659,  0.1575, -0.0627],
        [-0.0862,  0.0072, -0.0183,  0.0429,  0.0035, -0.0575,  0.0826,  0.0655,
         -0.1472, -0.1251, -0.1686,  0.0144, -0.2029,  0.0567, -0.0064,  0.0749],
        [ 0.0705,  0.0586,  0.0126, -0.1693, -0.1203, -0.0650,  0.1089,  0.0833,
         -0.1963,  0.0765, -0.2052, -0.0522, -0.1279,  0.0180,  0.0375, -0.0474],
        [-0.1108, -0.0675,  0.1287,  0.0674,  0.0473,  0.0717, -0.1838,  0.1527,
          0.0144,  0.0526, -0.1023,  0.0009,  0.1367, -0.0925, -0.1217, -0.1168],
        [-0.0861, -0.1292,  0.0218,  0.1619, -0.0932, -0.0162,  0.1000, -0.1808,
          0.0358, -0.0420,  0.1528,  0.0148,  0.0966,  0.0521,  0.1838, -0.0022],
        [-0.1128,  0.0731, -0.0337,  0.1360,  0.2581, -0.1017,  0.0325, -0.0865,
          0.0031, -0.0193,  0.2463,  0.1378,  0.0988, -0.0477,  0.1422,  0.0753],
        [-0.0624,  0.0815, -0.0322,  0.0206,  0.0122,  0.0371, -0.0289, -0.1717,
         -0.0055,  0.0128,  0.1530,  0.1694, -0.0003,  0.0662,  0.0760,  0.0348],
        [-0.0026,  0.0257,  0.0127,  0.0596, -0.1653,  0.1178,  0.1503,  0.0290,
          0.0898,  0.0227, -0.0401, -0.1237, -0.1203,  0.0086, -0.1071, -0.0146],
        [-0.1248, -0.0612,  0.1574,  0.0050, -0.0413,  0.0857,  0.0008, -0.1554,
         -0.1021, -0.0292, -0.0190,  0.1411, -0.0527,  0.1953, -0.0451,  0.1318],
        [-0.1799,  0.0211,  0.0337, -0.0866, -0.1067,  0.0921, -0.1149,  0.0551,
         -0.1393,  0.0072, -0.1214, -0.1461,  0.0782,  0.0318, -0.1570,  0.0975],
        [ 0.0912,  0.1386, -0.2031, -0.0802, -0.1005,  0.1053, -0.0738, -0.0534,
         -0.0430, -0.1984, -0.0810, -0.0931, -0.0852, -0.1054, -0.1740, -0.1237],
        [-0.1284,  0.1527, -0.1312,  0.1221,  0.1391,  0.1014,  0.0408,  0.0291,
          0.0131, -0.1061, -0.1310, -0.0350, -0.1632,  0.0385,  0.1518, -0.1300],
        [-0.0226,  0.0775,  0.2132, -0.1173, -0.0899, -0.0598,  0.1064,  0.1412,
          0.0108, -0.0263,  0.0099,  0.0238,  0.0905,  0.0045,  0.0974,  0.0266],
        [-0.0891,  0.2000, -0.0692, -0.0939,  0.0626, -0.0445, -0.0427, -0.0316,
          0.0134, -0.0705, -0.2239, -0.0792,  0.0167, -0.0243,  0.1140, -0.1827],
        [-0.1160,  0.2002, -0.0597,  0.1502, -0.0839, -0.0217,  0.1402,  0.0233,
          0.0795,  0.0306, -0.0767, -0.0031, -0.0706,  0.1145,  0.1482, -0.0297],
        [ 0.0017,  0.1939, -0.0528, -0.0092, -0.0471,  0.0388,  0.0965, -0.0876,
         -0.0538, -0.1612, -0.1887, -0.1301, -0.0693, -0.1031, -0.0648, -0.1912],
        [-0.0491,  0.2494, -0.1305, -0.1679,  0.0121, -0.0980, -0.0899,  0.1859,
         -0.1243, -0.1839, -0.1394, -0.1242, -0.0185, -0.0776, -0.0270, -0.0766]],
       device='cuda:0')), ('bn3.weight', tensor([1., 1., 1., 1., 1., 1., 1., 1., 1., 1., 1., 1., 1., 1., 1., 1., 1., 1.,
        1., 1., 1., 1., 1., 1., 1., 1., 1., 1., 1., 1., 1., 1.],
       device='cuda:0')), ('bn3.bias', tensor([0., 0., 0., 0., 0., 0., 0., 0., 0., 0., 0., 0., 0., 0., 0., 0., 0., 0., 0., 0., 0., 0., 0., 0.,
        0., 0., 0., 0., 0., 0., 0., 0.], device='cuda:0')), ('bn3.running_mean', tensor([0., 0., 0., 0., 0., 0., 0., 0., 0., 0., 0., 0., 0., 0., 0., 0., 0., 0., 0., 0., 0., 0., 0., 0.,
        0., 0., 0., 0., 0., 0., 0., 0.], device='cuda:0')), ('bn3.running_var', tensor([1., 1., 1., 1., 1., 1., 1., 1., 1., 1., 1., 1., 1., 1., 1., 1., 1., 1.,
        1., 1., 1., 1., 1., 1., 1., 1., 1., 1., 1., 1., 1., 1.],
       device='cuda:0')), ('bn3.num_batches_tracked', tensor(0, device='cuda:0'))])