OrderedDict([('conv1.bias', tensor([-8.2028e-07,  3.0038e-07, -2.8219e-08,  3.8404e-07, -4.1646e-07,
         8.0181e-08,  1.7804e-08, -6.3318e-07], device='cuda:0')), ('conv1.lin.weight', tensor([[-3.5057e-03, -1.1860e-03,  6.1567e-05,  2.9675e-03,  7.8021e-05,
          2.6569e-02,  9.7488e-42,  8.6423e-10,  1.1367e-19, -5.9664e-12,
         -8.9515e-03,  2.6392e-02,  9.8344e-02, -9.0889e-03,  5.8202e-02,
         -4.2643e-02, -2.0593e-02,  2.4126e-02,  1.1218e-01,  1.1602e-01,
         -1.9662e-01, -1.4584e-01,  3.4429e-02,  1.6647e-03,  4.9503e-03,
          2.1878e-03,  8.5578e-04,  1.7264e-02,  6.4959e-05,  2.2466e-03,
         -1.0607e-02,  7.7941e-02, -3.4588e-02, -6.0750e-03, -1.2533e-03,
         -1.9138e-03,  9.1554e-15,  1.2472e-02, -1.8190e-01, -3.3711e-01,
         -6.6098e-02, -1.7290e-02, -6.4457e-02,  4.3707e-02,  9.2350e-02,
          5.8207e-03, -7.6101e-02,  9.8920e-03,  1.1079e-02,  2.8674e-03,
          1.8303e-02, -1.2591e-13,  3.3948e-10, -5.5491e-43, -5.3340e-16,
          8.4545e-03,  1.5698e-02, -4.4188e-03,  4.0778e-03,  2.3970e-03,
         -1.1460e-03, -5.8553e-03, -9.8078e-02, -3.6501e-02,  3.4251e-02,
         -1.0991e-01,  6.7101e-03, -7.4564e-04],
        [ 1.8384e-03, -5.6023e-04,  5.5796e-04, -2.8321e-03,  1.3850e-05,
         -1.9169e-02,  1.8960e-42, -4.8395e-16,  2.8339e-13, -1.1802e-08,
          3.0665e-02, -1.7322e-01, -7.8021e-02, -2.0770e-03, -3.9050e-02,
         -2.8557e-03, -6.2418e-02, -3.8460e-02, -1.0683e-01, -9.6248e-02,
          4.6824e-02,  6.2944e-02, -9.9188e-02, -3.1283e-03, -8.7614e-03,
         -4.5747e-03, -3.3551e-03, -2.3525e-02, -2.8023e-04, -4.6169e-03,
         -5.4200e-03, -2.3666e-02,  1.7012e-02,  5.5724e-03, -1.4270e-03,
         -2.0606e-03,  2.1496e-42, -8.0189e-03,  4.4268e-02,  5.1390e-02,
          3.0409e-02, -5.6131e-03,  3.0835e-02, -3.7197e-02, -8.0892e-02,
         -9.6956e-03, -3.0350e-02,  1.9220e-03, -1.9023e-02, -3.4580e-03,
         -1.4163e-02,  3.9954e-13,  8.3237e-43,  2.2613e-06,  8.2801e-07,
         -6.1779e-03, -1.0302e-02,  2.3571e-03, -3.4275e-03, -3.6247e-03,
         -2.5118e-04, -4.6184e-02, -1.2994e-01, -1.2242e-01, -8.9004e-02,
         -4.7074e-02,  2.0781e-04, -1.5626e-03],
        [-5.8544e-04, -6.3025e-05,  7.4278e-04,  4.9034e-05,  5.2372e-06,
         -1.8611e-07, -5.6279e-15, -1.0849e-13, -5.0498e-06,  7.2894e-06,
          1.0934e-04, -2.8877e-02, -4.1888e-03,  1.7989e-03, -2.1389e-04,
         -2.9297e-01,  2.8762e-03, -9.4298e-03, -4.9661e-03, -2.3606e-03,
         -9.4795e-03, -1.2895e-02, -1.7920e-03, -1.0406e-05, -5.3970e-03,
          1.4609e-04, -1.4845e-03, -1.7536e-03,  2.1157e-04, -2.7898e-05,
         -1.1192e-03, -5.5822e-02,  7.7571e-04,  2.2647e-04,  1.4396e-04,
          7.5989e-04, -1.0635e-05,  3.4123e-03,  1.6494e-01, -1.3191e-01,
         -1.6279e-03,  2.8798e-03,  2.6554e-03, -8.6297e-02,  3.3984e-02,
          2.6966e-04, -1.0669e-02,  3.7188e-02, -2.0319e-04,  2.4807e-04,
          1.8276e-04, -9.0944e-43, -2.4341e-06, -2.2827e-41,  5.3992e-42,
          5.1596e-04,  5.2345e-04, -6.0810e-04,  2.7526e-04,  2.4902e-04,
         -3.2735e-04, -7.6258e-02, -6.1947e-03, -4.7934e-02, -4.3620e-03,
          6.1343e-02, -1.5350e-01,  1.6785e-04],
        [ 1.6292e-03, -4.7494e-04, -9.7121e-04,  1.1830e-03, -5.8341e-05,
         -4.2031e-03, -3.4822e-07,  2.9994e-10,  1.1491e-42, -1.6386e-11,
          8.6610e-03,  1.5326e-02, -3.8651e-03,  1.1037e-02, -6.5014e-03,
         -3.4440e-02,  4.7398e-02, -1.4521e-02,  2.9467e-03, -9.5303e-03,
          8.6042e-02,  8.6256e-02, -1.2593e-02, -2.0247e-03, -6.7686e-03,
          8.0527e-04,  3.1582e-03,  7.9007e-03,  3.4667e-04,  3.7712e-04,
          9.3105e-03, -4.3032e-02,  6.3585e-03,  4.3980e-03,  3.4910e-04,
          5.0313e-04,  5.7271e-42, -1.2959e-04,  1.6549e-02,  2.0379e-02,
          2.2388e-02,  2.9011e-02,  3.6605e-02, -1.4255e-01, -1.9255e-02,
          2.9757e-03,  6.4684e-02, -2.9621e-02,  1.2286e-02, -3.3863e-03,
         -3.3275e-03,  3.3463e-42,  2.1069e-15,  3.6198e-10, -3.6041e-42,
         -5.2391e-03, -3.0607e-03,  1.8196e-03, -6.9963e-04, -7.0818e-04,
          1.2504e-03, -3.1780e-02,  2.5114e-02,  6.3459e-02,  9.0602e-02,
          3.4784e-03, -4.9719e-03, -8.0527e-05],
        [-4.1691e-03,  1.3757e-03,  1.7171e-03,  6.3173e-04,  7.8629e-05,
          2.1433e-02, -8.7805e-42,  1.3283e-19, -4.0655e-19, -4.7107e-18,
         -8.4943e-03, -1.1691e-02, -1.1627e-01, -9.7835e-03,  3.9664e-02,
          1.6369e-02,  6.3535e-02,  2.0044e-02,  1.3943e-01,  8.3696e-03,
         -8.8383e-02, -1.2247e-01,  1.9783e-02,  5.4297e-03,  9.7603e-03,
          4.3170e-04, -1.0592e-03,  6.7901e-03, -2.5654e-05,  1.2864e-03,
         -1.0802e-02, -3.1856e-02, -1.8911e-02, -1.1699e-02, -1.3201e-03,
         -1.5599e-03,  2.2150e-27,  7.9241e-03, -1.7603e-01, -1.8109e-01,
         -6.7529e-02, -1.4209e-04, -7.4802e-02, -1.5315e-01,  3.0642e-02,
          1.4952e-03,  3.9159e-02,  1.8057e-02, -5.8520e-04,  7.1979e-03,
          1.4246e-02,  7.0485e-43,  4.6397e-42,  1.1967e-42, -2.8867e-43,
          1.1821e-02,  1.2420e-02, -2.0493e-03,  2.7135e-03,  3.0470e-03,
         -1.7701e-03, -7.3325e-02, -7.9907e-04, -3.3047e-02,  8.9496e-02,
          1.4077e-02,  7.3335e-03,  1.3676e-03],
        [ 2.0445e-04,  1.1900e-04, -2.2817e-04, -3.4728e-04,  1.6716e-05,
         -2.4652e-03, -2.9041e-22, -1.8275e-06,  3.7856e-20,  2.6527e-42,
         -1.9112e-03, -4.5632e-02, -5.1554e-02, -6.3770e-03, -4.4737e-03,
          1.2700e-01, -2.8570e-02, -1.1819e-03, -1.8602e-02, -1.7339e-02,
         -2.4072e-02, -2.3585e-02, -1.5239e-02, -1.7338e-04, -3.8620e-05,
         -1.3477e-03,  4.9286e-05, -6.7898e-03,  7.1102e-06, -1.2241e-03,
         -5.0219e-03,  2.1662e-02, -1.2704e-03,  1.7388e-03, -1.1525e-03,
         -1.3937e-03, -2.2267e-42, -4.5628e-03, -4.7459e-02, -8.7923e-02,
         -1.8659e-03, -1.3663e-02, -1.0454e-02,  1.1098e-01,  3.5499e-02,
         -2.0652e-03, -3.4262e-02,  2.2823e-01, -6.2969e-03, -5.4869e-04,
         -1.8475e-03,  4.9084e-14, -6.1779e-18,  2.9151e-09, -5.9695e-43,
         -5.7662e-04, -7.9298e-04, -1.6558e-05, -8.5000e-04, -7.4718e-04,
         -4.2075e-04,  2.7368e-02, -4.2031e-02, -4.2138e-02, -5.3806e-02,
         -9.2848e-02,  3.9570e-02, -2.3878e-04],
        [ 3.2549e-04,  1.0400e-04, -2.0572e-04, -7.3042e-04,  9.5136e-07,
         -9.1470e-03, -2.5700e-42,  5.9081e-07,  9.7110e-43, -4.8233e-42,
          7.9360e-03, -1.3590e-01, -1.5357e-01, -7.1031e-03, -1.9762e-02,
         -2.0740e-02, -5.3032e-02, -5.2906e-02, -8.9936e-02, -8.9976e-02,
          4.5423e-03,  2.5764e-02, -9.2881e-02, -1.1995e-03, -7.1882e-03,
         -2.7810e-03, -7.2121e-04, -1.6583e-02, -2.1284e-04, -2.5793e-03,
         -7.2792e-03, -1.9103e-02,  3.7775e-03,  4.7942e-03, -1.8762e-03,
         -2.2245e-03,  8.0089e-10, -7.5526e-03,  1.6436e-01,  1.9103e-01,
          9.0408e-03, -1.5485e-02, -1.5488e-04,  9.7610e-02, -2.1686e-01,
         -5.4307e-03, -5.8140e-02,  2.9523e-02, -1.2425e-02, -2.1879e-03,
         -6.7407e-03,  1.6001e-23, -1.3615e-08,  1.7538e-11,  1.2096e-06,
         -2.9510e-03, -4.8664e-03,  3.1265e-04, -1.7432e-03, -1.6991e-03,
         -6.5747e-04, -4.4231e-03, -3.9577e-02, -5.0821e-02, -7.0412e-02,
         -1.4814e-01, -3.7825e-03, -7.4637e-04],
        [-4.4181e-03,  4.9442e-04,  6.8331e-04,  2.0678e-03,  8.8958e-05,
          1.9882e-02, -3.0645e-06, -7.0332e-11, -3.6322e-42,  1.3917e-09,
         -1.0384e-02,  1.7057e-01,  6.1893e-02, -8.4157e-03,  5.0269e-02,
          3.0699e-02, -9.1341e-04,  8.0087e-02,  4.7281e-02,  7.9428e-02,
         -1.7772e-01, -1.2528e-02,  8.6483e-03,  1.7454e-03,  8.5844e-03,
          3.0203e-03,  3.8657e-04,  9.9500e-03, -8.4915e-05,  3.3535e-03,
         -6.0421e-03,  1.4863e-01, -2.1335e-02, -7.6474e-03,  2.5846e-04,
          2.7519e-04, -4.1506e-42,  9.5017e-03, -2.6461e-01, -2.6182e-01,
         -4.9151e-02, -2.2770e-02, -5.0085e-02,  1.6314e-01, -8.3124e-02,
          4.8167e-03,  1.7277e-02, -3.6393e-02,  1.9131e-03,  5.6590e-03,
          1.5362e-02,  4.7056e-32, -7.3596e-42,  1.1405e-41, -1.0238e-13,
          1.0015e-02,  1.2202e-02, -4.5242e-03,  4.1920e-03,  2.7388e-03,
         -1.9598e-03,  1.7056e-02,  8.1148e-02, -5.0961e-02, -1.9587e-02,
         -4.1488e-02,  2.9397e-05,  1.7604e-03]], device='cuda:0')), ('conv1.aggr.t', tensor([1.], device='cuda:0')), ('bn1.weight', tensor([0.8738, 0.8509, 0.8082, 0.8787, 1.0345, 0.7909, 0.8091, 0.9990],
       device='cuda:0')), ('bn1.bias', tensor([-0.0413, -0.1410, -0.2778, -0.1268,  0.1062, -0.2273,  0.0552,  0.0748],
       device='cuda:0')), ('bn1.running_mean', tensor([ -909.6143,    15.1480, -1643.6681,   -85.7707,  -539.9094,   634.4662,
          399.7672,  -874.1367], device='cuda:0')), ('bn1.running_var', tensor([133275.7500,   6485.7202, 610848.3750,  10437.0137,  68085.5469,
        218440.2031,  63250.4609, 138798.4688], device='cuda:0')), ('bn1.num_batches_tracked', tensor(47024, device='cuda:0')), ('conv2.bias', tensor([ 1.4117e-05, -1.2605e-05,  6.5439e-06,  1.3793e-05,  9.4422e-06,
        -5.3544e-06, -2.4620e-06,  1.8328e-06,  9.1307e-06,  2.6820e-06,
        -5.7367e-06, -4.7899e-06,  1.4642e-05, -4.5077e-06,  1.0428e-05,
         1.2570e-05], device='cuda:0')), ('conv2.lin.weight', tensor([[-0.0183,  0.4638,  0.0443,  0.2728,  0.0394, -0.1196, -0.1434,  0.2427],
        [ 0.0647,  0.1858,  0.1650,  0.1123,  0.5318,  0.2481, -0.0026,  0.0387],
        [-0.1614,  0.2426,  0.1687, -0.3223, -0.3969,  0.2057, -0.1340, -0.0042],
        [-0.1715, -0.3166, -0.1184,  0.0101, -0.3117,  0.1722,  0.2708, -0.4213],
        [ 0.1929, -0.3573, -0.1508, -0.4941, -0.0061,  0.3846, -0.0256, -0.3222],
        [ 0.1459, -0.3905, -0.2678, -0.4808, -0.2630,  0.3119, -0.0332,  0.0060],
        [ 0.2412,  0.2070, -0.1660, -0.3080, -0.3220, -0.0024,  0.0969, -0.4193],
        [-0.1876,  0.2296, -0.2173, -0.0410, -0.3575,  0.0268, -0.0507, -0.1554],
        [ 0.2033,  0.1312,  0.0485,  0.0188,  0.2701, -0.1648, -0.3077,  0.1232],
        [-0.0435, -0.0253, -0.0816,  0.1813, -0.2456,  0.2024,  0.2423, -0.3392],
        [-0.0510, -0.0703, -0.0249,  0.2275, -0.2769,  0.2546, -0.0067, -0.3412],
        [-0.1331, -0.2109, -0.2295,  0.1718, -0.3618, -0.3577,  0.1362, -0.2820],
        [-0.4939,  0.1926,  0.0246, -0.1847, -0.3183,  0.1621,  0.1835, -0.2247],
        [ 0.1045, -0.0450, -0.2530, -0.0891, -0.0637,  0.0155, -0.1183,  0.2253],
        [-0.1418, -0.1342, -0.2995, -0.1636, -0.0595,  0.2951, -0.3329,  0.3555],
        [-0.1888, -0.2451, -0.2395,  0.0962, -0.3463, -0.0256, -0.0319, -0.3773]],
       device='cuda:0')), ('conv2.aggr.t', tensor([1.], device='cuda:0')), ('bn2.weight', tensor([0.6891, 0.8401, 0.8319, 0.9412, 0.8175, 0.9231, 0.8475, 0.9233, 0.8657,
        0.8850, 0.8737, 0.8948, 0.9124, 0.8916, 0.8671, 0.8847],
       device='cuda:0')), ('bn2.bias', tensor([ 0.0069,  0.1064, -0.3275,  0.2631, -0.0932,  0.5608, -0.4003, -0.0355,
         0.4825, -0.0638,  0.3121, -0.4867,  0.1330,  0.4761, -0.3149, -0.0670],
       device='cuda:0')), ('bn2.running_mean', tensor([ 0.2007,  0.3898, -0.1950, -0.2673, -0.2063, -0.2428, -0.2191, -0.2363,
         0.0958, -0.0646, -0.1492, -0.3520, -0.2241, -0.0197, -0.0928, -0.4027],
       device='cuda:0')), ('bn2.running_var', tensor([0.0473, 0.1751, 0.0997, 0.2260, 0.1154, 0.1125, 0.1544, 0.1494, 0.1104,
        0.1440, 0.1294, 0.2581, 0.2827, 0.0481, 0.1319, 0.2210],
       device='cuda:0')), ('bn2.num_batches_tracked', tensor(47024, device='cuda:0')), ('conv3.bias', tensor([-8.5168e-07,  8.2072e-07,  1.3861e-06, -5.3712e-07, -1.4789e-06,
         6.7005e-07, -5.0979e-06, -3.5380e-06,  2.3654e-06,  2.4975e-06,
        -5.9569e-06,  1.6259e-07, -1.5422e-06,  2.7998e-06,  3.7652e-07,
        -5.1680e-07,  2.3053e-06, -2.4212e-06, -2.8091e-06, -4.4765e-07,
        -2.9646e-06, -4.2308e-06, -3.2399e-06, -3.2687e-06, -1.7792e-06,
        -4.0994e-06, -7.2128e-07, -3.1255e-06,  1.5423e-06,  4.2268e-07,
         3.4147e-06, -1.4723e-06], device='cuda:0')), ('conv3.lin.weight', tensor([[-1.6833e-01, -6.7740e-02,  1.6407e-01,  1.0862e-02, -1.9078e-01,
          2.9199e-02, -5.1312e-02, -1.6378e-01,  5.6749e-03, -1.1288e-01,
         -5.7835e-03,  1.5372e-02, -1.7865e-02,  8.4508e-02, -2.2990e-01,
         -5.3679e-02],
        [ 1.0311e-01,  1.9532e-01,  1.4726e-01, -2.3850e-01,  1.2204e-01,
         -7.4403e-02,  1.9472e-01, -1.3040e-01, -1.5084e-01,  9.2408e-02,
          5.1801e-02,  2.8654e-01, -2.7923e-01,  2.0133e-02,  1.0465e-01,
          1.0399e-01],
        [ 9.8008e-03,  2.2621e-01, -9.1259e-02,  6.3488e-02,  1.2667e-02,
         -7.3097e-02, -8.8372e-02,  1.6970e-01,  6.3432e-02,  3.3227e-02,
          1.1365e-01, -3.1240e-02,  4.4065e-02,  1.6820e-01,  8.5911e-02,
          2.1741e-01],
        [ 3.5165e-02, -1.9177e-01,  7.2049e-02,  1.7630e-01,  6.1470e-02,
         -2.3767e-02, -8.1965e-02, -2.3413e-02, -1.4928e-01, -1.5861e-01,
         -2.2011e-01, -1.3122e-02,  1.3620e-02,  1.1923e-01, -1.8773e-01,
         -1.0988e-01],
        [ 1.6442e-01, -3.5058e-02, -1.1484e-01, -1.2577e-01,  3.4937e-02,
          4.3334e-03,  1.8726e-01, -2.9768e-02, -1.7470e-01,  4.9878e-02,
          1.1257e-01, -1.2378e-01, -8.7873e-02,  1.7724e-01, -1.7002e-01,
          1.6677e-02],
        [-1.0226e-01,  2.5557e-02,  5.6236e-02, -2.5121e-01,  5.4763e-02,
         -1.1213e-01, -1.9114e-01,  3.3360e-01,  5.6106e-02,  3.5353e-02,
          2.4551e-02,  2.3143e-01, -1.2231e-01, -8.1256e-02,  8.2060e-02,
         -1.5706e-01],
        [-8.4878e-02, -4.3756e-02,  1.2186e-01, -1.2476e-02, -1.5809e-02,
         -1.1420e-02,  1.2221e-01, -2.6111e-01, -2.7348e-02, -3.3692e-01,
          1.5725e-01,  2.0580e-01, -1.1092e-01, -3.1007e-01,  1.9897e-01,
         -2.8768e-02],
        [ 3.5150e-02, -7.4716e-02,  9.3021e-03, -7.5644e-02,  1.2545e-01,
         -3.9854e-02,  4.0261e-03,  2.2226e-01,  6.5883e-02, -2.6703e-01,
         -2.0323e-01, -1.3040e-01,  2.0052e-03,  1.9168e-02, -2.0535e-01,
          3.2716e-01],
        [ 1.4360e-02, -2.1414e-01,  1.2875e-01,  3.1434e-01, -1.5552e-01,
          6.4607e-02,  6.6136e-02, -3.3174e-01,  2.6665e-01,  7.3901e-03,
          5.0744e-02, -3.0461e-01, -1.7245e-01, -5.2056e-02, -6.5629e-02,
          2.9403e-01],
        [ 4.2076e-02, -1.3672e-01, -1.0256e-01, -3.1673e-01,  8.3690e-02,
          1.2313e-01, -1.5888e-01, -1.9210e-01, -9.5674e-02, -1.2453e-01,
          2.2614e-01,  2.0543e-01,  7.0086e-02,  9.5976e-02, -1.4820e-01,
          2.2956e-01],
        [ 4.1690e-02, -2.0180e-01,  1.8998e-01,  8.6215e-02, -2.8437e-02,
         -4.9727e-01,  2.3510e-01, -2.4752e-02, -2.3387e-01, -9.6076e-02,
         -1.5906e-01,  3.4575e-01,  1.1301e-01, -3.1160e-01,  1.3149e-01,
          9.5675e-02],
        [ 1.8216e-01, -1.7247e-01, -1.6345e-01,  3.0722e-01, -1.4750e-01,
          1.6511e-01,  5.2896e-02, -1.2164e-01,  1.1369e-01, -3.1261e-01,
          1.9462e-01, -1.2284e-01,  1.5505e-01, -1.4295e-01, -6.0494e-02,
         -2.0023e-01],
        [ 2.6656e-02,  3.9436e-02,  1.3665e-01, -2.8479e-01,  1.7044e-01,
         -2.5841e-01,  1.7831e-01, -2.2997e-01, -3.0090e-01,  2.0913e-01,
          1.7704e-01,  1.6032e-01, -2.2535e-01,  1.9048e-01,  7.6440e-02,
         -1.1315e-01],
        [-3.5354e-02, -9.8725e-02, -9.6705e-02,  1.3256e-01, -1.7175e-01,
          2.0341e-01,  1.0926e-01, -1.4120e-01, -7.7443e-02, -1.3828e-01,
         -4.3827e-03, -8.0943e-02,  1.9326e-01,  1.6941e-02, -7.6915e-02,
         -1.4184e-01],
        [-1.4506e-02,  1.9221e-01, -1.6167e-02, -2.5628e-01, -4.3247e-02,
          2.0611e-01, -1.1362e-01,  3.1674e-01, -9.6403e-02,  5.9324e-02,
         -1.6666e-01, -1.9166e-01, -1.1362e-01, -2.5030e-01, -2.2616e-01,
          1.5691e-01],
        [ 6.8321e-03,  1.2186e-01, -1.6351e-01, -2.2499e-02, -5.8584e-02,
          1.5589e-02,  1.4711e-01, -7.2862e-02, -2.5298e-01,  1.6160e-01,
         -2.5119e-01,  1.5513e-01, -3.6006e-02, -1.0596e-01,  2.8432e-01,
          1.3535e-02],
        [ 2.0255e-01,  2.6345e-01, -1.2043e-01,  1.6210e-01,  1.7244e-01,
          2.4382e-02,  4.5900e-02,  9.4973e-02,  2.3427e-01, -2.0536e-01,
         -8.2495e-02,  2.4480e-01,  2.6321e-01,  1.8368e-01, -1.2798e-01,
          1.7835e-01],
        [-1.8739e-01, -4.5438e-02,  1.6401e-01, -1.4438e-01, -1.5662e-01,
         -9.6245e-03, -6.1869e-02,  3.4581e-02, -9.7093e-02, -8.9903e-02,
          2.8081e-01,  2.1586e-01, -2.8396e-01,  1.7225e-01, -1.4083e-01,
         -2.4576e-01],
        [ 4.5750e-02, -3.5395e-02, -1.1460e-01,  5.0631e-02, -1.0452e-01,
          1.1978e-01, -1.3421e-01,  1.6935e-01,  1.9765e-01,  2.9111e-01,
         -1.0742e-01,  7.2247e-02,  1.2780e-01,  1.8088e-01, -1.4068e-01,
         -2.0953e-01],
        [-6.7099e-02, -2.7332e-02,  1.3980e-01,  2.0351e-01, -7.1084e-02,
         -2.4901e-02, -5.1421e-02, -2.9713e-01, -1.0455e-01, -4.2014e-02,
          1.4701e-01,  2.2816e-01, -1.3833e-01, -1.7483e-01,  2.7722e-01,
         -2.6938e-01],
        [ 9.6754e-02, -9.3920e-02, -9.9615e-02, -3.3347e-01, -9.4730e-02,
          9.8004e-02,  6.5514e-02, -1.2169e-01, -2.5791e-01,  1.1517e-01,
          2.0082e-01,  4.3709e-02, -8.1605e-02, -2.3360e-01,  2.0058e-01,
         -1.7417e-01],
        [-6.4135e-02, -1.1530e-01,  2.1667e-02,  4.3142e-02,  1.1925e-01,
         -6.4567e-02, -2.4231e-01, -1.9324e-01,  2.6680e-01,  1.2025e-01,
          1.7969e-01, -5.3450e-02,  2.0842e-01,  1.5408e-01, -1.9772e-01,
          4.9142e-02],
        [-5.3942e-02, -1.8813e-01, -5.4842e-02,  2.4366e-01,  2.5212e-02,
         -1.2480e-01, -2.9477e-01,  8.1213e-02,  1.8642e-01,  2.3324e-01,
          1.1206e-01, -2.1948e-01,  7.9429e-02,  2.9110e-01, -1.1610e-01,
         -8.9972e-02],
        [-3.2305e-02,  6.3108e-02,  1.2551e-01,  5.5195e-02, -1.8755e-01,
         -2.4713e-03,  1.9436e-01, -2.2521e-01, -1.1996e-01,  2.5272e-01,
          6.4248e-05, -1.9739e-01, -8.0167e-02, -1.2480e-01,  2.0051e-01,
         -1.4705e-01],
        [ 2.5933e-03, -6.4239e-03, -1.1193e-01,  7.9840e-02, -1.9426e-01,
          1.0098e-01, -5.7235e-02,  2.4984e-01,  9.8704e-02, -3.3100e-01,
          2.1239e-01, -2.0747e-01,  7.4116e-02, -1.3172e-01,  2.6601e-02,
          2.4419e-02],
        [-5.0231e-02,  1.5929e-01, -2.1946e-01,  1.7137e-01, -1.6235e-01,
          5.5578e-02,  1.0469e-01, -1.7283e-01,  8.4417e-02,  7.6093e-02,
         -2.3939e-01,  8.1439e-02,  3.9795e-01,  8.5471e-03,  1.5815e-01,
          3.6794e-02],
        [ 6.3388e-02, -8.1444e-02, -3.3398e-02,  1.6708e-01,  2.1523e-01,
         -3.1657e-01, -2.1991e-04, -3.0121e-02, -1.9924e-01,  7.8779e-02,
         -1.8638e-01,  1.0789e-01, -3.1240e-01,  8.7536e-02,  2.4650e-01,
          1.5860e-01],
        [ 4.9046e-02, -1.0246e-01, -5.8349e-02,  2.6137e-01, -7.4102e-02,
          1.1138e-01,  1.2195e-02, -2.0671e-01,  1.9869e-01, -6.6714e-02,
          6.9388e-02, -3.1724e-01,  1.6181e-01,  8.5590e-02, -2.4506e-01,
          1.8681e-01],
        [ 1.8967e-01, -2.0884e-01, -8.5451e-02,  9.0883e-02,  8.1042e-02,
         -1.6245e-02,  8.4563e-02, -2.4833e-01,  7.4872e-02, -1.7635e-01,
         -1.4587e-01,  1.5569e-01,  3.9933e-02, -3.2659e-01,  2.6108e-01,
          1.0470e-01],
        [ 1.6624e-01, -1.6824e-03, -2.0500e-01, -6.0000e-02,  1.3105e-01,
         -9.7591e-02,  5.0720e-02, -2.2037e-01, -1.2895e-01, -4.9127e-02,
         -2.1000e-02,  1.3030e-01,  8.0396e-02,  7.9543e-02, -8.0007e-03,
          1.9976e-01],
        [ 1.2510e-01, -3.4019e-02, -7.7392e-02,  3.3931e-01, -7.0061e-02,
          4.1547e-02,  4.5217e-02,  1.5811e-01,  2.6834e-02, -1.5281e-01,
          6.5770e-02, -5.7477e-02,  5.0869e-02,  1.0260e-01,  9.5478e-02,
         -1.9290e-01],
        [ 4.8673e-02,  2.1731e-01, -1.4338e-01,  5.0535e-02,  1.0530e-01,
         -5.3895e-03, -4.6030e-02,  2.9590e-01, -1.1622e-01,  9.9784e-02,
         -1.9431e-01,  2.5509e-01, -2.2156e-01,  6.3731e-02, -9.1932e-02,
         -9.0653e-02]], device='cuda:0')), ('bn3.weight', tensor([1., 1., 1., 1., 1., 1., 1., 1., 1., 1., 1., 1., 1., 1., 1., 1., 1., 1.,
        1., 1., 1., 1., 1., 1., 1., 1., 1., 1., 1., 1., 1., 1.],
       device='cuda:0')), ('bn3.bias', tensor([0., 0., 0., 0., 0., 0., 0., 0., 0., 0., 0., 0., 0., 0., 0., 0., 0., 0., 0., 0., 0., 0., 0., 0.,
        0., 0., 0., 0., 0., 0., 0., 0.], device='cuda:0')), ('bn3.running_mean', tensor([0., 0., 0., 0., 0., 0., 0., 0., 0., 0., 0., 0., 0., 0., 0., 0., 0., 0., 0., 0., 0., 0., 0., 0.,
        0., 0., 0., 0., 0., 0., 0., 0.], device='cuda:0')), ('bn3.running_var', tensor([1., 1., 1., 1., 1., 1., 1., 1., 1., 1., 1., 1., 1., 1., 1., 1., 1., 1.,
        1., 1., 1., 1., 1., 1., 1., 1., 1., 1., 1., 1., 1., 1.],
       device='cuda:0')), ('bn3.num_batches_tracked', tensor(0, device='cuda:0'))])