OrderedDict([('conv1.bias', tensor([-1.7733e-09,  5.4761e-07, -1.0356e-06,  5.2869e-06, -1.0549e-08,
        -1.7380e-09,  1.6942e-08, -1.3537e-09], device='cuda:0')), ('conv1.lin.weight', tensor([[ 4.3190e-05,  1.5009e-04, -1.3353e-04,  4.6485e-05, -1.3164e-05,
          3.0478e-04,  5.7986e-12, -8.5920e-39,  1.0773e-41,  5.9751e-06,
          8.5880e-05, -3.1962e-04, -7.2564e-04, -2.4034e-04, -1.6149e-04,
         -3.8199e-02,  3.5475e-04,  4.6105e-04,  1.9945e-04,  4.7701e-04,
         -5.5966e-04,  2.4516e-04,  1.8529e-03, -2.2211e-04,  2.3131e-04,
         -1.6961e-04, -1.6902e-04, -4.8840e-04,  1.0072e-05, -3.7936e-05,
         -2.5378e-04,  1.2048e-03, -3.4681e-04, -3.1938e-04,  1.3970e-04,
          1.3047e-04, -1.1293e-41,  9.0521e-05,  3.2456e-02,  5.2077e-02,
         -6.2457e-04,  1.3393e-04,  8.3657e-05,  2.9530e-03, -2.9831e-03,
         -6.2495e-05,  4.2877e-04,  1.8481e-01, -2.4699e-04,  2.2249e-04,
          2.2360e-04,  1.7993e-42,  1.2262e-11,  5.3670e-43, -3.4293e-20,
          2.4270e-06, -2.5393e-04,  5.7533e-05,  4.6429e-05,  3.6542e-05,
         -6.6992e-06,  8.5941e-04,  2.4373e-03, -5.5440e-05,  9.4714e-04,
          2.4090e-03, -6.2605e-03,  3.9941e-05],
        [ 5.5943e-05, -7.5904e-05, -1.7285e-05,  8.9610e-06, -7.7961e-06,
          2.5000e-04,  5.4468e-10, -2.4730e-41,  1.9254e-42,  1.6460e-09,
         -4.0888e-05,  6.4986e-04, -1.0021e-03, -5.4723e-04, -1.4483e-04,
          7.3298e-02,  1.2335e-04, -7.5753e-04, -7.2863e-05,  1.5718e-04,
          1.8451e-04,  4.7721e-05,  2.1441e-04, -1.3303e-04,  3.5077e-04,
          6.3854e-05, -1.6437e-04, -2.9981e-04, -1.2016e-05, -1.0276e-04,
         -1.1727e-04,  4.7905e-04,  3.0297e-05,  6.1663e-05, -1.8182e-06,
          5.3316e-06, -3.8157e-42, -7.4463e-06, -4.7612e-02,  6.8120e-02,
          1.7646e-04, -1.6038e-04, -5.8712e-05, -1.0900e-03, -4.2416e-04,
         -7.9267e-05, -1.7480e-03,  6.8544e-02, -2.2522e-04, -1.5402e-06,
         -9.4764e-05,  3.3671e-09, -1.9450e-42, -2.8731e-14, -1.5382e-07,
         -1.9812e-05,  1.4785e-05, -3.5085e-05,  1.3905e-05,  8.7153e-05,
         -2.2742e-05, -7.4715e-04, -3.1061e-05, -1.5346e-04, -8.2504e-05,
         -1.2078e-03,  8.4467e-02, -3.2748e-05],
        [-1.2418e-04,  2.7255e-04,  1.5562e-05, -1.2040e-04, -4.1888e-05,
          5.2575e-04, -3.3207e-06, -5.3768e-42,  2.3284e-16, -9.2088e-07,
          5.1570e-04,  2.1181e-03, -4.3518e-03, -1.3196e-04, -1.0907e-03,
         -4.7223e-02, -3.5532e-05,  3.5631e-04,  1.5183e-03, -3.2517e-03,
          4.3095e-03, -1.8972e-03, -1.9904e-03, -2.7962e-04, -6.8680e-04,
          6.2192e-04, -2.7704e-04, -2.1855e-04, -1.3398e-04,  2.4697e-04,
         -1.8312e-04, -2.7645e-03, -1.1628e-04, -5.8565e-04, -1.1154e-04,
         -4.7191e-05, -1.2388e-25,  4.1995e-04, -1.6070e-03, -1.0424e-01,
          4.6435e-04,  6.3566e-04,  1.6160e-03, -1.3327e-03, -4.0070e-02,
          2.2911e-04, -2.8366e-03, -5.8791e-02,  1.1026e-03,  1.6886e-04,
          3.8280e-05, -2.2729e-42, -4.4646e-15,  3.8196e-32, -3.5274e-21,
          2.3925e-04,  3.6213e-04,  4.8400e-04,  3.2283e-04,  2.0826e-05,
          2.9681e-04,  6.8119e-04, -6.2028e-04, -2.5522e-03, -6.6565e-03,
         -5.7329e-02, -1.3250e-02, -2.0724e-04],
        [-2.9218e-05,  5.4944e-05, -2.7704e-05, -2.1354e-05,  5.1462e-05,
         -1.4890e-04, -1.2430e-42,  3.3959e-16, -4.1085e-40, -5.7075e-42,
          1.7659e-05,  6.8278e-04,  1.1088e-03, -3.8726e-05, -3.3732e-04,
          1.8427e-01, -7.6653e-05, -7.2228e-04, -1.5783e-04, -1.0992e-03,
          4.4863e-04, -5.3462e-04,  6.5536e-06, -7.9140e-05, -2.8414e-04,
          4.5073e-05,  7.9682e-05,  2.4004e-04,  4.8388e-05, -7.1530e-05,
          5.5910e-04,  9.2037e-04,  2.3218e-04, -2.6662e-04, -1.5624e-04,
         -8.8320e-05, -2.7031e-42, -9.9965e-05, -1.7126e-02,  1.1874e-01,
         -1.9251e-04, -4.2894e-04,  4.7078e-04,  4.5917e-03, -6.9369e-04,
         -7.6609e-05, -4.7271e-04, -2.9462e-02,  3.0342e-04, -1.1019e-04,
          7.1223e-05,  2.1251e-06, -1.9352e-42, -4.9859e-10,  5.1874e-11,
          9.1800e-05,  5.9798e-05, -2.8651e-05,  5.3285e-05, -1.8317e-04,
          3.5541e-05,  5.9706e-04,  4.4016e-04, -8.0523e-04, -1.4505e-03,
          5.4233e-05,  3.8711e-02, -5.5736e-05],
        [ 3.8397e-05,  6.1503e-06,  1.3104e-05, -1.3485e-05, -6.2247e-06,
          1.4364e-04,  3.2622e-42,  4.1700e-09,  3.4388e-42, -3.5917e-13,
         -3.6662e-05, -1.7656e-03, -7.3402e-05, -1.7624e-04,  2.5142e-04,
          1.0438e-01, -8.4230e-04,  2.4153e-04,  1.5005e-03, -1.0759e-03,
         -7.0616e-06, -8.3371e-04,  4.4122e-04,  1.2217e-04,  4.9632e-04,
          1.7922e-04, -5.4368e-05,  5.9372e-04,  2.3968e-05, -1.0875e-04,
          1.8797e-06,  1.2407e-05, -1.9285e-04, -4.4749e-04, -1.4380e-05,
          1.0465e-04,  2.8546e-08,  1.5932e-04, -1.3342e-01, -1.3515e-01,
          2.2890e-04, -2.1078e-04,  5.1230e-04,  9.4491e-04,  3.4707e-03,
         -1.0037e-04, -8.9826e-04,  4.6200e-02, -3.2688e-04, -1.0194e-04,
          6.5479e-05,  1.8288e-17,  1.0566e-42,  1.9898e-42,  5.2335e-08,
          5.5715e-05,  1.0754e-04,  9.0776e-05,  2.5180e-04,  1.3924e-04,
         -1.1151e-04,  1.7553e-03, -6.2742e-04,  1.7510e-04, -1.9059e-03,
          3.0731e-05, -1.6003e-01, -1.5363e-04],
        [-3.6635e-05, -5.7593e-05, -6.5777e-06,  2.0638e-06,  2.0366e-05,
         -1.8615e-04,  1.7288e-11,  2.0812e-41,  1.5758e-09, -1.8715e-19,
         -9.6596e-05, -1.3658e-03,  1.2373e-03,  1.9471e-04,  4.9295e-04,
          1.0209e-01, -3.4864e-04, -4.6147e-05, -4.7541e-05, -2.1211e-04,
         -1.5755e-04,  8.7390e-04,  1.2610e-03, -1.7926e-04, -2.0860e-04,
         -9.7730e-06, -4.4266e-06, -1.1924e-04,  1.4187e-05, -1.0475e-04,
          9.1927e-04,  1.5378e-03,  3.4073e-04, -2.4243e-04,  9.7019e-05,
          3.4331e-04,  8.9881e-20, -6.3508e-04,  2.2566e-01,  7.1501e-02,
          4.8551e-05, -1.7177e-04, -6.4884e-04,  3.4696e-03,  2.2476e-03,
          3.3908e-05,  6.0558e-04,  4.3878e-02,  1.5756e-04, -1.1238e-04,
         -1.4074e-05, -7.6682e-18, -8.6895e-38, -2.8601e-42,  3.1842e-11,
         -4.8706e-05, -7.8622e-05, -7.8728e-05, -1.0235e-04,  9.7444e-05,
         -1.9554e-04,  2.0659e-04,  1.1706e-03, -7.8661e-04, -5.8026e-04,
         -2.1440e-03, -5.4098e-02, -1.1582e-04],
        [-1.3729e-04,  8.8114e-05,  6.6244e-05, -8.9173e-05,  3.4458e-06,
          2.9446e-05, -1.3038e-07,  2.3932e-09, -8.0827e-42,  1.6365e-10,
          7.9870e-05, -1.8064e-03, -2.8222e-05,  2.1837e-04, -4.3020e-04,
         -8.4739e-02,  1.7298e-03,  3.0240e-05, -1.2925e-03, -3.6188e-04,
          4.5645e-04,  1.2970e-03,  4.3076e-04, -5.9855e-05, -3.2354e-06,
          1.2399e-04,  1.2485e-04, -2.7364e-04,  8.1142e-06, -2.7662e-04,
         -6.4046e-04,  1.0312e-03,  2.7087e-04,  2.2528e-04, -1.0246e-04,
          1.8050e-04, -2.2075e-10, -2.5880e-04, -1.0902e-01,  1.6903e-01,
         -2.1592e-04,  2.4487e-04,  4.9880e-04, -6.6263e-04, -3.0710e-03,
          2.0809e-04,  8.0908e-04, -4.7059e-02, -1.1229e-04, -2.7652e-04,
          1.4881e-04,  2.8082e-42,  1.4251e-42, -9.3798e-18,  4.0649e-12,
         -5.9685e-05, -1.2031e-04,  9.9435e-06, -7.3162e-06,  2.7411e-04,
          3.9454e-05,  6.6084e-04,  1.1496e-03, -1.1098e-03,  1.8570e-04,
         -1.5193e-03,  2.4238e-02,  6.6135e-05],
        [-1.4755e-04,  1.3644e-04, -1.1397e-04, -4.6103e-05, -9.7613e-06,
          1.6231e-04, -9.9072e-43, -1.6419e-11,  1.4702e-06, -6.2309e-27,
         -1.5182e-04, -7.2209e-05,  1.1896e-03,  2.8252e-04,  2.6382e-04,
         -1.0430e-01, -1.1182e-03, -3.5321e-04, -3.4241e-04, -1.2608e-03,
         -2.9594e-03,  3.9693e-04,  9.5068e-04, -1.0353e-07,  4.1728e-04,
         -1.7987e-05,  9.3505e-05,  6.9276e-04,  2.0524e-05,  2.8533e-04,
         -4.6683e-04, -1.9097e-03,  3.0518e-04,  1.9611e-04,  2.1369e-04,
         -9.1629e-05,  1.0029e-41,  7.8746e-05,  6.5987e-02,  1.1258e-01,
         -2.9444e-04, -1.0051e-03, -8.1848e-04,  1.0424e-03,  2.8359e-02,
          1.7327e-04,  2.1851e-03, -1.4859e-01,  3.3493e-04,  3.0739e-04,
         -1.0807e-04, -1.3621e-42,  3.7346e-41, -2.3657e-14,  4.7568e-12,
         -4.6955e-05, -1.7225e-04,  5.2792e-05, -3.4317e-04, -8.2301e-06,
         -1.1031e-04,  3.4105e-04,  9.2536e-04, -2.3725e-05,  3.7013e-03,
          3.7951e-03, -6.7046e-03,  3.5026e-04]], device='cuda:0')), ('conv1.aggr.t', tensor([1.], device='cuda:0')), ('bn1.weight', tensor([0.7579, 0.8467, 0.6998, 0.6322, 0.6846, 0.7426, 0.7381, 0.7846],
       device='cuda:0')), ('bn1.bias', tensor([ 0.0153,  0.0295,  0.0746,  0.0079,  0.1743,  0.0036,  0.0158, -0.0289],
       device='cuda:0')), ('bn1.running_mean', tensor([  309.3375,   866.8089,  -504.2962,   768.1526, -1420.3867,   461.2859,
           51.4909,   -82.4433], device='cuda:0')), ('bn1.running_var', tensor([ 1051572.3750,  5013251.0000,   633280.8750,  2945635.7500,
        16014835.0000,  4004001.0000,  1893812.0000,  1893919.0000],
       device='cuda:0')), ('bn1.num_batches_tracked', tensor(47024, device='cuda:0')), ('conv2.bias', tensor([-1.2745e-06, -3.2590e-06, -2.5535e-06,  4.6079e-06,  2.6529e-06,
        -1.0498e-06,  4.5821e-07,  1.0054e-06,  2.6390e-06, -7.2988e-07,
         2.3720e-06, -2.9142e-06, -2.0982e-06, -7.2108e-07, -4.4950e-06,
        -2.7954e-06], device='cuda:0')), ('conv2.lin.weight', tensor([[-2.6773e-01, -3.1335e-01, -2.1418e-01,  8.3398e-02,  1.8536e-01,
          1.4370e-01,  3.2580e-02, -2.3452e-01],
        [-3.0227e-03,  1.1133e-01, -2.8307e-01,  1.0238e-02,  5.5410e-03,
          1.5150e-01,  1.8721e-01,  2.0953e-01],
        [ 9.1997e-02,  1.1274e-01,  7.1685e-02,  3.4946e-02,  1.0625e-01,
         -1.8544e-01, -3.3168e-02, -2.6566e-01],
        [ 3.1383e-01, -2.6355e-04, -1.1124e-01,  1.7659e-01,  1.1241e-02,
         -1.0294e-01,  1.8477e-01,  2.0530e-01],
        [-1.3009e-01, -2.2566e-01,  1.2867e-01, -3.0595e-02, -2.6399e-01,
          1.0087e-01, -1.6089e-01,  1.4818e-01],
        [ 3.1071e-02,  2.2888e-01,  1.9093e-01,  1.9612e-01, -1.2222e-02,
          2.0615e-01,  2.2538e-01,  1.5545e-01],
        [-2.6123e-01, -1.6792e-01,  1.6848e-01, -5.4016e-02,  4.0882e-02,
         -2.7371e-01, -2.9018e-01,  2.1912e-01],
        [ 1.0473e-01,  2.3754e-01, -9.1793e-03, -1.0780e-01, -2.0851e-01,
          6.1564e-02,  2.4073e-01,  2.9601e-02],
        [ 7.3666e-02,  1.1462e-01, -1.2698e-01, -6.9339e-02,  9.1130e-02,
         -5.7527e-02,  3.7343e-02, -3.6974e-01],
        [-6.5424e-02,  1.4124e-02,  1.0461e-01, -4.2358e-02,  2.1138e-01,
         -2.9682e-01, -3.3497e-02, -1.7229e-01],
        [ 2.2945e-02,  2.2826e-01, -8.4240e-02, -5.4411e-02,  1.3528e-01,
         -2.7838e-01, -2.9901e-01, -2.1866e-01],
        [-3.1603e-01, -3.5559e-01, -2.4141e-02,  3.0181e-01, -1.6495e-01,
         -5.2489e-02,  5.0891e-02, -1.4700e-01],
        [ 9.6088e-02,  8.5836e-04,  1.4125e-01,  9.0044e-02,  6.8782e-02,
          1.6696e-01,  1.8012e-01, -7.5333e-02],
        [-9.0239e-02, -1.2916e-01,  1.0402e-01, -3.4630e-02,  2.4875e-01,
          3.2920e-01,  1.2943e-01,  3.1788e-01],
        [-1.6280e-01, -3.0247e-01,  7.7569e-02, -1.4230e-01, -5.2742e-02,
         -4.5823e-02,  7.7292e-02, -1.3470e-02],
        [-8.9441e-03,  2.7856e-01, -1.2853e-03,  5.1756e-02, -3.8407e-02,
         -1.5164e-01,  2.5821e-01,  2.4140e-01]], device='cuda:0')), ('conv2.aggr.t', tensor([1.], device='cuda:0')), ('bn2.weight', tensor([0.6921, 0.6920, 0.7089, 0.7178, 0.7103, 0.7074, 0.7263, 0.6709, 0.6387,
        0.6352, 0.5792, 0.6441, 0.5971, 0.7488, 0.7107, 0.6843],
       device='cuda:0')), ('bn2.bias', tensor([ 0.4507, -0.5300, -0.5042,  0.3621,  0.3051, -0.1545,  0.4560,  0.4209,
         0.5100, -0.0156,  0.1015, -0.0777,  0.1681,  0.1496, -0.5266,  0.3673],
       device='cuda:0')), ('bn2.running_mean', tensor([-0.1346,  0.0622,  0.0137,  0.1372, -0.1241,  0.2826, -0.1348,  0.0644,
        -0.0513, -0.0293, -0.0968, -0.1886,  0.1661,  0.2083, -0.1359,  0.1344],
       device='cuda:0')), ('bn2.running_var', tensor([0.1551, 0.0924, 0.0654, 0.1399, 0.1083, 0.1730, 0.1926, 0.1133, 0.0614,
        0.0795, 0.1498, 0.1865, 0.0390, 0.1317, 0.1428, 0.1644],
       device='cuda:0')), ('bn2.num_batches_tracked', tensor(47024, device='cuda:0')), ('conv3.bias', tensor([ 1.9007e-07,  1.7475e-06, -1.5981e-06,  2.9286e-06, -3.9269e-06,
         3.9111e-07,  2.1031e-06, -1.9078e-06, -1.0400e-07, -1.6492e-06,
         1.2093e-06,  7.3517e-07,  2.2450e-06,  1.0465e-06,  1.6085e-06,
         1.0183e-06,  2.2655e-06, -6.2797e-07,  1.2041e-06,  1.6008e-06,
        -2.6818e-06, -5.3639e-07, -3.7166e-06, -1.9901e-06, -3.9937e-08,
        -2.1877e-06, -1.8901e-06, -3.0793e-06, -9.9937e-07,  1.5680e-06,
         6.6314e-07,  1.8093e-06], device='cuda:0')), ('conv3.lin.weight', tensor([[-1.1705e-01,  8.4005e-03,  2.6872e-01,  4.9292e-02,  4.5514e-02,
          1.7431e-01,  1.7153e-01,  3.1697e-02,  2.7303e-01, -1.4527e-01,
         -1.8678e-01,  5.7020e-02, -1.5406e-01,  1.7891e-01,  2.3519e-01,
          1.3997e-01],
        [-1.0819e-02,  7.1754e-02,  1.0889e-01,  1.4754e-01, -1.1180e-01,
          9.8686e-02,  1.6198e-01, -6.8064e-02,  1.4700e-02,  1.3296e-01,
         -9.4140e-02, -1.5413e-01, -4.8091e-02,  1.4515e-01,  6.7753e-02,
         -1.1774e-01],
        [-1.4240e-01, -1.1078e-01,  8.2307e-02,  1.2278e-01,  1.8596e-01,
         -8.9752e-03,  1.7917e-01,  2.1096e-01,  2.2935e-01,  7.8663e-03,
         -6.1422e-02,  1.4169e-01,  1.6443e-01,  1.5636e-01, -2.0290e-02,
         -9.0428e-02],
        [-2.3051e-01, -3.2197e-02,  2.8545e-01, -1.0498e-01,  3.0951e-02,
          3.7462e-02, -6.1339e-02, -4.0509e-02, -1.6309e-01, -9.1794e-02,
         -1.1035e-01,  1.2797e-01,  4.5964e-02,  7.4604e-02, -1.1053e-02,
         -9.9520e-02],
        [ 1.4746e-01, -1.5854e-01, -1.1880e-01,  1.2951e-01,  7.4239e-02,
         -4.7739e-02,  1.3715e-01,  2.1847e-01, -7.1767e-02, -1.8537e-02,
         -1.5368e-02,  3.2984e-02,  9.8039e-02, -2.3695e-01, -1.9142e-01,
          1.4029e-02],
        [-1.7035e-01, -5.3207e-02, -2.9508e-01,  5.5767e-03, -1.7823e-01,
         -1.7622e-01,  2.5375e-02, -2.4383e-02,  1.1479e-02,  1.8812e-02,
          3.2745e-02, -1.4619e-03, -8.3548e-02,  1.3338e-02, -8.8797e-02,
          1.9699e-04],
        [-1.3459e-01, -7.5121e-02,  6.7145e-02, -1.3020e-01, -1.1030e-01,
          1.6531e-01, -5.9172e-02, -7.8747e-02, -1.5722e-01,  1.0876e-02,
          1.3985e-01, -8.2571e-02,  3.2288e-02,  1.0925e-01,  2.0890e-01,
          4.7529e-02],
        [ 1.3366e-01,  1.2388e-01,  3.7382e-02, -3.5000e-02,  5.1452e-02,
         -1.0388e-01, -2.0295e-02, -8.0115e-02, -4.1382e-02,  1.5321e-01,
          1.6021e-02, -3.4810e-02,  1.6076e-01,  1.5362e-02, -6.0875e-02,
         -6.3844e-03],
        [ 5.8736e-02,  1.1792e-01,  4.7683e-02, -7.6605e-02, -2.1045e-01,
         -1.6275e-01, -1.5557e-01,  1.3875e-01, -1.4687e-01,  7.5275e-02,
          4.3127e-02,  3.4476e-02, -9.3012e-02,  1.6705e-01,  9.5061e-02,
         -4.3058e-02],
        [ 1.9178e-01, -2.0290e-01, -1.7513e-01,  1.2245e-01,  9.8624e-02,
         -1.2030e-01,  1.8103e-01,  2.6103e-01, -2.1751e-03,  2.0464e-02,
          1.6416e-01, -5.1594e-02,  1.5563e-01,  1.0023e-01, -3.1234e-01,
          2.0869e-02],
        [-9.1326e-03,  3.5098e-02,  4.4028e-02,  6.6543e-02, -1.2768e-02,
          5.8659e-02, -1.2091e-01, -8.0974e-02, -1.8456e-01,  4.2416e-02,
         -9.8880e-02,  1.2497e-01, -7.2760e-02, -1.8133e-01,  1.5638e-02,
         -1.9130e-02],
        [-5.5516e-02, -3.5546e-02,  7.4254e-02, -6.9855e-02, -1.2835e-01,
          7.1763e-02,  5.5596e-02, -9.6868e-02,  1.6491e-01, -7.4267e-02,
         -1.4065e-01,  7.1100e-02, -5.1091e-02,  5.3131e-02, -1.0781e-01,
         -4.6748e-03],
        [ 8.5275e-02,  2.3882e-01,  1.5509e-01, -1.0106e-03,  2.0715e-03,
         -7.3994e-02, -1.4550e-01, -2.2718e-02, -1.4952e-01, -2.8978e-02,
         -5.6992e-03, -7.0070e-02,  9.9310e-02, -1.6933e-01,  2.5722e-01,
         -6.3426e-02],
        [-4.5514e-02,  1.1484e-01, -1.1713e-01, -9.2094e-02,  1.3358e-01,
         -1.1389e-01, -4.5090e-02, -5.0699e-03,  6.2603e-02, -5.7177e-02,
         -2.0400e-02,  1.0631e-02, -2.8934e-02, -1.1100e-01, -7.0855e-02,
         -3.7925e-02],
        [ 9.5629e-02,  1.0115e-01,  4.6631e-02, -3.3318e-02, -6.9840e-02,
          9.9724e-02,  7.2764e-02,  1.3550e-02,  4.5690e-03, -6.7671e-02,
         -1.5854e-02,  1.1586e-01, -1.0437e-01,  5.5015e-02, -1.1489e-01,
         -7.9179e-02],
        [-8.7755e-02, -1.2533e-01,  1.3721e-03, -1.2454e-01,  3.0621e-02,
         -2.2592e-03, -1.4251e-01,  3.1634e-02,  1.6297e-01, -3.4459e-02,
         -2.3598e-01,  7.0915e-02, -2.4135e-02, -5.0274e-02, -3.1625e-02,
         -5.8224e-02],
        [ 3.4815e-02, -2.1089e-01,  1.1579e-01,  1.4910e-01,  1.6927e-01,
          1.5831e-01,  5.0036e-03, -6.2616e-02,  1.1645e-01,  1.3480e-02,
         -4.9620e-02, -1.0382e-01, -5.2388e-02,  1.4809e-01,  8.1610e-02,
          3.5589e-02],
        [-1.0765e-01,  2.5983e-01,  2.4426e-02, -1.2958e-01,  3.7044e-02,
         -7.3913e-02, -2.1353e-01, -1.1348e-01, -7.8400e-02,  1.2364e-02,
          7.9673e-02, -7.2528e-02,  3.3443e-02, -1.1669e-01,  1.1145e-01,
         -1.6108e-01],
        [ 1.2094e-01,  3.0340e-02,  1.0085e-01, -1.6413e-02,  8.2422e-02,
          9.4835e-03,  1.2215e-01,  3.6052e-02,  4.8468e-02, -7.1616e-02,
          9.6822e-02,  2.0755e-02,  1.1976e-01,  1.4481e-01, -3.5198e-02,
          2.5395e-03],
        [-6.7129e-02, -2.3561e-01, -1.8408e-01, -1.1691e-01, -3.1081e-02,
          8.2753e-02,  9.3940e-02,  7.7924e-02,  5.4158e-02, -7.6139e-02,
         -5.8973e-02, -3.5795e-02,  4.6805e-02,  2.3966e-02, -5.8708e-02,
          4.5454e-02],
        [-2.6987e-01, -5.4192e-02,  1.4167e-01, -1.0588e-01, -1.4455e-01,
          2.3018e-01, -8.1039e-02, -1.6100e-01, -1.2583e-01, -2.9775e-02,
          6.5974e-02,  1.2537e-01, -5.0357e-03,  1.1759e-01,  1.3756e-01,
         -1.4282e-01],
        [-1.0089e-03,  4.8316e-02,  1.7531e-01, -1.1450e-02, -9.2915e-02,
         -3.1860e-02,  8.6851e-02,  3.0152e-02, -1.0694e-01,  2.0253e-02,
         -5.2609e-02, -7.9105e-02, -1.4031e-02, -1.6980e-02,  1.2623e-01,
         -9.2569e-02],
        [ 2.2619e-01, -2.0865e-01, -1.2508e-01,  1.0262e-01,  9.7420e-02,
          1.0159e-01,  2.3226e-01,  1.3680e-01,  1.9468e-01,  2.3908e-02,
          1.1161e-01, -3.4620e-02,  1.1640e-01,  7.8598e-02, -1.4040e-01,
          1.7440e-01],
        [-9.8974e-02,  6.9040e-03, -2.8458e-02, -4.3665e-02, -8.1216e-02,
          1.2409e-01, -4.8032e-02, -1.4235e-01, -8.2051e-02,  2.0845e-01,
         -6.8809e-02,  5.5503e-02, -9.4171e-02, -3.1419e-02, -1.1306e-01,
         -1.5148e-01],
        [-4.5154e-02,  1.1347e-01,  8.4261e-02, -1.6064e-01,  1.1890e-01,
          9.3421e-02, -5.5293e-02,  9.4312e-02, -1.3803e-01,  9.4003e-02,
          1.6783e-01, -1.3259e-01,  1.2595e-01, -4.9740e-02,  1.0054e-01,
         -1.4528e-01],
        [ 1.8286e-01, -2.0000e-01, -4.1845e-02,  2.2032e-01,  1.6826e-01,
         -1.9551e-02, -4.4559e-02,  1.6394e-01,  1.9515e-01,  1.7547e-01,
         -3.3141e-02, -8.4444e-02, -5.1650e-02,  1.3361e-01, -1.2837e-01,
          4.4684e-02],
        [-4.4651e-03,  5.3492e-02,  3.6394e-02,  1.0449e-01, -2.5186e-02,
          2.3910e-02, -5.2901e-02, -8.8648e-02, -1.2132e-01, -8.4005e-02,
          1.0072e-01,  5.0890e-02, -1.0625e-01, -4.0974e-02, -1.1321e-01,
         -1.2649e-01],
        [ 6.7322e-02,  1.7943e-01,  1.2662e-01,  1.2024e-01, -5.5133e-02,
          9.3224e-02, -9.6472e-02, -1.4012e-01, -1.1205e-01,  1.1570e-01,
          1.6215e-01, -1.3039e-01, -7.4889e-02,  1.5543e-01,  1.1962e-01,
         -1.1034e-01],
        [-8.4710e-02,  5.7504e-02,  1.4040e-01,  1.3708e-01,  1.5861e-01,
         -1.4174e-01,  9.3801e-02, -1.6238e-02,  1.1529e-02, -1.0581e-01,
          1.9044e-01,  1.1434e-01, -4.8442e-02,  1.8713e-01, -6.8554e-03,
          8.7944e-02],
        [ 1.6898e-02, -1.7712e-04,  3.6778e-02,  3.5036e-02, -8.4493e-02,
         -1.2224e-01, -1.4374e-01, -2.9534e-02, -1.7647e-01, -1.2538e-01,
          1.6523e-01,  1.4553e-02,  4.5208e-02,  6.3647e-02, -1.6375e-02,
         -8.8480e-02],
        [ 1.4008e-01, -1.6505e-01, -1.9125e-01,  1.6368e-01,  9.6052e-02,
         -1.4388e-01,  6.6860e-02,  7.4808e-02,  2.0439e-01, -2.4974e-02,
          1.8017e-01, -6.2828e-02,  1.1777e-01,  1.4779e-01, -1.6021e-01,
          1.9174e-01],
        [ 2.3216e-01, -5.8309e-02, -1.4258e-01,  3.6591e-02, -5.5115e-02,
          6.2254e-02,  1.1395e-01, -6.5097e-02,  2.0943e-01, -9.4576e-02,
          1.2134e-01, -1.5326e-01, -8.3405e-02,  5.1298e-02, -7.1507e-02,
          7.6593e-02]], device='cuda:0')), ('bn3.weight', tensor([1., 1., 1., 1., 1., 1., 1., 1., 1., 1., 1., 1., 1., 1., 1., 1., 1., 1.,
        1., 1., 1., 1., 1., 1., 1., 1., 1., 1., 1., 1., 1., 1.],
       device='cuda:0')), ('bn3.bias', tensor([0., 0., 0., 0., 0., 0., 0., 0., 0., 0., 0., 0., 0., 0., 0., 0., 0., 0., 0., 0., 0., 0., 0., 0.,
        0., 0., 0., 0., 0., 0., 0., 0.], device='cuda:0')), ('bn3.running_mean', tensor([0., 0., 0., 0., 0., 0., 0., 0., 0., 0., 0., 0., 0., 0., 0., 0., 0., 0., 0., 0., 0., 0., 0., 0.,
        0., 0., 0., 0., 0., 0., 0., 0.], device='cuda:0')), ('bn3.running_var', tensor([1., 1., 1., 1., 1., 1., 1., 1., 1., 1., 1., 1., 1., 1., 1., 1., 1., 1.,
        1., 1., 1., 1., 1., 1., 1., 1., 1., 1., 1., 1., 1., 1.],
       device='cuda:0')), ('bn3.num_batches_tracked', tensor(0, device='cuda:0'))])