OrderedDict([('conv1.bias', tensor([-2.3207e-07, -6.5069e-07,  2.1366e-09,  2.2789e-07, -3.2753e-08,
        -1.2013e-09,  6.7129e-07,  1.1042e-08], device='cuda:0')), ('conv1.lin.weight', tensor([[ 4.8027e-05,  5.1629e-05, -3.9379e-05,  6.4279e-05,  2.1095e-06,
         -5.3881e-05, -3.6924e-42,  4.7966e-42,  8.9108e-18, -5.3529e-12,
         -1.8343e-04,  2.7591e-03,  1.3203e-03, -1.1683e-03,  2.7479e-04,
          9.6765e-02,  5.0472e-04, -1.4625e-04,  1.1317e-03,  1.3718e-03,
          1.6149e-03, -1.2525e-03,  6.1802e-04, -9.7751e-05,  1.6533e-04,
         -1.2543e-04,  1.1557e-04,  2.4504e-04,  7.1551e-05,  1.7644e-04,
         -7.5906e-04,  1.0141e-03,  5.1002e-04, -4.8393e-05, -3.6152e-04,
          1.3121e-04, -5.4563e-07, -4.9332e-04, -1.3324e-01,  1.6762e-01,
         -7.4381e-04, -2.4285e-04, -5.4533e-05,  2.3857e-03, -3.6683e-03,
         -1.7320e-04,  1.3058e-03, -1.2947e-01,  2.5397e-05,  1.5086e-05,
          1.9778e-04,  6.7901e-15,  7.6371e-43,  1.3508e-11,  8.5030e-23,
          3.4804e-04, -1.8423e-05, -2.1832e-04, -4.8365e-05, -1.9654e-04,
         -1.6452e-04,  1.0104e-04, -9.5135e-04, -1.2604e-03, -3.3653e-05,
          1.2739e-03, -1.0707e-01,  1.1094e-04],
        [ 2.5221e-04, -1.3242e-04, -1.7352e-05,  2.1786e-04,  7.6127e-06,
          6.8988e-04,  3.3684e-23, -1.1061e-16, -8.8072e-42,  1.6157e-42,
         -9.9396e-05,  1.8062e-03, -3.5745e-03, -6.4216e-04, -2.5198e-04,
         -6.1426e-02,  1.3568e-03,  4.7953e-04, -1.3694e-03, -7.9228e-04,
          1.1144e-03, -1.2423e-03,  3.2775e-03,  2.3412e-04, -8.8667e-04,
          9.8766e-05,  2.9452e-04,  1.7186e-03, -4.0877e-05, -4.0516e-05,
         -1.9252e-04,  9.7766e-05, -2.5165e-04,  8.5053e-04,  4.3445e-04,
         -4.3431e-05, -1.3697e-13, -8.3745e-04, -8.9840e-02, -8.4875e-02,
         -1.5660e-03,  4.3585e-04,  5.2462e-04,  9.6872e-03,  3.8921e-02,
          1.5489e-04, -1.7870e-03, -6.8251e-02, -4.2902e-04, -2.6108e-04,
          6.1627e-04,  1.3739e-14,  2.2512e-15, -3.1465e-40,  2.6988e-41,
          6.0092e-04, -1.0966e-05,  1.6080e-04, -8.7308e-05, -4.9629e-04,
          2.3351e-04,  2.5282e-04,  3.0505e-03, -1.7541e-05,  2.2750e-03,
         -1.3784e-02, -3.0047e-02,  1.2860e-04],
        [-5.2454e-05, -1.0864e-04, -6.7060e-05, -3.9014e-05, -3.7978e-05,
          2.1425e-04,  8.5337e-24, -2.3526e-06,  9.3467e-43,  1.7198e-07,
         -1.3527e-04,  2.3914e-03,  2.5268e-03,  5.3434e-04, -9.5251e-04,
         -5.7069e-02,  8.0861e-04, -7.1628e-04,  5.5669e-04,  1.1106e-03,
         -1.9902e-03,  1.0140e-03,  1.3157e-04, -2.9222e-04, -1.0506e-03,
          4.1158e-05,  2.8590e-04, -5.3644e-04,  1.7344e-04, -3.4570e-04,
          3.4912e-04, -1.4134e-03, -2.9200e-05, -3.3839e-04,  6.5757e-04,
          1.3852e-04,  4.0848e-42, -4.6554e-05,  3.6457e-02, -5.5362e-02,
          7.8030e-04, -8.3839e-04, -8.0746e-04,  1.2443e-03,  1.9922e-02,
         -2.3971e-04, -1.4076e-03,  5.8751e-02,  5.0965e-04, -1.2472e-04,
          6.4735e-05,  9.8202e-18,  1.4246e-22, -2.9315e-42,  2.5924e-43,
          1.0504e-04, -2.6997e-04, -1.5646e-04, -9.4095e-05, -6.0397e-05,
         -3.5457e-04,  4.7386e-05, -7.9613e-04,  9.1011e-04, -2.9003e-03,
         -6.6151e-03, -1.2750e-01,  3.2962e-05],
        [-2.0980e-04, -2.3152e-05, -1.5391e-05, -7.2339e-05,  1.4972e-05,
         -5.2100e-04,  5.2410e-14,  6.5502e-21,  7.5894e-42,  3.8638e-17,
         -1.2977e-04, -1.8163e-04, -1.6606e-03,  2.7951e-04,  5.1241e-04,
          5.4824e-02, -3.7190e-04,  4.5355e-05,  5.6025e-04, -3.8790e-04,
         -1.6145e-03, -1.3334e-03,  3.0834e-04,  7.2730e-05, -7.3209e-04,
          1.8987e-04, -5.8314e-05, -1.2593e-04,  2.0474e-05, -5.6262e-05,
          5.6829e-04,  7.4694e-04,  1.9458e-04,  5.8089e-04, -1.6699e-04,
         -3.1411e-04,  1.7424e-18,  2.3591e-04,  1.1666e-01,  1.6043e-02,
         -6.7714e-04,  4.8210e-04,  2.9216e-04,  2.0816e-03,  2.5415e-03,
          2.4503e-05, -1.9702e-03,  1.3006e-01,  9.9805e-05,  1.0573e-04,
          1.3809e-04, -1.5849e-42,  3.6924e-23,  3.3561e-42, -3.1473e-42,
         -1.2676e-04, -1.2522e-04, -3.0889e-05, -7.1550e-05, -8.7295e-05,
          2.3401e-05,  6.1319e-05,  2.1483e-03, -1.2575e-04, -3.3667e-03,
          1.6641e-03, -2.7264e-01, -1.7451e-04],
        [-1.2047e-05,  1.6751e-04,  3.2245e-05, -2.8616e-05, -1.2281e-05,
         -4.8556e-04,  2.3710e-09, -1.0916e-42,  9.3663e-42,  7.4919e-09,
         -2.6552e-04,  3.5684e-03, -4.1985e-03,  1.6061e-03,  9.8885e-04,
         -7.7853e-02, -2.0068e-03, -2.4082e-04, -1.3517e-03, -1.1315e-03,
         -7.4686e-04,  2.6578e-03,  4.6709e-05, -3.7073e-05,  3.6370e-04,
          9.7514e-04,  3.7903e-04, -8.8484e-04,  1.3591e-05, -3.1482e-04,
          2.2611e-04, -9.6214e-04, -6.5937e-04, -5.6201e-04, -1.8696e-04,
          3.3375e-05, -8.3353e-07, -2.9077e-04,  8.3228e-02, -9.6650e-03,
         -6.3095e-04,  3.8940e-04, -7.7243e-04, -1.8575e-02, -1.7605e-02,
         -1.5198e-04, -5.5876e-03, -5.1774e-02, -3.7539e-05, -9.8509e-05,
          2.1957e-04, -7.0736e-12, -2.3845e-22,  6.8771e-14, -8.8884e-42,
          3.7053e-04, -6.2101e-05,  2.3027e-04,  2.3564e-04,  8.0472e-05,
         -1.9303e-04, -1.1665e-03,  2.6820e-03, -4.9083e-03,  3.2789e-03,
         -8.1593e-03,  1.0393e-02,  8.0406e-05],
        [ 5.8016e-05, -1.0517e-04, -1.8838e-05, -5.3013e-05,  9.4465e-06,
          1.6261e-04,  1.1648e-41, -1.6210e-09,  1.6261e-25,  2.8366e-06,
          1.1366e-04,  1.9954e-04, -9.0298e-04,  3.2501e-04,  2.5774e-04,
          7.4497e-02,  6.1116e-04, -3.7893e-05,  2.0929e-03, -3.2175e-04,
         -1.0703e-03,  2.1355e-04, -1.5135e-03,  2.7076e-04, -1.7926e-04,
          2.1481e-04, -1.4704e-05, -6.3082e-04,  5.5252e-05, -2.4313e-04,
          1.3907e-03,  2.7608e-06, -4.0364e-05,  1.2246e-04,  1.6299e-04,
          4.1696e-04, -4.3084e-13, -2.1429e-04,  2.1502e-02,  1.0344e-01,
          3.3719e-05, -7.9394e-04,  2.6854e-04, -2.1344e-04,  6.5379e-03,
         -3.0976e-05,  2.7718e-03, -5.2821e-02,  2.7490e-04, -1.9544e-04,
         -3.1424e-05, -1.1765e-11, -1.2827e-41, -6.1131e-07, -8.7914e-21,
          3.8170e-05,  1.0685e-04,  2.3208e-05, -9.6540e-05, -3.4252e-05,
         -1.5537e-05, -4.4497e-04,  1.6780e-04, -4.1496e-04,  2.0165e-03,
         -1.6583e-03, -1.8873e-01, -6.7023e-05],
        [-2.1969e-04,  1.5652e-04,  2.3376e-05,  1.8917e-04,  3.1258e-05,
         -5.0051e-04,  3.0140e-18, -2.9427e-42, -9.1098e-42, -7.4107e-19,
         -1.8246e-04,  3.7019e-03,  2.9183e-03,  4.7283e-04,  7.5153e-04,
         -1.9824e-02, -2.9921e-03,  2.6186e-04,  2.6684e-03,  1.9170e-03,
         -3.5963e-03, -1.4955e-03, -7.4661e-04, -1.5458e-04, -6.4570e-04,
         -1.0133e-04, -3.0664e-04,  1.8936e-03, -5.5298e-05, -2.9156e-04,
          3.7972e-04,  1.5091e-03,  7.1929e-05, -4.3561e-04,  3.6840e-04,
         -1.3063e-04, -2.0704e-13, -3.4589e-04, -5.4075e-02, -1.4122e-01,
          1.6797e-04, -9.8851e-04, -3.3526e-04,  1.4270e-03, -3.6415e-02,
          5.5391e-05, -2.0763e-03, -8.1553e-02, -7.4541e-04,  2.4418e-04,
          2.3998e-04, -4.7826e-42, -2.6960e-41,  2.5176e-17,  5.3137e-42,
         -4.7932e-04, -9.2721e-05,  6.6857e-05, -3.9956e-04,  4.9285e-05,
         -2.4854e-04, -1.8756e-03,  9.4579e-04, -1.1763e-03, -2.7273e-03,
          7.0635e-03, -6.9825e-02, -2.3079e-04],
        [-1.3692e-04, -4.5749e-05,  1.0761e-04, -5.6715e-05, -2.2978e-06,
         -3.0134e-04, -1.9876e-17, -6.7442e-18, -6.4547e-09, -4.2638e-25,
         -3.3922e-04,  1.8941e-03,  4.4612e-03,  1.6970e-03, -8.2809e-06,
         -2.2584e-01, -8.8163e-04,  1.2319e-03, -3.4052e-04, -2.6495e-03,
          5.6044e-04,  2.7423e-04,  4.4664e-04,  1.3213e-04,  4.4763e-04,
          1.8435e-04,  2.7864e-04, -4.5539e-04, -1.0756e-05,  3.8980e-04,
          8.8728e-04, -4.4250e-04, -3.6076e-04,  3.6299e-04,  4.3461e-04,
         -6.3352e-04, -1.3340e-15,  1.8300e-04, -1.3903e-01, -1.8851e-02,
         -3.0819e-04, -2.0433e-03,  6.4061e-04, -1.0584e-02, -7.8461e-02,
         -3.0982e-04, -3.3171e-04, -9.6996e-02,  2.3500e-05, -5.5601e-04,
          5.0436e-05, -5.1369e-07,  5.9877e-42, -1.2881e-08,  2.5574e-13,
          2.0521e-04,  2.8725e-04,  1.0457e-04,  6.3921e-04,  3.5812e-04,
          9.2680e-06, -4.3926e-03,  4.6790e-03,  1.3850e-03, -1.7760e-03,
          1.9713e-02,  4.0443e-03,  3.1150e-04]], device='cuda:0')), ('conv1.aggr.t', tensor([1.], device='cuda:0')), ('bn1.weight', tensor([0.7113, 0.7088, 0.6481, 0.6775, 1.0096, 0.6874, 0.6948, 0.7312],
       device='cuda:0')), ('bn1.bias', tensor([ 0.0524,  0.0235,  0.0754,  0.0289,  0.1059,  0.0939,  0.0023, -0.0172],
       device='cuda:0')), ('bn1.running_mean', tensor([-7.2327e+02, -7.6011e+02, -9.7629e+02, -1.4251e+03,  9.2709e-02,
        -1.0542e+03, -1.0491e+03, -8.7367e+02], device='cuda:0')), ('bn1.running_var', tensor([ 6937481.5000,  1018672.1875,  7768051.0000, 34538312.0000,
          499301.1875, 16941162.0000,  2924522.5000,  2454428.2500],
       device='cuda:0')), ('bn1.num_batches_tracked', tensor(47024, device='cuda:0')), ('conv2.bias', tensor([ 5.4062e-06,  7.2446e-06,  1.9769e-06,  6.7762e-07, -5.5327e-07,
        -1.0043e-05,  5.4239e-07,  2.3968e-06,  7.5559e-07, -2.3390e-05,
        -3.8515e-07,  4.8127e-06, -3.1579e-07,  1.6611e-06, -5.3171e-06,
         8.4986e-07], device='cuda:0')), ('conv2.lin.weight', tensor([[-0.1851,  0.1451, -0.3245,  0.1877,  0.1586,  0.1212,  0.1512, -0.0105],
        [ 0.0066,  0.0821,  0.0614,  0.0483,  0.2451, -0.1167, -0.1328,  0.0516],
        [ 0.2228,  0.2464,  0.1841,  0.0027, -0.0578, -0.1001,  0.1635, -0.1766],
        [-0.2738, -0.2527,  0.1904,  0.3269,  0.2343,  0.1226, -0.0823,  0.0675],
        [-0.1353, -0.2297, -0.0501, -0.0240,  0.1669,  0.0191,  0.1157,  0.0705],
        [ 0.0902, -0.0948, -0.0085,  0.3715, -0.1990, -0.1243, -0.0875, -0.0363],
        [ 0.1476, -0.0111, -0.0384,  0.2677, -0.1538, -0.0358, -0.2729,  0.1794],
        [-0.0155,  0.3202, -0.0065, -0.0867, -0.2670,  0.0580, -0.0284,  0.0717],
        [-0.1055,  0.2901,  0.1651,  0.0047,  0.2660, -0.0985, -0.1896, -0.0086],
        [-0.0963,  0.0859, -0.0598, -0.1833, -0.0257, -0.2131, -0.0108, -0.1927],
        [-0.1631, -0.0460,  0.0386, -0.0887,  0.2519, -0.3255,  0.1968,  0.1009],
        [-0.0065, -0.0026,  0.0320, -0.0083, -0.2857,  0.1785, -0.0955, -0.3513],
        [-0.1863,  0.0277, -0.0809,  0.1456,  0.2728, -0.0552,  0.0572, -0.2340],
        [ 0.1262, -0.0301, -0.1308,  0.0910, -0.2348, -0.1341, -0.0083,  0.0568],
        [-0.1024, -0.2419, -0.0212, -0.1970,  0.0150,  0.0380, -0.1577,  0.2526],
        [ 0.3686, -0.2459, -0.1345,  0.1115,  0.1367, -0.0720, -0.0471, -0.2332]],
       device='cuda:0')), ('conv2.aggr.t', tensor([1.], device='cuda:0')), ('bn2.weight', tensor([0.6396, 0.7259, 0.6535, 0.7047, 0.6388, 0.7368, 0.6526, 0.7516, 0.6723,
        0.5762, 0.7593, 0.7472, 0.5587, 0.6614, 0.6144, 0.6453],
       device='cuda:0')), ('bn2.bias', tensor([ 0.1610, -0.6228,  0.3539,  0.4341, -0.0906,  0.1808, -0.0383,  0.3489,
         0.1726,  0.2814, -0.2859, -0.5292,  0.0294, -0.2596,  0.3479,  0.3364],
       device='cuda:0')), ('bn2.running_mean', tensor([ 0.0730,  0.0857,  0.1142,  0.0833, -0.0068, -0.0604, -0.0056, -0.0047,
         0.1155, -0.1585,  0.0108, -0.1508,  0.0133, -0.0944, -0.0967, -0.0189],
       device='cuda:0')), ('bn2.running_var', tensor([0.0278, 0.0392, 0.0249, 0.0713, 0.0275, 0.0305, 0.0252, 0.0631, 0.0563,
        0.0150, 0.0560, 0.0585, 0.0583, 0.0392, 0.0168, 0.0461],
       device='cuda:0')), ('bn2.num_batches_tracked', tensor(47024, device='cuda:0')), ('conv3.bias', tensor([-5.7216e-06, -1.6181e-06,  2.0586e-06, -1.4347e-06,  1.7794e-06,
         2.2787e-09, -6.3799e-07,  3.4712e-06,  5.2083e-07, -3.3810e-07,
         9.7238e-07, -1.4659e-06, -4.9524e-07,  5.2613e-06,  2.2755e-06,
         3.4001e-06,  1.5717e-06,  6.8570e-07, -1.3040e-06,  4.9226e-07,
         1.9099e-06,  2.9868e-06, -4.0406e-07,  2.7395e-06, -5.1534e-07,
        -1.7921e-06,  3.1889e-06, -4.2375e-07, -2.5835e-07,  4.5103e-06,
         1.8299e-06, -9.6218e-07], device='cuda:0')), ('conv3.lin.weight', tensor([[-2.5466e-02, -1.0928e-01, -1.6082e-01, -1.2577e-01, -1.7845e-02,
          1.3520e-01,  1.0590e-04,  3.5629e-02, -1.4689e-01,  3.8512e-02,
         -8.7057e-03, -1.3557e-01,  2.1932e-01, -1.1073e-01, -8.4284e-02,
          1.5440e-01],
        [-7.7674e-02,  1.3460e-01, -1.0879e-01,  4.2669e-02, -1.4956e-02,
         -7.1385e-02, -9.1585e-02,  5.3895e-03,  5.5700e-02,  1.2109e-01,
         -7.0694e-02,  2.1248e-01, -8.1853e-02,  4.4561e-03,  3.3414e-02,
         -1.0871e-02],
        [-1.8238e-01,  2.2599e-01, -1.2611e-01, -1.0661e-01, -9.7218e-02,
         -1.3657e-02, -6.5554e-02, -1.8082e-01, -9.5251e-02, -1.2516e-01,
          1.7814e-01,  1.2081e-01, -3.0267e-03,  1.9221e-01, -8.4127e-02,
         -1.5015e-01],
        [ 7.7052e-02, -2.1705e-01, -6.2988e-02,  1.4504e-01, -2.0031e-01,
          5.4082e-02, -1.8209e-01,  2.1233e-01,  8.1972e-02,  9.4274e-02,
         -2.2147e-01, -2.3844e-01,  1.1329e-01,  6.9094e-03,  1.2546e-01,
          1.2627e-01],
        [ 1.8678e-01, -2.1812e-01,  1.0093e-01,  1.6700e-01,  2.9700e-03,
          2.3350e-02,  2.7190e-02,  1.3348e-01,  9.5165e-02,  8.0852e-02,
         -1.9852e-01, -8.8326e-02,  3.6368e-02, -1.3747e-02,  1.4187e-01,
          1.7635e-01],
        [-1.0781e-01,  4.3567e-02,  9.7475e-02, -7.4900e-02,  3.0901e-02,
          5.7657e-02, -1.9915e-01, -1.9348e-01, -2.5194e-02, -1.6431e-01,
         -5.6004e-02,  1.2233e-02,  1.6098e-01,  1.4172e-01, -1.0793e-01,
         -1.4774e-01],
        [-1.8921e-02,  1.7084e-01, -1.6752e-01, -1.4926e-01,  7.7415e-02,
         -8.5754e-02, -1.4163e-02, -1.0430e-01, -6.7301e-02,  2.6592e-02,
          7.1472e-02,  2.0026e-01,  1.5632e-03,  1.9745e-01, -1.5140e-01,
         -8.6667e-02],
        [-1.8990e-01,  3.5081e-02,  1.3138e-01, -1.5092e-01,  6.1521e-02,
         -1.6209e-02, -1.1525e-01, -7.7350e-02, -1.9885e-02, -1.2493e-01,
          3.3161e-02,  7.9264e-03, -4.1428e-02, -5.6468e-02,  9.9142e-02,
         -4.6939e-02],
        [ 6.9877e-02, -1.2321e-01,  4.1944e-02,  6.8990e-02, -1.0521e-01,
         -2.3922e-02,  2.0929e-02,  2.3717e-02, -2.9328e-02, -1.4988e-01,
          1.5542e-01,  1.0846e-01, -1.2812e-01, -9.0711e-02, -1.2407e-03,
         -4.2335e-02],
        [ 2.1023e-02, -7.6443e-02,  1.1436e-01,  8.9006e-02, -5.3544e-02,
          1.8350e-01, -6.8145e-02, -7.5100e-02,  9.2658e-02, -1.7422e-01,
          5.5100e-02,  1.3113e-01,  5.6448e-02, -4.2845e-02,  1.1365e-01,
          1.1910e-03],
        [ 1.2130e-01,  5.5150e-02, -4.0922e-02,  1.3308e-01,  1.4946e-01,
         -1.7535e-01,  1.4677e-01, -1.9489e-02,  2.3795e-02, -1.4162e-01,
          1.7437e-01,  2.0598e-01, -1.6835e-01,  2.7649e-01, -2.2271e-01,
         -1.0938e-01],
        [-5.1386e-02, -2.1064e-01,  2.7206e-02,  8.5751e-02,  5.3525e-02,
         -1.5817e-01, -5.0765e-02, -5.9687e-02,  5.3022e-02,  1.5607e-01,
         -3.1644e-02,  1.2716e-01, -7.8318e-02, -6.9576e-02, -4.9809e-02,
          9.3062e-02],
        [-1.6985e-02, -4.3854e-02,  1.2407e-01, -3.2808e-02,  1.6435e-02,
         -4.8575e-03, -1.5993e-01, -1.3843e-01, -1.2343e-01, -3.1854e-02,
          7.9797e-02,  2.5525e-03, -2.5459e-02, -2.4527e-02,  1.2126e-01,
         -7.9678e-02],
        [-1.1117e-01, -1.9162e-01,  1.1610e-01,  1.9463e-01, -7.2025e-02,
          1.0474e-01, -6.9788e-02,  1.6612e-02,  1.0059e-01,  1.0631e-01,
          4.4518e-02, -1.8549e-02, -6.9793e-02, -5.9188e-02,  9.6440e-02,
          9.5570e-02],
        [-3.3960e-02,  1.9056e-01, -1.4813e-01, -1.1371e-01,  2.3521e-02,
         -2.6907e-02, -7.1474e-02,  1.8137e-02,  1.1355e-01, -1.5027e-01,
         -3.4981e-02,  2.5281e-01,  6.8596e-02,  5.5976e-02, -1.6132e-01,
         -6.9106e-02],
        [-2.5639e-02,  1.3318e-01, -8.9175e-02, -2.0043e-01,  7.4569e-03,
         -1.2536e-01, -8.2631e-02, -1.0880e-01, -1.0675e-01, -1.1964e-01,
          8.1111e-02,  1.8662e-01, -1.1497e-01,  3.2211e-02, -4.0052e-03,
          2.6693e-02],
        [-1.0769e-01,  1.1900e-02,  3.5709e-02,  7.8112e-02,  2.4620e-02,
          1.3701e-01, -1.3633e-01,  1.2766e-01,  8.9746e-02, -4.3594e-03,
          5.5074e-02,  2.7318e-02,  1.2933e-01, -6.2829e-02, -2.8947e-02,
          1.6354e-02],
        [-4.0189e-02,  4.0875e-02, -1.4922e-02,  8.8596e-02, -1.9229e-02,
         -1.7400e-01, -3.2673e-03,  2.5208e-01,  1.7092e-01, -5.7104e-02,
         -2.0954e-02,  1.1851e-01, -1.1637e-01, -8.1843e-02, -3.4470e-02,
          1.8542e-01],
        [ 5.5867e-02,  1.2678e-01, -7.1559e-02, -8.7629e-02, -5.4694e-02,
          6.4250e-02,  1.2068e-01, -2.3181e-02, -6.1319e-02,  4.9235e-02,
          6.3674e-02, -1.7850e-01,  5.2828e-02,  1.2477e-01, -1.3321e-01,
         -6.2413e-02],
        [-1.1993e-01,  1.5391e-01, -2.2906e-02, -7.4457e-02, -9.8555e-02,
         -1.0099e-01,  7.8190e-02,  6.3193e-02, -2.9894e-02,  5.5989e-02,
         -1.2050e-01,  1.0134e-01,  1.1821e-01, -1.9001e-01, -1.8494e-03,
          8.8429e-02],
        [ 1.3890e-01, -2.1307e-01,  7.7038e-02,  1.0724e-01,  3.0016e-02,
         -3.9046e-02, -2.9730e-02, -6.8498e-02, -1.7799e-01,  1.4314e-02,
         -6.2279e-02, -6.7985e-02,  2.0399e-02, -1.0690e-01, -5.7522e-02,
          1.2338e-02],
        [ 3.8157e-02,  1.1262e-01, -1.3530e-01, -3.5699e-02, -1.2538e-01,
         -1.7227e-01,  4.8520e-02, -4.4805e-02,  1.6140e-01, -2.1550e-02,
         -1.5025e-01,  8.0866e-02,  7.9927e-03,  1.0688e-01,  6.2209e-02,
         -7.3033e-02],
        [ 3.2869e-02,  1.8825e-01, -8.2807e-02, -1.5825e-01, -4.0894e-03,
         -1.4994e-01,  2.8810e-02, -4.6737e-02, -8.1841e-02,  4.2516e-02,
         -3.2150e-02,  3.0852e-02,  3.5681e-02,  5.5608e-02, -8.0228e-02,
          5.4170e-02],
        [ 5.3440e-02, -8.2989e-02,  1.1266e-01,  1.0643e-01,  1.2483e-01,
          5.3806e-03,  1.9944e-01, -1.2081e-01,  5.7209e-02,  9.4486e-02,
          4.5525e-02,  6.5798e-02, -1.1459e-02, -3.5662e-02, -1.4352e-02,
          7.2314e-02],
        [-1.5313e-02,  9.7894e-02,  1.7476e-01,  4.2097e-02,  5.9346e-02,
         -1.1915e-02,  1.0480e-01,  6.3615e-02,  3.5918e-02,  1.2128e-01,
         -1.7633e-01, -8.3925e-02,  7.2490e-02,  5.6641e-02,  1.9579e-02,
          9.8927e-02],
        [-1.0896e-02, -1.5314e-01,  1.2217e-01,  2.1748e-01, -1.0395e-01,
         -2.5345e-02,  3.3905e-03,  7.2485e-02,  1.0740e-01,  8.8354e-02,
         -9.4520e-02, -2.5544e-01, -1.2053e-01,  6.8170e-03,  1.8100e-01,
          4.9088e-02],
        [ 1.0309e-01, -1.4694e-01,  7.8102e-02, -4.2822e-02, -8.9340e-02,
         -1.0906e-01, -1.4911e-01,  1.9901e-02, -9.0509e-02, -1.9633e-02,
         -1.4634e-01, -6.4771e-02,  1.1498e-01, -9.5817e-03,  1.1888e-01,
          1.0818e-02],
        [-2.3738e-01, -9.2670e-02, -1.3985e-01,  1.6407e-01,  1.1117e-02,
          2.5098e-02,  6.2215e-02,  7.5209e-02,  8.9740e-02,  2.6027e-02,
          1.0960e-01,  2.9030e-02,  1.9609e-02, -5.4187e-02, -1.5696e-01,
         -1.0505e-01],
        [-1.2187e-01,  7.4141e-02, -1.2275e-01, -8.0018e-02, -3.9815e-03,
          3.9710e-02,  2.7783e-02, -4.4430e-02,  7.0112e-02, -1.3196e-01,
         -1.1267e-01,  7.9895e-02,  4.6418e-02, -1.4239e-01,  2.3604e-02,
         -6.0541e-02],
        [ 9.7148e-02, -4.3177e-03, -1.5305e-01, -1.1442e-01, -4.2496e-02,
         -1.6945e-03,  9.1609e-02, -1.1520e-01, -7.6256e-02, -4.9017e-02,
          1.9675e-04,  1.1347e-02,  8.6688e-02,  4.7971e-02,  4.0301e-02,
         -6.6107e-03],
        [ 1.1750e-01,  1.4613e-01, -8.7494e-02,  1.2624e-01, -1.7234e-01,
         -7.9378e-02,  2.0219e-02, -1.4242e-01, -1.5474e-01,  2.3620e-02,
          9.3917e-03,  2.4614e-01,  4.0331e-02,  7.2516e-03, -3.0136e-02,
         -1.3729e-01],
        [ 2.3203e-02,  1.1644e-01,  1.5352e-01,  1.6826e-01, -2.8119e-02,
         -1.1406e-01, -3.2913e-02, -8.1355e-02, -9.8196e-02, -1.1288e-01,
         -1.3124e-01, -3.7338e-02, -1.5301e-01,  2.0615e-02,  1.3246e-01,
         -1.3282e-01]], device='cuda:0')), ('bn3.weight', tensor([1., 1., 1., 1., 1., 1., 1., 1., 1., 1., 1., 1., 1., 1., 1., 1., 1., 1.,
        1., 1., 1., 1., 1., 1., 1., 1., 1., 1., 1., 1., 1., 1.],
       device='cuda:0')), ('bn3.bias', tensor([0., 0., 0., 0., 0., 0., 0., 0., 0., 0., 0., 0., 0., 0., 0., 0., 0., 0., 0., 0., 0., 0., 0., 0.,
        0., 0., 0., 0., 0., 0., 0., 0.], device='cuda:0')), ('bn3.running_mean', tensor([0., 0., 0., 0., 0., 0., 0., 0., 0., 0., 0., 0., 0., 0., 0., 0., 0., 0., 0., 0., 0., 0., 0., 0.,
        0., 0., 0., 0., 0., 0., 0., 0.], device='cuda:0')), ('bn3.running_var', tensor([1., 1., 1., 1., 1., 1., 1., 1., 1., 1., 1., 1., 1., 1., 1., 1., 1., 1.,
        1., 1., 1., 1., 1., 1., 1., 1., 1., 1., 1., 1., 1., 1.],
       device='cuda:0')), ('bn3.num_batches_tracked', tensor(0, device='cuda:0'))])