OrderedDict([('conv1.bias', tensor([-4.7542e-07,  7.1366e-09, -2.6686e-07, -5.4328e-08, -1.4039e-08,
        -3.1646e-08,  6.8564e-06, -2.3752e-09], device='cuda:0')), ('conv1.lin.weight', tensor([[ 6.1268e-05,  1.8665e-04,  7.2050e-05,  1.7594e-04, -6.9556e-05,
          2.5732e-05, -2.0874e-09,  8.1320e-30, -2.8686e-41, -3.3771e-42,
         -2.3639e-04,  1.1124e-03, -3.9526e-03, -7.6594e-04, -2.7667e-04,
         -9.2901e-02, -1.9419e-03,  1.4730e-04, -8.4276e-04, -7.3307e-04,
          7.0516e-04, -1.1882e-03,  1.6463e-03, -6.9653e-06,  1.9961e-04,
          1.7606e-04,  1.5632e-05, -9.1106e-04,  1.1105e-04, -7.4949e-06,
         -2.2108e-04, -8.2093e-04, -1.8820e-04, -3.9367e-04, -3.1848e-04,
         -1.2138e-04,  1.5232e-42,  8.1737e-04, -1.1454e-01, -1.2069e-01,
          1.1261e-03,  3.9159e-04, -1.5178e-03, -3.5461e-03, -2.0945e-03,
         -1.9721e-04,  7.4203e-04, -2.1362e-02,  1.0723e-03, -2.3001e-04,
          9.5380e-04,  1.4387e-12, -1.1129e-05,  5.5832e-08,  4.6733e-42,
         -3.5396e-05, -7.6220e-07,  6.5704e-05, -8.3318e-05, -6.2546e-04,
          1.0101e-04, -1.1235e-03, -1.3256e-03,  3.4555e-03, -2.4567e-03,
          1.6509e-03, -1.0184e-01, -2.3301e-04],
        [ 1.6306e-05,  8.1985e-05, -1.1728e-05, -1.1522e-05, -2.4183e-05,
          2.5214e-04,  3.5220e-13, -1.0527e-17, -2.8530e-42,  1.5216e-15,
         -5.5675e-05, -1.3805e-03, -1.4781e-03, -2.2496e-05,  1.5359e-04,
          1.1999e-01,  9.4428e-04,  6.3389e-04,  7.9878e-04,  6.1015e-04,
          2.2263e-03,  5.3293e-04,  9.7560e-05, -5.6286e-05, -3.7403e-04,
         -4.3185e-05,  5.9731e-05,  2.8702e-04,  3.2639e-05,  2.9293e-04,
         -6.2308e-05, -2.8597e-04,  6.4413e-05,  4.0751e-04, -1.1004e-04,
         -2.7470e-04, -9.6900e-42,  4.6955e-06, -6.9787e-02, -8.7155e-02,
          4.9226e-04,  4.1769e-04,  8.3744e-04, -7.8426e-04,  5.2795e-03,
         -2.2690e-04, -1.1190e-03,  1.3132e-01,  3.2571e-04,  1.9132e-04,
          1.5807e-04, -8.6077e-19,  1.4770e-10,  4.6155e-12, -3.7887e-19,
          1.6720e-04, -6.9042e-05,  1.6517e-05, -2.0968e-04, -1.6574e-04,
          6.5248e-05,  9.2515e-04,  7.6890e-04, -2.9461e-03, -1.2559e-04,
          1.7782e-03, -1.9923e-01,  8.3622e-05],
        [ 4.1795e-05,  6.1328e-05,  5.7238e-05, -7.0311e-06,  6.0676e-05,
          4.8778e-04, -1.5041e-08,  9.7895e-42,  3.4360e-42, -1.6482e-09,
          3.5236e-06,  1.4194e-03,  3.5929e-03,  1.5232e-03, -3.6764e-04,
         -1.6408e-01,  1.9141e-03, -1.0919e-03,  1.1028e-03,  3.8573e-04,
         -2.1155e-03,  2.9658e-03,  1.3255e-03, -2.2338e-04, -1.4624e-04,
         -8.9081e-04, -3.3599e-05,  9.9576e-04, -1.0809e-04,  5.6919e-04,
          5.1235e-04,  2.8721e-03, -1.0783e-04,  1.0906e-04,  1.5193e-04,
          7.9275e-04,  4.7784e-43, -3.1800e-04, -1.1017e-02,  3.1563e-02,
         -9.2743e-06, -1.6827e-03, -9.2475e-05,  5.2315e-03,  3.5935e-02,
         -5.3877e-05,  4.7193e-03, -7.0390e-02,  1.6924e-04,  9.0179e-04,
          6.1044e-04,  3.8680e-18, -1.7136e-07, -9.1939e-42,  7.7758e-07,
          3.8880e-04,  2.1216e-04, -1.5722e-04,  2.6469e-04, -8.0465e-05,
         -5.3327e-05, -2.8066e-03, -5.3450e-03, -1.4414e-03,  3.0487e-03,
          2.9861e-04, -1.0367e-01, -1.4121e-04],
        [ 2.6668e-04, -2.0165e-05, -8.2920e-05,  6.2511e-05, -3.1547e-05,
          1.6337e-04, -3.6532e-15, -7.3939e-16, -2.9553e-42, -6.1477e-06,
         -5.3920e-05,  6.7648e-04,  9.1733e-04,  7.6608e-04, -7.6916e-06,
         -8.5046e-02, -5.3564e-04,  4.6939e-04, -9.0650e-05, -6.3239e-04,
         -4.1922e-03,  1.9121e-04, -1.0509e-03,  1.4836e-04,  1.8318e-05,
          1.0796e-04,  2.2070e-04,  6.0472e-04, -4.6427e-05, -1.1862e-04,
          8.2247e-04, -7.4444e-04,  1.2245e-04, -1.0803e-03, -5.1131e-05,
          1.6658e-04,  1.9039e-15,  5.8965e-04,  4.2105e-02, -1.6234e-01,
         -7.4209e-04, -7.3494e-04, -3.6942e-04, -8.7298e-04, -2.2806e-03,
          5.1026e-04,  7.6361e-04, -8.6865e-02,  5.5792e-04,  5.0120e-04,
         -7.5363e-05, -7.1607e-12,  2.5818e-12,  3.7695e-43,  3.4441e-34,
          3.4637e-04, -5.4386e-05,  7.7581e-05, -1.5102e-04,  3.1322e-04,
          3.9608e-04, -1.5503e-03,  8.7818e-04,  3.5754e-03, -6.9006e-04,
         -6.5716e-03, -8.1291e-02,  1.7101e-04],
        [ 8.3571e-05, -1.8269e-04,  1.8125e-05, -6.3322e-05, -9.9644e-06,
         -1.8234e-04, -1.0583e-21, -3.2789e-08, -4.6859e-42, -3.6560e-42,
         -1.5444e-04, -1.5624e-03,  3.0272e-04,  7.5270e-04, -5.1256e-04,
          8.5005e-02,  9.2993e-04, -1.6101e-03,  3.5558e-04, -3.9021e-04,
         -1.2564e-04, -4.6562e-05,  5.9142e-04,  6.3926e-05, -4.8710e-04,
          2.0849e-04,  3.4744e-05,  1.8978e-04, -4.2490e-05,  2.7424e-05,
          6.6186e-04, -1.6873e-03, -4.0676e-04,  2.5448e-04, -1.1003e-04,
          1.2637e-04, -6.5104e-42,  2.4006e-04,  1.3014e-01,  1.3358e-01,
         -3.1870e-04,  4.8882e-04, -1.5476e-04, -9.3976e-03, -6.7635e-03,
         -2.2300e-04,  7.0578e-04,  1.4530e-01,  7.7013e-05, -5.5682e-05,
         -1.0118e-04, -4.1556e-08, -1.3018e-13,  5.9639e-42,  9.5659e-23,
          5.4518e-05, -3.6989e-04, -2.1000e-05,  1.8447e-04, -2.1579e-04,
          2.6218e-05, -1.4151e-03,  2.6178e-05,  1.6977e-03, -2.5866e-03,
         -1.8684e-03, -9.2814e-02, -9.3736e-05],
        [ 8.7190e-05,  2.9008e-05, -2.4220e-05, -1.1383e-06, -2.7603e-06,
         -1.5778e-05, -4.1100e-42,  3.0802e-15,  5.1035e-42,  3.2472e-08,
         -1.5555e-05,  9.9196e-04, -5.3416e-04,  3.8937e-05, -3.0423e-04,
          1.3800e-01,  9.6904e-04,  8.0523e-05,  7.4648e-04, -5.3705e-05,
         -1.9857e-04,  3.3499e-04, -9.2010e-05,  6.8878e-05, -2.2736e-04,
         -6.3639e-06, -7.4404e-05,  6.9544e-06,  2.2826e-06, -6.7670e-06,
          2.6811e-04, -1.7192e-04,  2.5542e-04,  9.1261e-05,  4.7173e-05,
          7.0973e-06, -9.3200e-42,  8.1182e-05,  1.1177e-01,  4.5630e-02,
          5.1144e-04, -4.4523e-06, -1.1447e-04,  2.3802e-05, -1.3641e-03,
         -3.4094e-05,  7.0934e-06, -1.0037e-01,  3.8238e-04, -1.9509e-04,
          6.0947e-05, -8.4442e-42, -6.8705e-12, -2.0100e-07,  4.0754e-21,
         -7.1375e-05, -3.7086e-06, -3.0773e-05, -7.1706e-05, -1.7304e-04,
         -3.7206e-05, -1.3015e-03, -5.5649e-04, -3.0629e-04,  7.9311e-04,
          2.0224e-04,  1.5076e-01, -1.0303e-04],
        [-5.8346e-07, -2.1157e-04, -8.2812e-06, -1.3932e-04, -3.7177e-05,
         -1.7383e-04, -1.9422e-42,  3.2508e-27,  5.8154e-43, -4.8905e-42,
         -1.0702e-04, -1.5801e-03, -4.1790e-03, -4.1431e-04, -8.7170e-05,
         -8.8151e-02,  9.9640e-05,  9.1078e-04,  4.5262e-04, -6.6120e-04,
          3.0375e-04, -2.0542e-03,  7.3962e-04,  3.4771e-04, -2.3333e-04,
          3.4897e-05, -3.2973e-04,  4.3404e-04,  7.7492e-05, -2.2177e-04,
          5.0738e-04,  8.3258e-04,  3.5571e-07,  2.1676e-05,  2.0212e-04,
          1.7231e-04,  4.2978e-42, -6.1183e-04, -7.9937e-02,  6.7118e-02,
          2.3616e-04,  3.7630e-04, -1.3829e-03,  5.5924e-03, -2.7601e-03,
         -5.4815e-05, -4.2356e-04, -1.0167e-01, -1.4104e-03, -1.5084e-05,
          4.8888e-05,  4.5451e-08, -7.7705e-11, -2.4435e-20, -2.6541e-42,
          2.1450e-04,  2.1252e-05,  1.3552e-04,  1.4337e-04,  8.3974e-05,
         -6.7856e-05,  8.5979e-04,  4.0432e-03,  1.9180e-03, -1.0059e-03,
          6.5756e-04, -1.4047e-01, -1.1340e-04],
        [-2.0472e-04,  1.9033e-04,  1.2669e-04, -7.6221e-05,  6.9929e-06,
         -1.5784e-04, -1.9935e-10, -2.2419e-15,  1.3448e-20, -4.6159e-42,
         -2.4921e-04, -1.0922e-03, -2.8404e-03,  6.3165e-04, -3.0704e-04,
         -7.4367e-02,  6.1552e-04, -3.3552e-04,  1.2741e-03, -1.6529e-04,
         -1.2996e-03,  6.7042e-04,  5.7352e-04, -1.1221e-04, -2.3559e-04,
          1.8755e-04, -2.0077e-05, -4.5596e-04, -8.3476e-05, -5.1172e-04,
         -1.3401e-03, -1.1273e-03, -1.8315e-04, -2.1927e-04, -4.5110e-05,
          5.5275e-04, -8.4363e-29, -3.4823e-05, -1.7643e-01, -1.2140e-01,
         -2.9167e-04, -1.1905e-03, -6.5825e-04, -5.8407e-03, -7.1853e-03,
         -1.4079e-05, -1.4759e-03, -1.2439e-02,  2.3742e-04, -1.7256e-04,
         -1.2432e-05,  7.6607e-12,  5.1211e-15, -2.3665e-28, -2.4747e-42,
         -4.4314e-05, -3.3137e-04,  9.5529e-05, -1.0388e-04,  1.1744e-04,
         -6.8896e-05,  2.4618e-03, -2.1553e-03, -3.0905e-03,  1.3791e-03,
          1.4370e-03, -1.0859e-01,  7.7815e-06]], device='cuda:0')), ('conv1.aggr.t', tensor([1.], device='cuda:0')), ('bn1.weight', tensor([0.6424, 0.7286, 0.7265, 0.6847, 0.8442, 0.7866, 0.6765, 0.6806],
       device='cuda:0')), ('bn1.bias', tensor([ 0.0594,  0.1198, -0.0161,  0.0818,  0.0427, -0.0133,  0.1159,  0.0509],
       device='cuda:0')), ('bn1.running_mean', tensor([-1396.1864, -1321.2032, -1080.7627, -1086.0094,   221.7848,  1505.1659,
        -1333.8113, -1529.3934], device='cuda:0')), ('bn1.running_var', tensor([ 4570178.0000, 14555102.0000,  5136401.0000,  3366214.5000,
         4158757.7500,  9163448.0000,  8083268.5000,  5299258.0000],
       device='cuda:0')), ('bn1.num_batches_tracked', tensor(47024, device='cuda:0')), ('conv2.bias', tensor([ 4.6940e-07,  2.0035e-06,  4.9045e-06, -3.8690e-06,  4.3957e-06,
         1.6538e-06, -3.3582e-06,  2.2095e-06,  3.0716e-06, -6.5033e-06,
         6.3891e-06, -8.2459e-07,  1.1031e-05, -5.7078e-06, -3.4350e-06,
        -8.5138e-07], device='cuda:0')), ('conv2.lin.weight', tensor([[ 0.0554,  0.1673,  0.0698,  0.1012,  0.3242, -0.1365, -0.0452, -0.0666],
        [-0.2146, -0.1368,  0.2796,  0.0633, -0.1327, -0.0918,  0.0565,  0.2203],
        [-0.1077, -0.1321,  0.1257,  0.2572, -0.2793, -0.0151, -0.0311,  0.1639],
        [-0.2873, -0.0273,  0.2212, -0.0323,  0.1115,  0.0408, -0.1721,  0.1417],
        [ 0.1128, -0.1228,  0.2428,  0.0949, -0.2466, -0.2105,  0.0108, -0.1827],
        [-0.0931, -0.1493,  0.0293,  0.0810, -0.2803, -0.1215,  0.2191, -0.1302],
        [ 0.0865,  0.1870,  0.1345,  0.1278, -0.1783, -0.2558,  0.0352, -0.0330],
        [ 0.0097, -0.0287,  0.1366, -0.0198,  0.2557,  0.1958, -0.0930,  0.0863],
        [-0.1932,  0.3017,  0.1849,  0.2692,  0.2083,  0.2946, -0.0178, -0.0030],
        [ 0.2166,  0.1347,  0.0279, -0.2095,  0.0381, -0.0310, -0.2927, -0.1657],
        [ 0.3981,  0.1055,  0.0338, -0.2145,  0.1023,  0.1556, -0.0058,  0.0714],
        [-0.1438,  0.1371, -0.0850, -0.0346, -0.3126, -0.1387, -0.0348,  0.1503],
        [ 0.2605,  0.2321, -0.0759, -0.0085,  0.0451,  0.0262, -0.1942,  0.1274],
        [ 0.1983,  0.0742, -0.2280,  0.1058,  0.2312,  0.1877, -0.2620,  0.0638],
        [ 0.0338,  0.2123,  0.0332, -0.1261, -0.3038, -0.0998,  0.0375,  0.0243],
        [-0.0497,  0.1827,  0.0666,  0.0873,  0.3273,  0.2337,  0.1644, -0.1027]],
       device='cuda:0')), ('conv2.aggr.t', tensor([1.], device='cuda:0')), ('bn2.weight', tensor([0.6196, 0.7236, 0.7107, 0.6741, 0.7985, 0.6441, 0.6659, 0.6426, 0.6896,
        0.6094, 0.6305, 0.6922, 0.6793, 0.7278, 0.6890, 0.6918],
       device='cuda:0')), ('bn2.bias', tensor([-0.1711,  0.5754, -0.3136, -0.0229, -0.2565,  0.3933,  0.0575, -0.3967,
        -0.0068,  0.2048, -0.1541, -0.4293,  0.0458,  0.5085,  0.2847,  0.1384],
       device='cuda:0')), ('bn2.running_mean', tensor([ 0.1316, -0.0042, -0.0155, -0.0111, -0.0955, -0.1169,  0.0277,  0.1326,
         0.2822, -0.0817,  0.1575, -0.1152,  0.1090,  0.1047, -0.0502,  0.2500],
       device='cuda:0')), ('bn2.running_var', tensor([0.0469, 0.0228, 0.0328, 0.0143, 0.0458, 0.0319, 0.0602, 0.0325, 0.0655,
        0.0169, 0.0254, 0.0330, 0.0165, 0.0393, 0.0295, 0.0555],
       device='cuda:0')), ('bn2.num_batches_tracked', tensor(47024, device='cuda:0')), ('conv3.bias', tensor([ 5.2692e-06,  1.2774e-06, -1.0533e-06,  9.8008e-07, -8.5108e-07,
         2.5314e-06,  1.7324e-06,  4.5661e-06,  3.5713e-06, -9.9545e-07,
        -2.1004e-06, -2.8943e-06,  9.7568e-07, -1.1969e-06,  1.1546e-06,
         6.1743e-08,  4.8713e-07, -1.0673e-06, -4.5535e-07, -2.9414e-06,
        -1.3297e-06, -3.1807e-07,  9.1079e-07,  3.4836e-06, -2.5137e-06,
         1.7305e-06,  9.2921e-08, -6.5541e-07, -2.6797e-06, -2.3970e-06,
        -1.8141e-06, -2.9767e-08], device='cuda:0')), ('conv3.lin.weight', tensor([[-1.6483e-01,  1.0612e-01,  4.1057e-02,  9.1350e-02, -1.0132e-01,
         -2.0863e-02, -5.5440e-02, -7.1421e-02, -1.4516e-01,  2.5413e-02,
         -1.6724e-01, -6.0364e-02,  1.0800e-01,  7.7516e-02,  1.4666e-01,
          1.1171e-01],
        [-2.3166e-02, -2.6442e-01,  5.1498e-02,  1.3907e-01,  5.0027e-02,
         -9.4393e-02,  1.2543e-01,  5.9437e-03, -2.0468e-02, -1.2776e-01,
          1.2900e-01,  1.4627e-01, -1.5500e-01, -2.0464e-01, -8.8206e-02,
          9.0983e-03],
        [ 7.9882e-02, -7.1963e-02, -3.2286e-03, -7.4568e-02,  2.2960e-01,
          5.9572e-03, -1.4644e-01, -2.2280e-02,  7.7571e-02, -1.4413e-01,
          1.2644e-01,  2.7341e-02, -1.8239e-02,  1.5145e-01,  1.1727e-01,
         -8.6781e-02],
        [-5.0978e-03,  1.8710e-01, -4.7745e-02, -1.1840e-01, -1.6442e-01,
          1.8011e-01, -8.8039e-02,  5.8351e-02,  1.4537e-01,  9.0753e-03,
         -5.8161e-02, -9.0618e-02,  1.3986e-01, -1.6576e-01,  2.3626e-02,
          1.1799e-01],
        [ 7.9601e-02,  1.5745e-01,  1.3479e-02,  5.4259e-02, -1.6667e-01,
         -4.2207e-02, -3.3102e-02, -1.0250e-01, -5.2859e-02, -1.3543e-01,
          1.7301e-01, -1.0404e-01, -1.3493e-01,  5.9271e-02,  8.6260e-02,
         -1.5604e-01],
        [-1.2040e-01,  6.3741e-02, -1.4344e-01, -7.5428e-02, -1.0137e-02,
         -5.0584e-02,  1.3045e-01, -1.2818e-01, -1.6854e-01, -2.3860e-02,
         -1.0783e-01, -1.3707e-01, -5.6766e-02,  2.1082e-01, -8.3526e-02,
          2.6425e-02],
        [-4.3229e-02, -5.2143e-02,  5.0735e-02, -1.0033e-01,  4.5104e-03,
          4.9752e-02, -2.0511e-02,  3.3830e-02,  7.2042e-02,  1.6825e-01,
          1.3320e-01,  2.4314e-03, -1.5911e-01, -1.5330e-01, -8.3217e-02,
          1.6493e-02],
        [-1.1004e-02, -1.9467e-01,  7.9974e-02,  4.5993e-02,  4.0002e-02,
         -1.6712e-01,  7.3176e-02,  1.8028e-01, -7.1443e-02,  6.8628e-02,
         -5.1863e-02,  1.9835e-01, -1.5711e-01, -2.0463e-01,  7.7107e-02,
          1.9388e-01],
        [-1.1553e-01,  1.5950e-02, -4.9136e-02,  2.9243e-02,  1.3325e-01,
         -1.2179e-01,  8.7521e-02,  7.8448e-03,  1.6289e-01, -3.1993e-03,
         -1.2102e-01, -1.9055e-01,  1.6959e-01, -1.3726e-01,  1.2142e-01,
          1.5151e-01],
        [-5.0777e-02,  1.7062e-01, -3.9650e-02,  9.9084e-02,  7.9284e-02,
          1.9543e-01, -6.4528e-02, -1.4107e-01,  1.1416e-01,  1.8889e-01,
          8.2646e-03, -1.0649e-01,  5.7229e-02,  1.4531e-01,  1.6977e-01,
          1.1101e-01],
        [ 2.4270e-02, -1.5178e-03, -7.5697e-02, -6.7418e-02, -8.6922e-02,
         -5.8226e-02, -1.0206e-01,  1.3410e-03, -5.9356e-02, -3.6924e-02,
          5.9242e-02,  1.2585e-01,  9.8763e-02, -2.9872e-02,  7.3158e-03,
         -4.0219e-02],
        [ 7.4433e-02, -1.4192e-01,  1.2311e-01,  9.7482e-02,  6.2179e-03,
          6.3363e-02, -1.3133e-02, -1.2486e-01, -5.1483e-02, -1.1618e-01,
         -1.2752e-01, -8.7583e-02,  8.6280e-02, -5.6159e-02,  6.0577e-02,
          7.3646e-02],
        [ 9.7051e-02, -1.1536e-01,  1.2145e-01,  6.3891e-02, -2.9519e-02,
         -1.2825e-01, -4.5108e-02,  1.2989e-01,  1.2580e-01, -4.7071e-02,
          4.2351e-02,  1.7668e-01, -1.6664e-02, -2.0328e-01, -8.3400e-02,
         -1.0830e-01],
        [-1.2778e-01, -7.9991e-02, -8.7750e-02,  1.7417e-03, -1.5468e-01,
          1.9095e-01,  1.0604e-01,  1.4174e-03, -1.0437e-01,  6.8358e-02,
         -2.5243e-01,  7.0585e-03,  4.3495e-03,  1.2666e-01,  1.5873e-01,
          1.7985e-01],
        [-9.2099e-02,  1.5489e-01, -1.3773e-01,  4.5569e-02, -6.2646e-02,
         -1.1653e-01,  1.4163e-01,  6.5826e-02, -1.3490e-01, -9.3706e-02,
         -3.5362e-02, -9.2036e-02,  1.3297e-01, -1.5625e-01,  8.0554e-02,
          1.3476e-01],
        [-4.2915e-02, -1.1256e-01,  1.5127e-01,  1.8232e-01,  1.4275e-01,
         -9.1216e-02,  2.2216e-02, -9.4266e-03,  1.0079e-02,  8.9332e-02,
         -1.2543e-01, -7.4969e-02,  1.5895e-02,  1.1003e-01,  4.4251e-02,
         -6.0053e-02],
        [-1.0641e-01,  3.8241e-02,  1.3306e-02,  1.8453e-01,  1.1005e-01,
         -1.7219e-01,  1.3420e-01,  4.6990e-02,  4.0648e-02,  8.5742e-02,
          9.3441e-02, -5.3285e-02,  2.5284e-02, -1.5764e-01, -8.8220e-02,
         -9.9262e-02],
        [-4.7684e-02,  1.9230e-01, -6.0039e-02,  3.2586e-02,  5.4195e-02,
          1.8388e-01, -9.2157e-02, -1.7201e-01,  6.2374e-02,  1.2673e-01,
          5.2578e-02, -1.4444e-01, -5.9902e-02,  1.4799e-01,  1.9376e-01,
          1.3475e-01],
        [-3.4153e-02,  1.2341e-01,  5.5860e-02, -7.3486e-02, -7.4703e-02,
         -1.5463e-01, -1.6686e-01,  1.1379e-01, -2.2404e-01,  3.9400e-02,
         -1.9053e-02,  1.0988e-01, -1.0284e-01,  1.5021e-01,  1.5897e-01,
          1.0901e-01],
        [-6.3097e-02,  1.0655e-01, -3.0366e-02,  1.5927e-01,  9.7309e-02,
          9.2105e-02,  1.5706e-01,  5.6967e-03,  1.0206e-01,  1.9556e-01,
          6.0942e-02, -1.1865e-01, -1.2681e-01,  8.2482e-02,  1.7465e-01,
          1.2275e-01],
        [ 5.2890e-02,  7.6638e-02,  2.2950e-02, -7.1501e-02,  2.7973e-01,
          1.4947e-01, -6.6279e-02,  8.7456e-02,  1.2364e-01,  4.1844e-02,
          1.6054e-01,  1.1063e-02, -2.8207e-02,  1.4990e-01, -6.1128e-02,
          8.1856e-02],
        [-1.3372e-01, -5.1573e-02, -1.9134e-01, -2.4804e-04,  1.4856e-01,
         -1.5938e-01,  8.7468e-02, -1.2796e-01,  1.5113e-01, -8.0797e-02,
         -6.7679e-02,  1.0793e-01,  1.8569e-02,  1.2910e-01, -1.4103e-02,
          8.0507e-02],
        [ 2.1533e-02,  1.0528e-01,  1.5486e-01,  2.7096e-02,  1.0305e-01,
         -1.7478e-01,  2.6599e-02,  3.6099e-02, -4.9397e-02,  6.3183e-02,
          6.9864e-02, -5.7585e-02,  3.8216e-02,  2.1500e-02, -7.4868e-02,
         -9.7124e-02],
        [ 1.1162e-01, -7.5363e-02,  2.2288e-02,  9.0500e-02, -1.4812e-01,
          1.1470e-01, -1.7546e-01, -1.5499e-02,  2.0302e-02, -8.0415e-02,
          7.1725e-02,  1.7029e-01,  7.0263e-02, -9.8297e-02,  1.3406e-01,
         -5.9659e-02],
        [ 1.4348e-01, -3.3073e-01,  2.0097e-01,  9.4675e-02, -8.6985e-03,
          5.1714e-03, -5.9487e-02,  1.2326e-01, -1.4131e-01,  6.9450e-02,
         -6.9866e-03,  1.0972e-01, -9.1028e-02, -8.4921e-02, -1.8280e-02,
         -8.2321e-02],
        [-8.2286e-02, -1.7139e-01, -6.8274e-02,  1.0615e-02,  2.2019e-01,
         -2.5013e-02, -7.6853e-02,  7.9640e-02,  1.2554e-01,  2.3412e-02,
         -6.6608e-02, -1.2377e-01,  1.3183e-01, -2.6493e-01,  1.7694e-01,
          6.1993e-03],
        [ 6.1299e-02,  1.1638e-01, -1.4460e-01, -1.3965e-03, -2.3405e-01,
          1.4124e-01,  1.5849e-01, -1.4744e-01,  1.0594e-01, -2.2020e-03,
         -1.0317e-01, -8.1008e-02, -1.0769e-01,  2.9017e-01,  1.0150e-01,
         -1.5562e-01],
        [ 1.0836e-01, -1.2652e-01,  1.4367e-01, -7.6613e-03, -5.7316e-02,
          3.8974e-02, -5.0939e-02,  1.0905e-01,  1.2848e-01, -1.1158e-01,
         -1.5192e-02,  1.3588e-01,  1.8825e-02, -1.5526e-01, -1.1166e-01,
         -3.7167e-02],
        [ 1.8297e-02, -1.9833e-01,  1.4782e-01,  5.8387e-02,  1.7538e-01,
          1.7622e-02,  9.3716e-03,  1.1150e-01,  4.4985e-02, -6.1899e-02,
         -9.9722e-02,  2.1187e-02, -2.9660e-02,  2.0474e-01,  2.6268e-02,
         -1.0995e-01],
        [ 1.2367e-01, -1.9745e-01,  6.7803e-02, -4.6737e-02,  2.2671e-01,
         -1.9293e-01, -1.3722e-01,  1.4411e-01,  1.4980e-02, -1.0986e-01,
          1.7539e-01,  2.1355e-01, -2.3612e-02, -1.7758e-01, -6.6590e-02,
         -3.5832e-02],
        [ 8.4317e-02, -3.4150e-02,  5.1308e-02,  1.1842e-01,  3.1688e-02,
          8.6897e-02, -1.9424e-01, -1.4894e-01,  5.3612e-02,  8.2428e-02,
          1.9368e-02, -1.8823e-01, -1.7005e-01,  1.1585e-01,  1.7701e-01,
         -9.3150e-02],
        [-8.9307e-03,  1.5817e-01, -1.1634e-01,  3.7201e-02, -7.9122e-02,
          7.3838e-02, -7.8855e-02, -1.5710e-01, -1.0330e-01,  5.3184e-02,
          1.8477e-01, -7.7958e-02,  1.5772e-03,  7.9269e-02, -1.1233e-01,
         -1.1835e-01]], device='cuda:0')), ('bn3.weight', tensor([1., 1., 1., 1., 1., 1., 1., 1., 1., 1., 1., 1., 1., 1., 1., 1., 1., 1.,
        1., 1., 1., 1., 1., 1., 1., 1., 1., 1., 1., 1., 1., 1.],
       device='cuda:0')), ('bn3.bias', tensor([0., 0., 0., 0., 0., 0., 0., 0., 0., 0., 0., 0., 0., 0., 0., 0., 0., 0., 0., 0., 0., 0., 0., 0.,
        0., 0., 0., 0., 0., 0., 0., 0.], device='cuda:0')), ('bn3.running_mean', tensor([0., 0., 0., 0., 0., 0., 0., 0., 0., 0., 0., 0., 0., 0., 0., 0., 0., 0., 0., 0., 0., 0., 0., 0.,
        0., 0., 0., 0., 0., 0., 0., 0.], device='cuda:0')), ('bn3.running_var', tensor([1., 1., 1., 1., 1., 1., 1., 1., 1., 1., 1., 1., 1., 1., 1., 1., 1., 1.,
        1., 1., 1., 1., 1., 1., 1., 1., 1., 1., 1., 1., 1., 1.],
       device='cuda:0')), ('bn3.num_batches_tracked', tensor(0, device='cuda:0'))])