OrderedDict([('conv1.bias', tensor([ 2.4639e-08,  3.0465e-08, -1.2840e-09,  1.4716e-06, -1.2927e-07,
        -6.3139e-08, -2.6463e-08, -1.8850e-08], device='cuda:0')), ('conv1.lin.weight', tensor([[-1.1145e-04,  3.6287e-05, -9.2895e-06,  4.3976e-06,  1.2566e-05,
          8.7488e-04, -2.8306e-43, -6.1667e-16,  2.2571e-09,  6.8495e-42,
          3.0327e-04,  8.3125e-04, -1.2852e-03,  2.9469e-04, -4.5861e-05,
          4.2829e-02,  1.3647e-03,  1.1578e-03, -2.3555e-04,  9.7475e-04,
         -8.7189e-04, -1.4953e-03,  1.2988e-03,  6.5618e-05,  1.7321e-03,
          1.9937e-04, -2.5549e-04, -3.8163e-04,  4.5207e-06,  6.3482e-05,
         -3.6298e-04,  2.2180e-03,  3.9099e-04, -3.1302e-04,  1.6960e-04,
          2.5853e-04, -1.1178e-19, -4.0406e-04,  1.4847e-02,  9.5268e-02,
          8.3968e-06, -7.2258e-04, -1.1522e-03,  6.4650e-02,  1.0142e-01,
          1.0690e-04,  1.0784e-04,  4.6729e-02,  1.7225e-04,  2.1953e-04,
         -1.1802e-04, -1.6115e-09,  4.0473e-27, -6.4254e-26, -9.5585e-20,
          1.2951e-04, -6.4705e-05, -1.3325e-04,  1.9710e-04,  1.7850e-04,
         -8.0955e-05,  4.0090e-03,  3.8909e-03, -4.9172e-04,  3.3859e-03,
          7.5114e-02,  1.4664e-02,  2.3867e-04],
        [-4.1114e-05, -9.1138e-05,  3.2228e-05, -2.1805e-06,  8.6960e-06,
         -2.0650e-04, -5.4118e-42,  1.9562e-42,  2.1062e-42, -4.7797e-16,
          1.0465e-04,  2.0613e-03, -3.3389e-03,  1.1440e-04, -6.1414e-04,
          6.3922e-03,  2.4180e-03,  1.3609e-04,  1.3749e-03, -1.3609e-03,
          1.4672e-04,  4.4683e-04,  7.0121e-04,  4.7097e-05, -1.4444e-04,
          1.1862e-04, -1.0739e-04,  6.0217e-04, -3.5913e-05,  3.6875e-04,
         -3.3883e-04,  1.0603e-03,  2.4207e-04, -3.1933e-04, -1.5265e-04,
         -9.2020e-05,  1.0552e-19,  1.6917e-04, -1.5834e-01,  4.4659e-02,
         -1.2236e-04, -5.6814e-04, -4.6840e-04, -5.9387e-02, -1.2015e-01,
         -2.7961e-04,  2.8317e-03, -1.1038e-01,  4.4857e-04,  3.1347e-05,
          6.6157e-04, -1.5220e-26, -1.5316e-42,  1.0265e-41,  5.3838e-13,
          4.1751e-04,  3.2440e-04, -1.9685e-04,  3.7808e-04,  3.4083e-04,
         -2.6441e-04, -3.6499e-04,  2.1771e-05, -1.8009e-03,  4.9679e-03,
          9.7755e-02, -2.7427e-02,  1.1485e-04],
        [ 8.5444e-05,  1.4488e-04,  5.8874e-06,  1.1712e-05,  3.9648e-06,
          3.0917e-04,  3.0803e-12,  1.2903e-06,  4.4281e-43,  7.2307e-43,
         -1.0245e-05, -9.1498e-04,  9.6495e-04,  6.7158e-04,  6.3588e-04,
         -1.2936e-01, -1.6926e-03, -9.1112e-04,  8.1646e-04,  3.9359e-04,
          1.5276e-04,  2.5831e-04,  2.3190e-04, -2.8764e-04, -6.1016e-05,
         -5.5695e-04, -4.2389e-05,  4.8995e-04,  1.4347e-04,  1.0782e-05,
         -4.3929e-04,  3.0726e-04, -3.4853e-06,  6.9757e-05, -4.4649e-04,
          2.4292e-04,  3.8178e-18,  3.8246e-04, -1.9169e-01,  7.6089e-02,
         -1.2032e-03, -4.7465e-05,  7.2905e-04,  3.0491e-02,  1.4162e-03,
         -2.7241e-04,  4.4470e-03, -1.5070e-01,  4.1994e-04,  2.5350e-05,
          5.5866e-05, -5.7958e-42, -1.8313e-21,  7.1770e-09, -1.9996e-17,
          2.0469e-04,  1.7210e-04, -8.4199e-05, -1.6403e-04, -1.8097e-04,
          2.3043e-05,  2.7125e-03,  2.6596e-03,  1.2117e-04,  2.9930e-03,
          2.0970e-03, -5.3134e-02,  2.3795e-04],
        [ 1.4984e-05, -3.2578e-05, -6.9970e-05,  7.4981e-05, -2.3462e-06,
          1.6506e-04, -6.9378e-42, -4.6852e-07,  1.1715e-42, -1.6939e-41,
          2.0576e-05, -4.4426e-04,  1.6591e-03, -4.0688e-04,  1.3958e-04,
          9.0229e-02, -1.3397e-03,  6.5045e-04,  4.6525e-04,  8.4874e-04,
         -9.4665e-05, -1.0093e-03,  3.3844e-04,  1.2943e-04, -1.3571e-04,
          9.4710e-05,  1.5130e-04,  1.1845e-03,  1.8303e-05, -1.2851e-04,
         -8.9001e-05,  2.0316e-03, -1.2679e-04,  3.5717e-04, -1.1367e-04,
         -9.6603e-05, -5.1105e-42, -2.3977e-04, -3.5103e-02,  1.6269e-01,
         -1.9630e-04, -6.4016e-04,  4.7164e-04,  6.3296e-03,  7.7216e-02,
         -2.0762e-04,  8.3571e-04,  3.9515e-02, -1.1052e-04,  7.2438e-05,
          5.4976e-05, -8.5353e-42, -3.6027e-42, -8.1696e-43,  3.2293e-08,
         -2.8681e-05,  1.2562e-04,  3.4155e-05, -6.0507e-05, -2.9930e-05,
          7.6114e-05,  7.4282e-04,  5.0732e-06, -2.4864e-04, -1.8073e-03,
          1.3482e-01,  1.7629e-02, -3.0251e-05],
        [-9.8956e-05,  1.1848e-04,  5.6165e-06,  3.3550e-05, -3.1534e-05,
         -1.0139e-04, -5.0054e-42, -1.9297e-41,  7.2755e-42, -8.9543e-43,
         -3.8258e-05, -6.6710e-04, -5.1771e-04, -5.2386e-04,  2.8573e-04,
          1.2709e-01, -5.8947e-04,  4.4744e-04,  2.0166e-04,  8.2765e-04,
          5.8282e-04,  1.1576e-03,  1.2303e-03, -7.8325e-05,  1.1224e-04,
          1.4589e-04,  1.4112e-04, -1.8150e-04,  4.1576e-06,  3.1007e-04,
          1.9001e-05, -1.0683e-03,  1.7517e-04, -3.3999e-04, -7.0474e-05,
         -5.2860e-05, -8.4047e-23,  9.1056e-05,  1.6275e-01,  3.4157e-02,
          4.4614e-04, -1.5544e-05, -2.1045e-04,  8.9489e-04, -3.9933e-03,
          4.2490e-04,  3.2289e-04, -4.5159e-02, -5.0561e-04, -1.3090e-04,
          1.4166e-04, -1.2040e-19, -2.8372e-12, -2.4467e-42, -3.3967e-42,
          1.8716e-04,  1.7219e-04,  2.3159e-05, -1.2013e-04, -4.0912e-05,
         -6.9118e-05,  2.7324e-06, -1.8417e-04,  1.3559e-03,  1.3711e-04,
         -1.5578e-03,  1.0672e-02,  5.1295e-05],
        [ 6.9569e-06,  2.7081e-04,  5.4209e-05,  3.6105e-04, -5.1070e-06,
          3.1806e-04, -1.6586e-41, -2.5132e-12, -1.4018e-22,  6.3227e-42,
          2.8887e-04,  5.5605e-03, -2.9658e-03,  3.4827e-04,  9.9781e-04,
         -4.3282e-03,  3.5056e-04,  3.1453e-04,  1.7272e-03,  1.0173e-03,
         -2.7949e-03, -2.5626e-03, -4.9006e-04,  1.9502e-04,  3.9105e-04,
         -1.5713e-04, -1.5003e-04, -6.4342e-04, -6.0903e-05,  2.1605e-04,
          4.2072e-04,  1.2676e-03, -5.4493e-04,  1.8964e-04,  4.4882e-04,
          1.9338e-04,  5.7776e-42, -6.0758e-04, -1.4559e-02,  1.3415e-02,
         -1.1802e-03, -1.2239e-04,  3.2074e-04,  2.2723e-01,  2.1518e-01,
         -7.6327e-04,  4.4588e-04, -1.0394e-02,  1.0679e-03,  3.4073e-04,
         -1.4701e-04,  1.0244e-17, -3.3197e-42, -5.5211e-42, -2.1524e-10,
          9.4367e-05, -3.5756e-05,  5.3040e-05, -5.2151e-05,  7.4229e-05,
         -2.1091e-04,  4.2826e-03,  3.8111e-03,  9.9353e-03, -5.0856e-03,
         -2.1266e-02, -1.8563e-03,  3.3180e-04],
        [-7.2040e-05, -9.6576e-05,  3.0228e-05, -3.3025e-05, -2.5100e-05,
         -3.3188e-04,  1.4646e-15, -3.6504e-19,  1.0215e-42, -1.0115e-41,
          1.1365e-04, -9.5479e-04,  1.9307e-03, -3.5942e-04, -2.0730e-04,
         -6.1117e-02, -8.9725e-04,  1.0214e-03, -2.0427e-04, -1.3554e-03,
          1.4016e-03, -1.4689e-04,  8.4158e-04, -5.9397e-05,  2.0836e-04,
         -1.6078e-05,  8.4726e-06, -2.0613e-04,  4.3208e-05, -2.2768e-07,
          3.3068e-04,  9.0735e-04, -9.3305e-05, -2.3275e-04, -1.9252e-04,
         -3.9322e-05, -5.7242e-13, -3.3795e-04, -7.5761e-02,  1.5009e-01,
         -4.7428e-04, -5.9977e-04, -7.7464e-04,  1.0468e-01,  1.0750e-01,
          2.5200e-04,  1.0510e-03,  1.0640e-01, -2.7905e-04,  5.9681e-06,
          5.3277e-05, -4.9466e-42, -2.3608e-14,  7.4136e-22, -5.1666e-42,
          1.4755e-04,  4.3322e-05,  1.1260e-05, -1.9034e-04,  9.4381e-05,
          7.6075e-05,  1.7728e-03,  6.0328e-04,  2.1333e-03,  1.5600e-03,
          2.3751e-02,  2.5540e-02, -1.3345e-04],
        [-5.1124e-05,  3.8181e-05,  7.2628e-05, -1.3102e-04,  6.6245e-06,
         -7.9772e-05, -1.4907e-08, -2.2489e-10,  6.0718e-42,  3.5251e-13,
         -5.8184e-05,  1.5335e-03,  1.2736e-03,  4.3649e-04,  9.6350e-05,
         -1.1496e-01, -9.4954e-04, -5.0318e-05,  1.4614e-03,  6.5037e-04,
          3.1364e-03,  1.0557e-03,  1.1400e-03,  6.3533e-05, -3.3663e-05,
          3.7850e-05,  1.0909e-04, -1.8971e-04,  1.8934e-06,  2.8398e-04,
         -1.6389e-04,  3.5246e-04,  1.3236e-04, -2.8428e-04, -4.7028e-05,
          3.0100e-04, -4.9337e-11, -4.3982e-05, -1.0249e-01, -8.8229e-02,
          1.7323e-05,  2.1929e-04,  3.7498e-04, -1.3277e-02,  6.5568e-02,
          1.7632e-04, -8.9377e-04,  2.5201e-01, -3.6331e-04, -3.2307e-04,
          1.8626e-04,  1.0541e-41, -2.9680e-13, -9.5523e-09, -1.5260e-42,
          2.6376e-04,  8.9139e-05, -1.1681e-04,  5.8827e-05,  9.6600e-05,
          3.8071e-05, -8.4161e-04, -1.2512e-03, -7.2696e-04,  2.4898e-03,
          7.0801e-04,  5.0522e-02,  1.5640e-05]], device='cuda:0')), ('conv1.aggr.t', tensor([1.], device='cuda:0')), ('bn1.weight', tensor([0.8924, 0.7602, 0.6528, 0.8747, 0.6261, 0.7037, 0.7025, 0.7276],
       device='cuda:0')), ('bn1.bias', tensor([ 0.1003,  0.1886,  0.2311,  0.0857, -0.0156,  0.0308,  0.0467,  0.0796],
       device='cuda:0')), ('bn1.running_mean', tensor([ 523.7429, -541.8005, -968.4919,  654.0038,  594.4944,   92.3587,
         428.9524,  131.3875], device='cuda:0')), ('bn1.running_var', tensor([ 511475.0938, 1375768.3750, 3875314.7500, 1296250.5000, 1426490.5000,
          88806.8281, 1461758.0000, 3754951.5000], device='cuda:0')), ('bn1.num_batches_tracked', tensor(47024, device='cuda:0')), ('conv2.bias', tensor([ 4.7282e-07,  3.4751e-08, -1.9564e-06, -6.6511e-07, -2.9392e-06,
         9.7379e-07, -1.4143e-06, -2.4478e-06,  2.1313e-06,  1.1803e-06,
        -1.8728e-06, -3.0726e-06,  3.5454e-07,  3.3162e-06, -1.2237e-06,
        -1.6493e-06], device='cuda:0')), ('conv2.lin.weight', tensor([[-0.2416, -0.0174, -0.1195, -0.2676, -0.1599, -0.0246, -0.2406, -0.0171],
        [-0.2835,  0.2249, -0.4016, -0.1278, -0.0137,  0.0659,  0.1431,  0.0887],
        [-0.1406, -0.0305,  0.0017, -0.2597, -0.0174, -0.0573, -0.2664,  0.3912],
        [-0.2592, -0.1544, -0.1299, -0.2138, -0.1758,  0.0744,  0.3025,  0.1659],
        [ 0.3578, -0.1451,  0.1603,  0.2861, -0.1827, -0.0254, -0.1579, -0.0257],
        [-0.2281, -0.2505, -0.2809, -0.1440, -0.1063,  0.1785, -0.2495, -0.2390],
        [-0.3020, -0.0624,  0.2437, -0.0955,  0.2174, -0.1317, -0.2338,  0.2025],
        [ 0.0080, -0.0884,  0.0107, -0.1739,  0.0583,  0.3604,  0.1745,  0.1431],
        [-0.4269, -0.0415, -0.1897,  0.2236, -0.2053, -0.1854, -0.1690, -0.0938],
        [ 0.2357, -0.1333, -0.0901, -0.2995, -0.1241, -0.1416,  0.1961,  0.1077],
        [-0.0543, -0.1489, -0.1882, -0.2776,  0.0102, -0.2325, -0.0135, -0.2081],
        [ 0.1095,  0.2345, -0.2376, -0.3405,  0.1715, -0.3000, -0.0103,  0.1392],
        [-0.3097,  0.1009, -0.0615,  0.0561, -0.1651, -0.0164, -0.1420, -0.0656],
        [-0.1219,  0.0625, -0.0572, -0.3332, -0.2248,  0.0470,  0.1586,  0.2949],
        [ 0.2426, -0.1969,  0.0255,  0.1049, -0.0189,  0.0518,  0.2056,  0.2448],
        [-0.0156,  0.1301, -0.0644, -0.3468, -0.0193, -0.2843, -0.0087,  0.2645]],
       device='cuda:0')), ('conv2.aggr.t', tensor([1.], device='cuda:0')), ('bn2.weight', tensor([0.7182, 0.7373, 0.6670, 0.6970, 0.6755, 0.6978, 0.6999, 0.6210, 0.6972,
        0.6244, 0.6670, 0.6398, 0.7035, 0.7113, 0.7188, 0.6478],
       device='cuda:0')), ('bn2.bias', tensor([-0.2983,  0.3970, -0.1351,  0.1390,  0.5061,  0.1287,  0.3218, -0.0651,
        -0.7202,  0.0690,  0.2189, -0.2627,  0.6208, -0.3155,  0.0657,  0.3944],
       device='cuda:0')), ('bn2.running_mean', tensor([-0.3384, -0.1427, -0.1446, -0.1777,  0.1442, -0.4345, -0.0749,  0.0944,
        -0.3229, -0.0859, -0.3523, -0.0849, -0.1705, -0.0812,  0.1805, -0.1133],
       device='cuda:0')), ('bn2.running_var', tensor([0.3023, 0.1219, 0.2134, 0.1767, 0.2112, 0.2855, 0.1913, 0.1181, 0.2454,
        0.1275, 0.1771, 0.1612, 0.1442, 0.1996, 0.2340, 0.1846],
       device='cuda:0')), ('bn2.num_batches_tracked', tensor(47024, device='cuda:0')), ('conv3.bias', tensor([ 5.4668e-07,  1.6146e-06, -2.4468e-06, -1.0748e-06, -3.9666e-07,
         2.3584e-06,  8.5659e-07,  7.2742e-07, -1.5600e-06, -1.4998e-06,
        -3.2550e-06,  2.0709e-06,  8.0220e-09, -2.3907e-06,  6.3148e-07,
         2.8573e-06, -3.1892e-07, -5.9949e-07, -1.5302e-06, -2.5458e-06,
        -3.2387e-06, -1.6004e-06,  5.4086e-06, -4.9927e-08, -2.0010e-06,
         1.2756e-06,  1.2561e-06,  2.4776e-07,  4.7308e-07,  6.6692e-07,
         5.2087e-06, -1.0757e-06], device='cuda:0')), ('conv3.lin.weight', tensor([[ 0.1484, -0.1939, -0.1027,  0.0867, -0.0348, -0.1267,  0.0081, -0.0795,
          0.1631, -0.1416,  0.0594, -0.0267, -0.1106,  0.2049,  0.1316,  0.0316],
        [ 0.0419,  0.1446, -0.1818, -0.1512,  0.1061, -0.0966,  0.0924, -0.0741,
         -0.2017, -0.1413,  0.0060, -0.0463,  0.0965,  0.1461, -0.0824,  0.1351],
        [-0.1755,  0.1179, -0.0750,  0.1113, -0.0302,  0.0987,  0.0759, -0.0776,
         -0.1639, -0.0779,  0.1643,  0.0210,  0.0241, -0.0719,  0.1834, -0.0050],
        [ 0.1963, -0.0430,  0.1373, -0.0185, -0.2001, -0.2608, -0.1671,  0.0306,
          0.2355, -0.0607,  0.0509, -0.0104, -0.0614, -0.1698,  0.0509, -0.0138],
        [ 0.0384,  0.1412, -0.0172, -0.1798, -0.0750, -0.0997, -0.1749, -0.0970,
          0.1782, -0.0825,  0.1702, -0.1079, -0.2060,  0.2874,  0.0850, -0.0949],
        [ 0.0547,  0.0881, -0.1510, -0.0184, -0.0191, -0.1345,  0.1728, -0.0535,
         -0.1219,  0.0799, -0.1133, -0.1336,  0.1560, -0.1248,  0.0768,  0.2472],
        [-0.0033, -0.0119, -0.1596, -0.1946, -0.1449, -0.1536,  0.0870,  0.1709,
          0.1511,  0.0973, -0.0986,  0.1761, -0.0614,  0.1400, -0.1948, -0.1220],
        [-0.1389,  0.0090,  0.0012,  0.0917,  0.0037, -0.0097,  0.0560, -0.0354,
          0.0797,  0.0019,  0.0662, -0.0415, -0.2607, -0.0026, -0.0899, -0.1095],
        [ 0.1690, -0.0125,  0.0871,  0.2203,  0.1956,  0.1287,  0.0584, -0.1458,
         -0.1404, -0.1551,  0.1819, -0.1115, -0.1879, -0.1129,  0.1669,  0.0166],
        [ 0.1227, -0.0182, -0.1274, -0.0316, -0.1086,  0.0954, -0.0854, -0.0416,
          0.0343,  0.1479, -0.1419,  0.1461, -0.0593, -0.1241, -0.0770, -0.0243],
        [ 0.1473,  0.1095,  0.0974, -0.2221,  0.0679,  0.0881, -0.1696,  0.0330,
          0.0736, -0.0395, -0.1747,  0.0459, -0.0168,  0.0906,  0.0431,  0.0112],
        [ 0.0492, -0.2056, -0.1286,  0.0230, -0.0596,  0.0758, -0.0956,  0.0690,
         -0.1053, -0.1290, -0.1023,  0.0805,  0.1363,  0.1687, -0.1131,  0.0668],
        [ 0.0477, -0.1840, -0.0758,  0.1554, -0.1157, -0.0527, -0.1326,  0.1453,
          0.2178, -0.0345, -0.0333,  0.0979, -0.1339, -0.0577, -0.0326, -0.0470],
        [ 0.2443, -0.0416,  0.0299, -0.0879, -0.1438,  0.0292, -0.1237, -0.0976,
          0.0401,  0.1061, -0.1512,  0.0738, -0.0657,  0.0063,  0.1673,  0.0131],
        [ 0.0665, -0.2097, -0.0011, -0.1288, -0.2153, -0.0495, -0.0104,  0.0101,
          0.2376,  0.0311, -0.1268,  0.0046, -0.2876,  0.1610, -0.1320, -0.0829],
        [ 0.1350, -0.0489,  0.2225,  0.0595,  0.1431, -0.1741, -0.0659, -0.0185,
         -0.0749, -0.1073, -0.0189, -0.0165, -0.1065, -0.1142, -0.1731,  0.0320],
        [ 0.0518, -0.1334, -0.1351,  0.1089, -0.1895, -0.1498,  0.1126, -0.1369,
         -0.0745, -0.1794,  0.0165,  0.0920, -0.1237,  0.1818, -0.0256, -0.0826],
        [ 0.1256,  0.0976, -0.0867, -0.2484, -0.1394, -0.0352,  0.0114,  0.0756,
          0.1938, -0.0990, -0.1523, -0.0769, -0.2110,  0.1604,  0.1018,  0.1135],
        [ 0.1557,  0.0578, -0.0880,  0.1552,  0.1960,  0.0058,  0.1534,  0.1114,
          0.2341, -0.0460, -0.0547,  0.1753, -0.1682, -0.2297,  0.0752,  0.0949],
        [ 0.0712,  0.0209,  0.1414,  0.0621,  0.0154,  0.0525, -0.0485, -0.0487,
          0.0044, -0.0830,  0.0581,  0.1770, -0.1820,  0.0514, -0.0148, -0.1930],
        [-0.1448, -0.1773,  0.0975,  0.0305, -0.2866,  0.0612, -0.1316, -0.1040,
          0.1508,  0.0229,  0.1186, -0.0567, -0.1724,  0.1585, -0.0641, -0.1614],
        [ 0.2460,  0.0733,  0.0591, -0.0989, -0.0664, -0.1237, -0.0163, -0.1365,
         -0.1934,  0.0625, -0.1105,  0.0787, -0.0659,  0.1279, -0.0104, -0.2389],
        [ 0.1495, -0.0684, -0.1355,  0.1249, -0.0705, -0.1818,  0.0699, -0.1580,
         -0.1883,  0.0783,  0.1551, -0.1650,  0.1089,  0.0056,  0.0516,  0.0188],
        [-0.0607,  0.0456, -0.1988, -0.0168,  0.0545, -0.0119,  0.0835,  0.0308,
         -0.0524,  0.0309,  0.0258, -0.1971,  0.1949,  0.0764,  0.0677,  0.1516],
        [ 0.0328, -0.2147,  0.0179,  0.1373,  0.0223,  0.0937, -0.0498, -0.1686,
          0.0959,  0.0659, -0.2640,  0.1305, -0.0018,  0.0443, -0.1047, -0.0438],
        [ 0.3017, -0.1305, -0.0804, -0.1014, -0.0799, -0.1446, -0.1859,  0.1042,
          0.3183, -0.0825, -0.0148,  0.1961, -0.1263,  0.2220,  0.0817, -0.1891],
        [ 0.1304, -0.0747, -0.1552,  0.0242,  0.0758, -0.1684, -0.0379,  0.0311,
         -0.1822,  0.0502,  0.0082, -0.0136,  0.1597,  0.0399, -0.2110,  0.0535],
        [-0.0179, -0.2453,  0.1564,  0.0085, -0.2717,  0.0725, -0.0410, -0.0162,
          0.1402, -0.0588, -0.1813,  0.0293, -0.1227,  0.0719,  0.0623, -0.1015],
        [ 0.0405,  0.0856, -0.0073,  0.0244,  0.0264,  0.0938, -0.0739, -0.0662,
         -0.0886, -0.1737, -0.0205,  0.1162,  0.0115, -0.0757,  0.0078, -0.0534],
        [-0.0781, -0.0411,  0.0657,  0.0698, -0.0371, -0.0153, -0.0729, -0.0309,
          0.0725,  0.0112,  0.0404, -0.0139, -0.0666, -0.1888, -0.0889, -0.0156],
        [ 0.1490, -0.2062, -0.0845,  0.0623, -0.0912,  0.0056,  0.1304,  0.1027,
         -0.0044,  0.0283, -0.0943, -0.0626, -0.1496, -0.0765, -0.0910,  0.0410],
        [-0.1155,  0.1831,  0.0060, -0.1818,  0.2241,  0.0822, -0.0617, -0.0207,
          0.0419, -0.0360,  0.1395,  0.0343,  0.0230,  0.1056,  0.1361,  0.0716]],
       device='cuda:0')), ('bn3.weight', tensor([1., 1., 1., 1., 1., 1., 1., 1., 1., 1., 1., 1., 1., 1., 1., 1., 1., 1.,
        1., 1., 1., 1., 1., 1., 1., 1., 1., 1., 1., 1., 1., 1.],
       device='cuda:0')), ('bn3.bias', tensor([0., 0., 0., 0., 0., 0., 0., 0., 0., 0., 0., 0., 0., 0., 0., 0., 0., 0., 0., 0., 0., 0., 0., 0.,
        0., 0., 0., 0., 0., 0., 0., 0.], device='cuda:0')), ('bn3.running_mean', tensor([0., 0., 0., 0., 0., 0., 0., 0., 0., 0., 0., 0., 0., 0., 0., 0., 0., 0., 0., 0., 0., 0., 0., 0.,
        0., 0., 0., 0., 0., 0., 0., 0.], device='cuda:0')), ('bn3.running_var', tensor([1., 1., 1., 1., 1., 1., 1., 1., 1., 1., 1., 1., 1., 1., 1., 1., 1., 1.,
        1., 1., 1., 1., 1., 1., 1., 1., 1., 1., 1., 1., 1., 1.],
       device='cuda:0')), ('bn3.num_batches_tracked', tensor(0, device='cuda:0'))])