OrderedDict([('conv1.bias', tensor([ 1.6550e-08, -2.4731e-07, -6.9577e-10,  4.4351e-08,  1.6108e-06,
         3.6761e-06, -3.1507e-08, -5.3345e-10], device='cuda:0')), ('conv1.lin.weight', tensor([[ 4.3683e-04, -4.2471e-04,  6.9510e-05,  1.1418e-04,  3.2469e-05,
         -1.5067e-03,  1.2240e-07,  8.6373e-11, -5.5463e-42, -8.3715e-17,
         -3.5994e-04, -4.2852e-03, -1.3187e-02,  2.6175e-03, -2.4625e-03,
         -6.4421e-02,  6.6661e-03, -1.3165e-02, -9.0282e-03, -1.0568e-02,
          1.0296e-02,  8.8672e-03, -1.0939e-02, -9.6134e-04, -4.9602e-03,
         -1.9114e-04,  1.6044e-04,  4.0205e-04,  1.1313e-04, -4.2186e-04,
          9.2919e-04, -2.9156e-02,  9.8161e-04,  1.0747e-03,  1.1847e-04,
         -7.6844e-05, -3.6808e-10, -6.5707e-04,  6.7008e-02, -1.4341e-01,
          2.5462e-03,  4.3839e-03,  5.4564e-03, -1.1029e-01, -9.2121e-02,
         -6.6815e-05, -5.3183e-04, -7.9009e-02,  1.7513e-05, -6.1049e-04,
         -9.0881e-04, -8.2326e-42,  3.9632e-17,  2.7564e-42,  8.5325e-42,
         -1.2776e-03, -9.7782e-04,  3.6415e-04, -8.1161e-05, -3.2878e-04,
          7.4042e-05, -3.2978e-02, -1.5290e-02, -9.5761e-03, -6.7376e-03,
         -1.7667e-02, -3.4402e-02, -3.9730e-04],
        [ 4.4270e-02, -2.8967e-02, -6.1519e-03, -8.0776e-03,  1.1201e-03,
         -1.2110e-01,  8.3658e-43, -4.3412e-42, -6.1589e-24,  2.6555e-42,
         -3.6001e-02, -1.8653e-03, -7.2010e-04,  2.5531e-02, -1.1996e-01,
         -2.3521e-04,  3.3219e-03, -4.2762e-02, -1.2227e-02, -1.2187e-02,
          3.5806e-03,  4.7547e-03, -1.5190e-02, -7.3900e-02, -6.8545e-02,
         -1.8135e-02, -5.1341e-03, -9.3635e-03,  5.2102e-04, -2.0789e-02,
          4.8476e-03, -3.9621e-02,  4.9014e-02,  7.8216e-02, -3.1523e-03,
          3.4556e-03,  2.9657e-11, -9.5796e-03, -1.0389e-03,  7.9774e-05,
          8.4194e-02,  1.6234e-02,  2.6554e-02, -5.3573e-03, -1.7128e-03,
         -5.1242e-03,  1.6965e-04, -6.4196e-04,  1.8455e-02, -8.1435e-02,
         -9.9823e-02, -1.3795e-10,  8.0391e-22, -3.0107e-09,  1.6297e-42,
         -1.1867e-01, -9.5544e-02,  4.3799e-02, -3.7741e-02, -3.7404e-02,
          1.2604e-02, -3.1944e-02, -2.1809e-03, -2.1390e-03, -4.5039e-04,
         -1.4582e-04, -8.1453e-05, -3.2667e-02],
        [ 4.0581e-05,  2.7474e-05, -2.3657e-06, -7.4280e-05, -8.8731e-07,
         -1.9695e-05, -1.4177e-15,  1.8312e-13, -5.8182e-42,  5.9205e-42,
         -6.7092e-05, -7.7599e-04, -3.4553e-03, -6.1540e-04, -6.2793e-04,
          1.8008e-01, -4.6186e-04, -7.4662e-04, -4.2994e-04, -6.0690e-04,
          2.6247e-04,  2.2657e-03,  2.4008e-04,  3.7869e-05,  2.6433e-05,
          2.8062e-04,  8.6556e-05, -6.0774e-04, -6.3027e-05,  3.6006e-05,
          7.5245e-04,  1.7937e-03,  2.6279e-04,  2.6735e-04,  8.3417e-05,
         -3.8757e-04, -2.6204e-42,  1.6834e-04, -3.8885e-02,  1.9382e-01,
         -5.0200e-06, -5.1156e-04, -4.1775e-04,  9.0539e-03,  1.9183e-03,
          8.9509e-05, -1.9286e-04,  6.2982e-02,  7.8141e-05, -4.8308e-05,
         -8.7930e-05, -6.2790e-18,  9.4317e-07,  6.4677e-10,  3.0436e-42,
         -4.0352e-05, -5.0801e-05,  3.9492e-05,  3.7321e-05,  8.0088e-05,
          2.1666e-07,  1.3201e-03, -1.8247e-03,  7.9734e-04,  7.2114e-04,
          3.0125e-05, -1.1640e-01, -4.2119e-05],
        [-5.3458e-05, -1.3448e-04, -3.3693e-06,  5.9696e-06, -2.3713e-05,
         -5.9161e-04, -5.2214e-32,  3.7946e-25, -5.7986e-42, -1.7179e-12,
          1.7149e-04,  1.5106e-03, -2.5774e-03,  8.4923e-04, -4.4752e-04,
         -1.2855e-01,  1.0867e-03, -1.4390e-03, -2.4239e-04,  2.8768e-04,
          1.2321e-03,  4.2129e-03, -7.2838e-04, -7.5394e-05, -1.2250e-03,
          3.5540e-05,  2.2200e-05, -4.9875e-04, -7.7209e-05, -2.6534e-05,
          1.7611e-04, -6.7794e-03,  1.0986e-04,  3.2969e-04, -5.3050e-05,
          2.5351e-04,  8.5037e-12, -7.4905e-06,  9.2042e-02, -1.1779e-01,
          6.6212e-04,  2.9653e-03,  1.8024e-04, -2.7122e-02, -1.5709e-02,
          3.6014e-04, -4.1387e-04,  9.9957e-04,  1.0933e-03, -2.9972e-04,
         -3.1215e-05,  5.8462e-42, -4.6706e-06,  1.7882e-11, -8.4530e-06,
         -3.2589e-04,  1.2480e-04, -4.7208e-05,  9.4965e-05, -4.5305e-05,
         -6.4582e-05, -7.0994e-03, -8.0484e-04, -1.0646e-03, -4.7914e-04,
         -2.5600e-03, -1.0623e-01, -4.1139e-05],
        [-2.4317e-04,  9.9330e-05,  1.2722e-04, -1.0396e-04, -1.9070e-05,
          1.1447e-03, -5.1722e-15, -2.4866e-12,  2.2056e-10,  8.6644e-19,
          1.5534e-04,  3.1192e-03,  6.6388e-03, -1.2986e-03,  2.7579e-03,
          6.5428e-02, -4.0509e-03,  6.6605e-03,  7.1986e-03,  8.9221e-03,
         -6.9181e-03, -1.0176e-02,  8.4344e-03,  5.7080e-04,  2.4421e-03,
         -3.8431e-05, -1.1331e-05,  1.4020e-03, -1.1769e-05,  4.8246e-04,
         -3.2402e-04,  2.4136e-02, -1.2396e-03, -1.1449e-03,  2.0871e-04,
         -3.4490e-04, -8.7580e-23,  5.1790e-04, -4.6160e-02, -4.1546e-02,
         -2.6111e-03, -5.6147e-03, -4.4328e-03,  1.6327e-01,  9.0573e-02,
          2.5449e-04, -1.2145e-03,  1.0148e-01, -1.3255e-04,  4.3271e-04,
          7.5502e-04,  1.2879e-11,  2.2813e-42,  9.5905e-10,  2.8459e-41,
          1.2389e-03,  4.2372e-04, -1.5139e-04,  2.6764e-04,  1.4994e-04,
         -3.1608e-04,  2.5419e-02,  1.2980e-02,  1.3034e-02,  8.8665e-03,
          2.0514e-02, -1.2206e-01, -2.6214e-05],
        [ 5.2376e-05, -2.1161e-05,  6.4494e-06,  2.9587e-05,  1.4785e-05,
          4.7154e-04,  8.4065e-10, -7.3386e-42,  1.2640e-42,  4.9508e-42,
         -1.5819e-04,  5.8364e-04,  1.5545e-03, -1.2713e-03,  1.2475e-03,
          6.3924e-02, -1.7745e-03,  2.1432e-03,  2.6288e-03,  2.1065e-03,
         -2.0360e-03, -3.2979e-03,  1.6009e-03,  1.3548e-04,  1.9820e-04,
         -2.1736e-04,  6.1681e-05,  3.5929e-04,  4.5402e-06, -1.7748e-04,
          1.6811e-05,  5.5100e-03, -6.5894e-04,  2.5585e-04,  1.9812e-04,
         -3.2247e-04, -2.7564e-42, -1.5633e-04, -9.6843e-02, -7.0809e-02,
         -1.2563e-03, -1.0983e-03, -1.3371e-03,  3.9488e-02,  3.6011e-02,
         -2.1718e-04,  4.5854e-04,  1.8057e-01, -2.9320e-04,  3.3435e-04,
          1.9442e-04, -2.9064e-09, -5.6907e-42,  4.0820e-10, -1.0050e-41,
          2.4001e-04,  1.1633e-04, -3.1618e-05,  3.4684e-05,  3.2503e-04,
          6.3858e-05,  8.7219e-03,  9.0750e-04,  3.3852e-03,  2.4745e-03,
          2.8376e-03,  2.1867e-02,  3.0143e-05],
        [-2.2914e-04,  4.2464e-05,  2.2378e-05,  3.8195e-05, -8.2308e-06,
          3.1444e-04,  5.0923e-42, -8.0256e-13,  4.1713e-15,  1.3069e-41,
          9.2425e-05, -5.3454e-04,  1.3032e-03,  2.3373e-05,  3.9786e-04,
          9.6109e-02, -7.6655e-04,  9.4719e-04,  2.4299e-03,  9.5891e-04,
         -1.5107e-03, -1.6186e-04,  2.3190e-03,  9.8563e-05,  1.0479e-03,
         -4.7985e-05,  1.1884e-04,  5.1573e-04, -1.6526e-05, -3.7805e-05,
         -2.6733e-04,  3.2079e-03,  5.2820e-04,  2.4026e-04,  6.2269e-06,
         -2.0752e-04,  4.3043e-28,  2.2495e-04,  1.1175e-02,  1.0898e-02,
         -7.7791e-04, -9.8566e-04, -6.4948e-04,  1.2471e-02,  8.0948e-03,
          9.5006e-05, -6.4659e-04, -8.4879e-02, -4.8924e-04,  3.4764e-04,
          4.5147e-05,  1.9086e-42, -3.6149e-16,  3.5943e-42,  3.4010e-42,
          5.7080e-04, -1.1076e-04, -2.2802e-05, -2.7709e-05,  1.6834e-04,
         -1.0107e-04,  3.2657e-03,  1.2214e-03,  1.6457e-03,  6.2271e-04,
          2.2757e-03,  4.1323e-02,  8.3204e-05],
        [ 2.4566e-04, -1.3377e-04, -2.1724e-05, -2.2599e-05,  1.6926e-05,
         -4.2361e-04, -5.5035e-09, -5.1932e-42,  6.5567e-42, -2.1075e-18,
         -1.3096e-04, -1.8704e-03, -6.0753e-04, -4.4991e-04, -1.7569e-04,
          9.5132e-03,  8.0584e-04, -2.1992e-03, -1.6362e-03, -1.7468e-03,
          1.0287e-03,  2.4828e-03, -1.9943e-03, -8.6041e-05, -5.3174e-04,
         -1.0075e-04,  3.6123e-05, -5.4814e-04,  3.9991e-06,  2.6464e-05,
         -4.6375e-04, -2.8010e-03,  5.7909e-07,  2.6430e-04, -1.6877e-04,
          4.1463e-04,  3.1205e-09, -2.1040e-05,  1.1904e-01,  1.4263e-01,
          7.4142e-04,  1.1181e-03,  6.2927e-04, -7.5413e-03, -8.9585e-03,
          9.7543e-05, -2.5437e-03,  1.2425e-02,  5.9355e-05, -2.3995e-04,
         -2.6700e-04, -4.0500e-40,  3.5793e-15, -1.2466e-11,  3.7387e-42,
         -3.4075e-04, -2.9948e-04, -6.1825e-05, -2.5821e-04,  3.0404e-05,
          1.2092e-05, -1.9597e-03, -2.1509e-03, -4.2284e-03, -2.2254e-03,
          3.6603e-04, -5.3569e-02, -1.0924e-04]], device='cuda:0')), ('conv1.aggr.t', tensor([1.], device='cuda:0')), ('bn1.weight', tensor([0.6473, 0.6606, 0.6545, 0.5647, 0.7531, 0.7901, 0.6941, 0.7999],
       device='cuda:0')), ('bn1.bias', tensor([-0.0047,  0.0098,  0.1037,  0.1483,  0.0305,  0.0635, -0.0006, -0.0488],
       device='cuda:0')), ('bn1.running_mean', tensor([ -723.9523,   -14.3480,  -135.6687, -1106.3970,  -713.4368,   257.3886,
          424.3462,   128.5198], device='cuda:0')), ('bn1.running_var', tensor([1.8404e+06, 2.6082e+02, 8.9825e+06, 7.2223e+06, 7.5064e+06, 1.9146e+06,
        1.3553e+06, 2.7798e+06], device='cuda:0')), ('bn1.num_batches_tracked', tensor(47024, device='cuda:0')), ('conv2.bias', tensor([-2.9993e-06,  8.4859e-07,  1.2022e-06, -3.1778e-07, -2.3964e-06,
         1.5241e-07, -3.4604e-07,  3.3156e-06,  3.0945e-07,  3.0711e-06,
        -1.7621e-06,  9.8355e-07,  4.4143e-07, -2.0390e-06,  6.6119e-06,
         2.0770e-07], device='cuda:0')), ('conv2.lin.weight', tensor([[ 0.0467,  0.0773,  0.0624,  0.0020, -0.1535, -0.0673,  0.0243, -0.2041],
        [ 0.0574, -0.0176, -0.0249,  0.0036, -0.0546, -0.2763,  0.0863,  0.2375],
        [ 0.1127,  0.1162,  0.2645,  0.1836,  0.0718,  0.1304, -0.0852, -0.0840],
        [ 0.0820, -0.2358, -0.0602,  0.2179, -0.0085, -0.0710, -0.0844,  0.3020],
        [ 0.0721,  0.1498, -0.1096, -0.0655, -0.0846, -0.2407, -0.0468, -0.2061],
        [-0.0974,  0.0697,  0.0810,  0.1913, -0.2900,  0.1704,  0.0610, -0.1896],
        [-0.0843,  0.0374,  0.0473,  0.1501, -0.1886, -0.2651, -0.1164,  0.2416],
        [ 0.0800,  0.3038, -0.0078, -0.0248, -0.0158,  0.0650,  0.2175, -0.0397],
        [ 0.1301,  0.0550, -0.2649,  0.0583,  0.2844, -0.2616,  0.0454,  0.2063],
        [-0.0510,  0.0130,  0.1961,  0.0893,  0.2456, -0.0605,  0.2526, -0.2888],
        [ 0.0556, -0.0095, -0.1397, -0.0650,  0.0107,  0.2181,  0.2219, -0.0548],
        [-0.0545, -0.2377, -0.0563, -0.0196,  0.0151, -0.0370,  0.3150, -0.1262],
        [ 0.0511, -0.0369,  0.1516, -0.0651,  0.1148, -0.2593, -0.0058,  0.1609],
        [-0.1324, -0.0558,  0.0979, -0.0696,  0.0190,  0.1662, -0.1535, -0.1060],
        [-0.2596,  0.0703, -0.1230,  0.1106,  0.1720,  0.0736,  0.1750, -0.0731],
        [ 0.1068,  0.0393,  0.0156,  0.1614,  0.1016,  0.2249,  0.0717, -0.2546]],
       device='cuda:0')), ('conv2.aggr.t', tensor([1.], device='cuda:0')), ('bn2.weight', tensor([0.5817, 0.6972, 0.5299, 0.6117, 0.5881, 0.6572, 0.6613, 0.5850, 0.6829,
        0.6274, 0.6329, 0.5903, 0.6174, 0.5346, 0.6562, 0.6735],
       device='cuda:0')), ('bn2.bias', tensor([ 0.2547, -0.6998, -0.2049,  0.0883, -0.2877,  0.4775, -0.0286, -0.1350,
         0.5547,  0.2323,  0.5125, -0.2732,  0.5309,  0.0547, -0.1616, -0.4301],
       device='cuda:0')), ('bn2.running_mean', tensor([-0.0413, -0.0174,  0.1850,  0.0249, -0.1241,  0.0251, -0.0446,  0.1349,
         0.0378,  0.1035,  0.0521, -0.0535,  0.0093, -0.0425,  0.0438,  0.1288],
       device='cuda:0')), ('bn2.running_var', tensor([0.0208, 0.0692, 0.0361, 0.0683, 0.0692, 0.0427, 0.0998, 0.0415, 0.0762,
        0.0749, 0.0725, 0.0730, 0.0572, 0.0326, 0.0419, 0.0662],
       device='cuda:0')), ('bn2.num_batches_tracked', tensor(47024, device='cuda:0')), ('conv3.bias', tensor([ 2.4729e-06, -2.1489e-08, -1.0135e-06,  7.4592e-07, -3.4547e-07,
         1.4938e-06, -7.9338e-07,  8.9771e-07,  4.4939e-07, -2.2930e-06,
         5.6020e-08, -8.0316e-07,  1.6783e-06, -3.0839e-06,  8.5321e-07,
        -1.5494e-07,  1.4860e-06, -8.6374e-07,  3.3461e-07, -1.0206e-06,
         6.9031e-07, -1.6230e-06, -1.7149e-06, -4.4970e-07, -1.3041e-06,
         3.0248e-06, -2.3917e-06,  5.9150e-07, -1.5035e-06, -3.4748e-07,
        -9.1759e-08, -1.5614e-06], device='cuda:0')), ('conv3.lin.weight', tensor([[-0.1563,  0.1630, -0.1110, -0.1550, -0.0028, -0.1103,  0.0801, -0.0956,
         -0.1743,  0.0912, -0.2135, -0.0626, -0.0739,  0.0161,  0.1641,  0.1539],
        [-0.1444,  0.1989,  0.1047,  0.0874,  0.1703,  0.0761,  0.1270, -0.0804,
          0.0121,  0.0709, -0.0432, -0.0322, -0.1936, -0.0342,  0.1051,  0.1223],
        [ 0.0524,  0.0314, -0.0401, -0.1120,  0.0236, -0.0536,  0.0618, -0.0324,
         -0.1031, -0.0042, -0.1566, -0.0693, -0.0009, -0.0090,  0.0876,  0.1298],
        [ 0.0188, -0.2459, -0.1048, -0.0413, -0.0477,  0.0484,  0.0504, -0.1262,
          0.0575,  0.0167, -0.0222, -0.1219,  0.0359, -0.0376, -0.0254, -0.0061],
        [-0.0621, -0.1624, -0.0144,  0.1245,  0.0235, -0.0427, -0.1077,  0.0587,
          0.0608,  0.0990, -0.0363, -0.0452,  0.2013, -0.1443, -0.0278,  0.0662],
        [-0.0631,  0.1840,  0.1554, -0.0025, -0.0064, -0.0990, -0.1396,  0.0735,
         -0.0481, -0.1039, -0.2764,  0.1371, -0.0875,  0.0779, -0.0460,  0.1788],
        [-0.0456, -0.0476, -0.0222, -0.0949,  0.0587,  0.0446,  0.0117,  0.0268,
         -0.1015, -0.0201,  0.0489, -0.0619,  0.1510, -0.0650, -0.1729, -0.0238],
        [-0.0475,  0.0229,  0.0215,  0.0071,  0.1898, -0.0213,  0.1470,  0.1435,
         -0.1188, -0.0918, -0.0543,  0.0812,  0.0579,  0.0957,  0.1673, -0.0828],
        [-0.0270,  0.0277, -0.0358, -0.0611, -0.0151, -0.0772, -0.0953,  0.0572,
          0.1362,  0.0146, -0.0506,  0.0229,  0.0084,  0.0314, -0.1292,  0.0115],
        [ 0.0340,  0.0082,  0.0569,  0.0110,  0.0140, -0.0768, -0.0662,  0.0477,
          0.1436,  0.0392,  0.1210, -0.0640, -0.0159, -0.0079, -0.1445,  0.1634],
        [-0.0100, -0.0744, -0.0373, -0.0933,  0.0234, -0.1606, -0.1061, -0.0113,
          0.1257, -0.0822,  0.0299,  0.0884, -0.0700,  0.0829, -0.1032,  0.0455],
        [-0.1953,  0.0051, -0.1282,  0.0897,  0.1643,  0.0221, -0.0121,  0.1098,
         -0.0378, -0.0667, -0.1659, -0.0359, -0.1859, -0.0627,  0.0159,  0.1208],
        [-0.0800,  0.1462,  0.1312, -0.0686,  0.0654, -0.1195,  0.0857,  0.1722,
         -0.1110, -0.1401, -0.1161,  0.0564, -0.1036, -0.0757,  0.1301,  0.0906],
        [-0.0232, -0.0618, -0.0460, -0.1077, -0.0086,  0.0288, -0.0657, -0.1039,
          0.1412, -0.0210,  0.1500, -0.1811,  0.0065,  0.0839, -0.0239, -0.1487],
        [ 0.0014, -0.0512, -0.0538, -0.0572, -0.0494,  0.0168, -0.1094,  0.0485,
         -0.1312, -0.0318,  0.0526,  0.1032,  0.1416, -0.0319, -0.1401, -0.1570],
        [-0.0150,  0.1444,  0.0357,  0.0672,  0.0700, -0.2089, -0.0615, -0.0099,
         -0.2080,  0.0608, -0.1059,  0.1668, -0.1037,  0.0227,  0.0410,  0.0631],
        [-0.0467,  0.1947, -0.0857, -0.1507,  0.1340, -0.1313, -0.0540,  0.0201,
         -0.0842, -0.1854, -0.1074,  0.0208, -0.0896,  0.0865,  0.0975,  0.1166],
        [-0.1801,  0.2218,  0.1425, -0.0363,  0.0905, -0.2229, -0.0941,  0.1499,
         -0.1443, -0.0117, -0.1900,  0.0417, -0.2653, -0.0781,  0.0125,  0.0192],
        [-0.1176,  0.0516, -0.0489,  0.0339,  0.0846, -0.1546, -0.0855, -0.0068,
         -0.1701, -0.1459, -0.1557,  0.0609, -0.0301, -0.0572,  0.0295,  0.1034],
        [ 0.0407, -0.1835,  0.0409,  0.0551, -0.1265, -0.0974,  0.1404,  0.0397,
          0.1498,  0.1076, -0.0725,  0.0202,  0.0910,  0.0449,  0.1323,  0.1203],
        [ 0.0351, -0.0909,  0.0338,  0.0698, -0.1608,  0.1017,  0.1327,  0.0718,
          0.0139, -0.1367, -0.0988,  0.1190, -0.1253, -0.1149,  0.0131, -0.0259],
        [ 0.0401, -0.1460, -0.1817, -0.0257,  0.0245,  0.0412, -0.1084, -0.0265,
          0.0062, -0.0488,  0.0732,  0.0526,  0.1732, -0.0780, -0.0462, -0.0785],
        [-0.0157, -0.0986,  0.0979, -0.0680, -0.0835, -0.0062,  0.0684,  0.0173,
          0.0340, -0.0152,  0.0943, -0.1176,  0.1105,  0.0401,  0.1537, -0.1576],
        [-0.1543,  0.1206,  0.0590,  0.0119,  0.0728,  0.0052, -0.0279, -0.1372,
         -0.0132,  0.0088, -0.0946,  0.1163, -0.0297,  0.0725,  0.0457, -0.0112],
        [ 0.0854, -0.1788, -0.1065,  0.1850, -0.1485,  0.1166,  0.0251, -0.0583,
          0.1775,  0.1344, -0.0130, -0.0531,  0.0281,  0.1550,  0.0987, -0.0898],
        [ 0.0443,  0.2224,  0.0949,  0.0209, -0.0544, -0.1455,  0.0686,  0.0730,
         -0.1727, -0.1779, -0.0516,  0.2206, -0.2131,  0.0778, -0.0680,  0.0730],
        [ 0.1151, -0.0136, -0.0525, -0.0918, -0.0593, -0.1640,  0.0036,  0.0376,
         -0.1021, -0.1009,  0.0276, -0.1459, -0.1218, -0.1119,  0.1448,  0.0139],
        [ 0.0676,  0.0821,  0.0623,  0.0469,  0.0260,  0.1252,  0.1099, -0.0387,
         -0.1290, -0.0247,  0.0327, -0.0322, -0.0252, -0.0563, -0.0697,  0.0305],
        [ 0.0244, -0.2640, -0.0528, -0.0641, -0.1555,  0.2124, -0.0882,  0.0739,
          0.3052,  0.0212,  0.0856, -0.1316,  0.2223,  0.0766, -0.0502, -0.2286],
        [ 0.0942, -0.1598,  0.0215,  0.2111,  0.0760,  0.1123,  0.0479, -0.0928,
          0.1502, -0.0005,  0.1838,  0.0782,  0.0114,  0.0059, -0.0568,  0.0069],
        [ 0.1257,  0.0657,  0.1032, -0.0465,  0.0094, -0.1311, -0.0060, -0.0148,
         -0.0694, -0.0729, -0.1223,  0.0504, -0.0265, -0.0593, -0.0480,  0.1819],
        [ 0.0171,  0.0909, -0.1167, -0.0702, -0.0789,  0.1173,  0.2258, -0.1299,
          0.1182,  0.0858, -0.0400, -0.0542, -0.0504,  0.0068,  0.1040,  0.1078]],
       device='cuda:0')), ('bn3.weight', tensor([1., 1., 1., 1., 1., 1., 1., 1., 1., 1., 1., 1., 1., 1., 1., 1., 1., 1.,
        1., 1., 1., 1., 1., 1., 1., 1., 1., 1., 1., 1., 1., 1.],
       device='cuda:0')), ('bn3.bias', tensor([0., 0., 0., 0., 0., 0., 0., 0., 0., 0., 0., 0., 0., 0., 0., 0., 0., 0., 0., 0., 0., 0., 0., 0.,
        0., 0., 0., 0., 0., 0., 0., 0.], device='cuda:0')), ('bn3.running_mean', tensor([0., 0., 0., 0., 0., 0., 0., 0., 0., 0., 0., 0., 0., 0., 0., 0., 0., 0., 0., 0., 0., 0., 0., 0.,
        0., 0., 0., 0., 0., 0., 0., 0.], device='cuda:0')), ('bn3.running_var', tensor([1., 1., 1., 1., 1., 1., 1., 1., 1., 1., 1., 1., 1., 1., 1., 1., 1., 1.,
        1., 1., 1., 1., 1., 1., 1., 1., 1., 1., 1., 1., 1., 1.],
       device='cuda:0')), ('bn3.num_batches_tracked', tensor(0, device='cuda:0'))])