OrderedDict([('conv1.bias', tensor([ 2.0877e-08, -7.3706e-08, -4.0999e-07, -5.3681e-08, -5.9931e-08,
         1.5371e-10, -4.0892e-07,  2.7327e-07], device='cuda:0')), ('conv1.lin.weight', tensor([[-2.0184e-04, -1.0390e-04, -5.0649e-05, -3.4522e-05,  1.0474e-05,
          7.7563e-04, -5.1288e-42, -1.2794e-42, -4.1619e-43,  3.1085e-09,
          3.0608e-04,  3.3841e-03,  9.0239e-03, -9.8646e-04,  9.3660e-04,
          7.3253e-02, -3.9372e-03,  3.7416e-03,  4.7895e-03,  5.0154e-03,
         -9.1365e-03, -4.1384e-03,  3.8888e-03,  1.9775e-04,  2.6544e-04,
         -1.3053e-05,  8.4913e-05,  8.4213e-04, -2.9210e-05,  1.1349e-05,
          1.0406e-03,  6.4123e-03, -3.0811e-04, -2.2205e-03, -5.7687e-05,
          5.6394e-04,  1.5952e-19,  6.8578e-04, -3.6557e-02, -8.9953e-02,
         -1.3442e-03, -9.1648e-04, -3.5252e-03,  4.5615e-02,  3.9125e-02,
          1.9106e-04, -3.9310e-04, -1.0476e-01,  9.0546e-04, -2.3294e-04,
          3.2042e-04,  1.7412e-09, -2.2489e-15,  3.3444e-21,  2.0527e-13,
          5.5039e-04,  3.4967e-04,  1.7595e-04,  1.6405e-04, -9.2344e-05,
         -1.3676e-04,  1.0771e-02,  4.1685e-03,  9.3390e-03,  5.1111e-03,
          6.8405e-03, -7.6846e-02,  1.0934e-04],
        [ 2.3868e-05,  4.1268e-05,  4.3965e-06, -4.3879e-05,  7.0864e-06,
          2.6038e-04,  1.9814e-42,  4.1366e-42,  4.9865e-23, -4.1269e-20,
          1.3689e-04, -2.6816e-03,  3.2601e-03, -4.1153e-04,  2.4887e-04,
          5.9137e-02, -2.3139e-04,  1.4267e-03,  8.6100e-04,  5.9359e-04,
         -1.9085e-03,  6.3916e-04, -1.6314e-05,  6.6575e-05,  4.9590e-04,
          3.5917e-04,  1.0113e-04, -5.1720e-04, -2.2543e-05, -1.9635e-05,
          4.4857e-04,  1.2785e-03, -3.1273e-04,  1.9615e-04,  2.9048e-05,
         -1.6090e-04, -6.1383e-17, -3.0494e-04,  1.0127e-01,  1.0042e-01,
          1.8932e-04, -9.4116e-04, -1.1642e-04,  1.3897e-02,  6.2175e-03,
          2.0426e-04, -2.7437e-03, -3.3500e-02, -3.8305e-04, -2.5262e-04,
         -1.2296e-04,  1.9693e-12, -9.4770e-42,  4.3730e-15, -9.2813e-14,
         -6.2100e-05,  2.4499e-04,  3.7060e-05,  6.4613e-05,  2.2720e-04,
          4.0468e-05,  3.1048e-03, -1.9005e-03,  2.0616e-03,  1.2100e-03,
          1.6503e-03,  7.7335e-02,  2.4023e-04],
        [ 1.7379e-05, -5.9591e-05,  6.4815e-05,  6.8345e-05,  1.2207e-05,
          2.4387e-04, -7.5969e-10, -2.2330e-08, -6.3941e-42, -3.8151e-10,
         -1.9698e-04, -6.1836e-04, -2.7144e-03, -3.0408e-04, -1.1465e-03,
         -1.6303e-01,  1.4279e-04, -1.3587e-03, -3.1774e-03, -2.1637e-04,
          1.2422e-03,  5.3508e-03, -1.4772e-03, -1.5375e-04, -1.9237e-03,
          4.8858e-04,  1.1782e-04, -5.0967e-04,  7.1727e-05, -8.5065e-07,
         -1.5784e-04, -4.5897e-03,  4.6008e-05, -2.3337e-04, -4.4083e-04,
         -3.2409e-04,  3.0604e-23,  7.6068e-04, -5.6238e-02,  1.1892e-01,
          5.1757e-04,  1.3296e-05,  7.3452e-04, -1.1908e-02, -8.1415e-03,
         -3.7505e-04,  7.9733e-04, -1.4528e-01, -2.4507e-05,  3.3142e-04,
         -2.2181e-04, -4.7280e-42, -3.2562e-14,  6.6108e-07, -1.5498e-42,
         -2.4482e-04, -5.5458e-05, -2.3161e-04, -1.6887e-05, -2.0531e-06,
          1.4764e-05, -4.6382e-03, -9.3597e-04, -4.8408e-04, -1.6892e-03,
         -3.1673e-03,  4.0671e-02,  4.7204e-05],
        [-5.5130e-05, -1.8535e-04,  1.4620e-05, -3.3930e-05,  1.1709e-05,
          9.5104e-05,  2.3162e-15, -6.7564e-23, -5.5384e-11, -2.4691e-42,
          2.1783e-04,  1.6240e-04,  2.6329e-03,  7.4513e-04,  9.9001e-04,
         -1.7297e-01,  2.6518e-03,  1.1374e-03,  5.1809e-04,  2.4193e-03,
         -2.8383e-03, -2.1357e-03,  2.7125e-03, -7.1633e-05, -7.1353e-04,
          5.1983e-04, -5.6318e-06,  1.4018e-03,  7.7184e-05,  1.7523e-04,
          1.9205e-03, -5.3314e-03, -8.7144e-04,  2.8927e-04,  3.9799e-05,
          3.3166e-05, -7.9864e-11, -2.2006e-04, -3.5080e-02, -3.8086e-02,
          1.9187e-04,  2.6707e-03,  6.8595e-04, -3.2316e-02, -1.9847e-02,
          7.1579e-04,  1.5454e-03, -8.8267e-03, -3.5954e-05,  4.5945e-06,
          4.5683e-04,  5.9597e-19, -8.0655e-27,  2.7606e-43,  2.8320e-42,
         -2.2223e-04,  6.1312e-04, -2.8438e-04, -7.2081e-05, -1.7553e-04,
         -2.3084e-04, -6.2555e-03, -3.5974e-03, -3.0622e-03,  2.4718e-03,
          2.0625e-03, -1.1521e-01,  1.2188e-04],
        [ 5.0840e-06,  6.9869e-05, -9.4877e-05,  1.1208e-04,  1.3695e-05,
         -6.8053e-04, -1.0720e-42,  1.3141e-27, -5.2647e-42,  3.8880e-18,
          2.4692e-04, -2.3123e-03,  2.8696e-05,  1.0441e-04, -4.6508e-04,
         -1.3625e-01, -1.4691e-04, -4.9248e-04, -1.8549e-03, -2.0255e-03,
          2.6519e-03,  4.1954e-03, -3.4062e-03, -2.0057e-04, -1.2523e-03,
          2.2996e-04,  5.5329e-05, -6.7760e-04,  1.8374e-04,  3.1589e-04,
         -1.6225e-04,  1.6034e-03, -3.2283e-04, -3.8796e-04,  1.2509e-04,
         -4.5394e-04,  2.1530e-15,  7.2099e-05,  7.8540e-02,  3.1944e-02,
          9.8900e-04, -5.1426e-04, -1.4717e-05,  1.1151e-02,  3.1746e-03,
          8.3800e-05,  2.6819e-03,  1.8829e-01, -3.9034e-04, -1.4110e-04,
          1.6661e-04,  6.4490e-09,  6.9532e-42,  5.2857e-42, -9.6045e-42,
         -3.4756e-04, -2.6578e-04,  7.2869e-05,  1.1669e-04, -1.3199e-04,
          1.5900e-04, -1.5212e-03, -8.6125e-04, -1.5959e-03,  2.1995e-03,
          1.0496e-03, -1.9752e-02,  2.1345e-04],
        [-1.8057e-04,  2.5866e-04,  8.2885e-05, -1.1015e-05, -1.9377e-05,
          1.3045e-03,  6.1982e-22, -3.1389e-42, -2.8848e-07,  7.3848e-14,
         -3.5575e-05,  6.4043e-03,  1.0227e-02, -8.5420e-04,  3.0020e-03,
          3.5028e-02, -4.9323e-03,  1.0248e-02,  8.9471e-03,  1.0239e-02,
         -9.2404e-03, -7.9792e-03,  1.1379e-02,  4.6149e-04,  3.6819e-03,
          2.6236e-04,  3.6062e-05,  8.7041e-04,  2.1028e-05,  2.4676e-04,
          1.0748e-05,  1.9230e-02, -6.2125e-04, -1.7418e-03,  3.1094e-04,
         -1.8247e-04, -1.8497e-42, -1.4313e-04, -1.4834e-01, -1.1487e-01,
         -3.8729e-03, -4.0542e-03, -6.0518e-03,  1.0970e-01,  6.7239e-02,
          2.0785e-04,  7.9826e-04,  1.6417e-01,  3.6140e-04,  9.6287e-04,
          1.2842e-03,  3.1880e-42, -3.5891e-08,  5.7425e-42, -7.7800e-42,
          1.1197e-03,  3.9842e-04, -2.3477e-04,  6.8166e-04,  5.6430e-04,
          9.1856e-05,  2.9005e-02,  1.1854e-02,  1.5494e-02,  9.1079e-03,
          1.0072e-02,  3.0483e-02,  1.9561e-04],
        [ 6.6690e-05, -1.6617e-05, -2.6677e-05, -3.2912e-05, -4.2887e-05,
         -1.6468e-04, -9.3551e-42,  1.3368e-42,  1.2540e-41, -4.1476e-11,
          6.4649e-05, -3.1427e-03,  2.8223e-03, -7.6688e-04,  6.0630e-04,
         -5.7384e-02,  1.8388e-03,  2.4140e-03,  2.8111e-03,  8.9978e-04,
          1.2991e-05,  9.2588e-04, -8.8635e-04, -1.1832e-04,  3.8578e-04,
         -6.5446e-04,  3.1979e-04, -2.8791e-04, -8.2215e-05, -3.8425e-04,
         -5.3580e-04,  6.8370e-03,  1.7121e-04, -3.5319e-04, -2.2456e-05,
         -4.3029e-06, -2.9935e-13, -1.4557e-03, -2.1688e-01,  1.1095e-01,
          2.2808e-05, -3.1865e-04, -7.5057e-04,  2.9463e-02,  1.7386e-02,
          3.7468e-04, -9.0086e-04,  1.3031e-01, -6.5158e-05,  2.4260e-04,
          3.1042e-04,  5.6052e-43, -8.4488e-16, -2.5924e-42,  7.0443e-42,
          2.5431e-05,  1.0016e-04,  3.1116e-04, -1.9468e-04, -6.9158e-05,
         -3.0596e-04,  6.0674e-03,  8.7280e-04,  1.4130e-03,  2.5843e-03,
          1.0841e-03,  2.2552e-02,  1.7668e-05],
        [-3.9586e-04,  3.1274e-04,  9.4985e-05,  2.1549e-04, -2.5904e-05,
          4.2833e-04,  6.0676e-42,  5.4279e-12,  5.0041e-08,  6.7186e-07,
         -5.9697e-04,  3.8473e-03,  9.7498e-03, -3.8456e-04,  1.1922e-03,
          4.8370e-02,  1.5239e-04,  4.6564e-03,  5.7772e-03,  8.7559e-03,
         -1.0989e-02, -9.7556e-03,  9.3215e-03,  3.3378e-04,  2.0422e-03,
          7.0999e-04,  1.1565e-05, -8.9730e-04,  9.9289e-05,  1.2922e-04,
          1.2132e-04,  1.0406e-02, -1.8694e-04, -1.8571e-04, -1.6890e-04,
          3.1101e-04, -3.0682e-09,  1.7911e-03, -9.1780e-02, -8.3493e-02,
         -1.7950e-03, -7.8861e-04, -2.6701e-03,  7.2478e-02,  6.7670e-02,
          7.2241e-04, -2.1249e-04,  7.3998e-03, -7.5895e-04,  1.1856e-03,
          3.8906e-04,  6.4142e-13,  5.3055e-10, -2.7045e-43,  2.7984e-42,
          5.9974e-04,  3.3069e-04, -3.8985e-04,  2.5163e-04,  7.2794e-04,
         -8.9470e-05,  1.2618e-02,  1.0409e-02,  1.2190e-02,  4.5703e-03,
          1.8490e-02, -9.2082e-02, -6.7755e-05]], device='cuda:0')), ('conv1.aggr.t', tensor([1.], device='cuda:0')), ('bn1.weight', tensor([0.7024, 0.7947, 0.7623, 0.6594, 0.7173, 0.6386, 0.8000, 0.6402],
       device='cuda:0')), ('bn1.bias', tensor([0.0925, 0.0685, 0.0153, 0.0892, 0.0120, 0.0605, 0.0641, 0.0708],
       device='cuda:0')), ('bn1.running_mean', tensor([ -818.2845,  1071.5027,  -137.4228, -1448.2694,    58.4561,   153.5672,
           68.0280,  -888.4578], device='cuda:0')), ('bn1.running_var', tensor([2217168.2500, 2304664.7500, 1712410.8750, 4864182.0000, 1118229.2500,
        1569599.0000, 1714448.2500, 2871621.2500], device='cuda:0')), ('bn1.num_batches_tracked', tensor(47024, device='cuda:0')), ('conv2.bias', tensor([ 2.7414e-06,  4.5531e-06,  6.6240e-07, -6.2688e-06,  2.4409e-06,
         1.3712e-06, -8.7223e-08, -4.2564e-07,  2.7246e-06, -2.7486e-06,
        -6.8607e-07,  3.2354e-06,  4.0345e-06, -1.8198e-06, -4.2779e-07,
        -6.7035e-06], device='cuda:0')), ('conv2.lin.weight', tensor([[-0.2047, -0.1632,  0.1499,  0.1186,  0.0083, -0.1706, -0.3010,  0.0748],
        [ 0.1635, -0.3472,  0.2941,  0.2032, -0.0340, -0.0055, -0.3350, -0.0581],
        [ 0.0714,  0.2852,  0.0248, -0.1067,  0.1812, -0.1240,  0.2087,  0.0786],
        [ 0.0049, -0.2966, -0.0558, -0.2702,  0.0076,  0.0973, -0.2052, -0.1192],
        [ 0.0761, -0.0811,  0.1975,  0.1310,  0.1440,  0.0935,  0.0626, -0.0468],
        [ 0.2007,  0.0703, -0.3107, -0.0297, -0.0669, -0.0410,  0.2972,  0.1463],
        [-0.0948,  0.0439,  0.2043,  0.0387,  0.2223, -0.0221,  0.1410, -0.2235],
        [-0.1042,  0.0902,  0.1181,  0.0321, -0.0784,  0.1953,  0.2233,  0.1214],
        [-0.1052,  0.0963,  0.0065, -0.1323, -0.2764, -0.1697,  0.1138, -0.0687],
        [ 0.1773,  0.0091, -0.1692, -0.0546,  0.0783, -0.2876, -0.1260,  0.0504],
        [ 0.0413, -0.1459,  0.1013, -0.1637, -0.2951, -0.3510,  0.2938,  0.1236],
        [ 0.1669, -0.0542, -0.1229,  0.2880, -0.0929, -0.1368, -0.1893, -0.1468],
        [ 0.1337,  0.3898,  0.2714, -0.1176,  0.2195,  0.2173, -0.2098,  0.1732],
        [-0.0468,  0.0491,  0.2507, -0.0245, -0.0642,  0.1100,  0.0341, -0.2423],
        [-0.1412, -0.0525,  0.2260,  0.0518, -0.0765,  0.2003,  0.1772,  0.0636],
        [ 0.0626, -0.1701, -0.2172, -0.0902, -0.0157,  0.0184, -0.1702, -0.1135]],
       device='cuda:0')), ('conv2.aggr.t', tensor([1.], device='cuda:0')), ('bn2.weight', tensor([0.6934, 0.7575, 0.6887, 0.7147, 0.6336, 0.5422, 0.6632, 0.6763, 0.6847,
        0.6154, 0.5958, 0.7601, 0.7036, 0.7654, 0.6502, 0.5777],
       device='cuda:0')), ('bn2.bias', tensor([-0.3533,  0.4971, -0.0671, -0.4532, -0.3527, -0.0646,  0.3125, -0.4988,
         0.0276, -0.4413,  0.0590, -0.2774,  0.0884, -0.3098,  0.0890,  0.3353],
       device='cuda:0')), ('bn2.running_mean', tensor([-0.1469, -0.0505,  0.1849, -0.2561,  0.1459,  0.0945,  0.0761,  0.1622,
        -0.1267, -0.0747, -0.0909, -0.0620,  0.2941,  0.0151,  0.1103, -0.1983],
       device='cuda:0')), ('bn2.running_var', tensor([0.0580, 0.1150, 0.0618, 0.0552, 0.0197, 0.0385, 0.0526, 0.0491, 0.0340,
        0.0450, 0.0609, 0.0572, 0.1202, 0.0402, 0.0397, 0.0488],
       device='cuda:0')), ('bn2.num_batches_tracked', tensor(47024, device='cuda:0')), ('conv3.bias', tensor([ 1.9658e-06, -5.2507e-08,  2.3164e-06,  1.5668e-07, -1.8277e-06,
        -1.7059e-06, -4.7241e-08, -2.2334e-06,  4.2340e-07, -2.8318e-06,
        -2.0000e-06,  2.1357e-06,  2.4824e-06, -3.0881e-07,  3.5431e-06,
         2.5526e-07,  3.8754e-07,  5.0732e-07, -4.7616e-06,  1.8575e-06,
         3.5772e-06, -8.6827e-07, -5.7895e-07,  1.6951e-06,  7.8182e-07,
         2.0903e-07,  3.6485e-06,  1.7698e-06,  1.0611e-06, -4.9383e-07,
        -3.3271e-06,  3.4658e-06], device='cuda:0')), ('conv3.lin.weight', tensor([[ 0.0819, -0.2734, -0.0142, -0.0684,  0.1289, -0.1136,  0.1044, -0.0673,
         -0.0122, -0.2634,  0.1078,  0.1638, -0.1439, -0.0867, -0.1015,  0.1429],
        [-0.1889,  0.2183,  0.0587, -0.0446, -0.0292, -0.2286, -0.1308, -0.0281,
         -0.0413,  0.1423,  0.1260, -0.2107,  0.0684, -0.1662,  0.1733,  0.0381],
        [ 0.1136,  0.1328,  0.1321, -0.2028, -0.0461, -0.0149,  0.0164,  0.1787,
         -0.0581, -0.0199,  0.1109, -0.1983,  0.0776, -0.1916, -0.0985,  0.1890],
        [ 0.2438, -0.1449, -0.1232, -0.1459,  0.0250,  0.0323, -0.1729,  0.0632,
         -0.0535, -0.1562, -0.0954, -0.0562,  0.0416, -0.0903, -0.0671, -0.0962],
        [ 0.0461, -0.0837, -0.0327,  0.1987,  0.0891,  0.0291, -0.0888,  0.1247,
          0.0428,  0.1470,  0.1184, -0.0928,  0.1529,  0.0709, -0.2192, -0.0589],
        [ 0.1809, -0.2984, -0.1065,  0.0683,  0.0301, -0.0353, -0.1508,  0.1835,
         -0.1591,  0.0718,  0.0125,  0.0866, -0.0098,  0.0538,  0.0431, -0.1723],
        [-0.1157, -0.0953, -0.0577, -0.2179, -0.0087, -0.1194, -0.0451, -0.1459,
         -0.0061, -0.1921,  0.0099,  0.0243,  0.0879, -0.1324,  0.0025,  0.1523],
        [-0.1328,  0.1044,  0.1124, -0.1768, -0.1740, -0.0546,  0.1132,  0.0347,
         -0.0593, -0.0157,  0.0520,  0.1027,  0.0389,  0.0638, -0.0505,  0.2376],
        [ 0.0352, -0.1165, -0.1778,  0.0028,  0.0461, -0.0993, -0.0089,  0.1945,
          0.1017,  0.0889, -0.0031,  0.1492,  0.1944, -0.1019, -0.0774, -0.1310],
        [ 0.0822,  0.1142, -0.1353, -0.0662, -0.1555, -0.0479,  0.0118, -0.0098,
         -0.1071, -0.1554,  0.1062, -0.1248,  0.1188, -0.1635, -0.0142, -0.0950],
        [ 0.0729, -0.1518, -0.0436, -0.0233, -0.1866,  0.0138,  0.1272,  0.0067,
         -0.0830, -0.0771, -0.0159, -0.0520, -0.0740, -0.0605, -0.0489,  0.0296],
        [ 0.0746, -0.1637, -0.0536,  0.0789, -0.0976, -0.0694,  0.1385,  0.0351,
         -0.0790,  0.0874,  0.1540,  0.1918,  0.1400, -0.1156, -0.0012, -0.1385],
        [-0.1113,  0.0831, -0.1377, -0.0522, -0.1641, -0.0491,  0.0121, -0.0810,
         -0.0620, -0.1478,  0.1052, -0.1450,  0.2000, -0.1009,  0.0673,  0.1104],
        [ 0.0293,  0.0139,  0.0809, -0.0518,  0.0903,  0.0712, -0.1444,  0.1238,
         -0.1148, -0.0764, -0.0583, -0.1295, -0.1021,  0.0339, -0.2188,  0.1181],
        [-0.0116, -0.0019, -0.0706,  0.1693, -0.0128,  0.0634, -0.1023, -0.0601,
          0.0223,  0.0504, -0.0536,  0.0251,  0.0981,  0.1505,  0.1131,  0.0226],
        [ 0.0970, -0.1165, -0.0452,  0.0920,  0.1826,  0.0232, -0.1288,  0.1845,
          0.0242,  0.1520, -0.0232,  0.1081,  0.0453,  0.0771,  0.0277, -0.1562],
        [ 0.0734,  0.1291, -0.0553, -0.1493,  0.0419,  0.1084, -0.0917, -0.1526,
          0.0594, -0.1186, -0.1822, -0.0528,  0.1225, -0.1901,  0.1869,  0.0103],
        [-0.1855, -0.0671,  0.0049,  0.1862,  0.0548, -0.1009, -0.0708,  0.0369,
          0.0561,  0.0049, -0.1170,  0.2027, -0.0703,  0.0952,  0.0651,  0.0503],
        [-0.0746,  0.0160, -0.0865, -0.1686,  0.1317,  0.0547, -0.0003,  0.0378,
          0.0927,  0.0722, -0.1090, -0.1388, -0.1475,  0.1619, -0.0938,  0.1702],
        [ 0.0233,  0.0273,  0.0444, -0.1064,  0.1031,  0.1591, -0.0493, -0.1235,
         -0.1787, -0.0888,  0.0675, -0.0015, -0.0324,  0.1593, -0.1971,  0.0615],
        [-0.1350, -0.0466,  0.0900,  0.0956,  0.1243, -0.0629, -0.2348,  0.1008,
         -0.1105,  0.0331,  0.0556,  0.1931,  0.1067,  0.1066, -0.1048, -0.1316],
        [-0.1680,  0.1426, -0.0902, -0.0746, -0.0594,  0.1283, -0.1268,  0.2562,
          0.0721,  0.0538,  0.0758,  0.1150, -0.0589, -0.2023,  0.0889, -0.1975],
        [-0.0424,  0.0174, -0.0943, -0.1370,  0.0821, -0.0189,  0.0760, -0.0130,
          0.0391, -0.0550, -0.1136,  0.2392, -0.0410, -0.0512, -0.0229, -0.0704],
        [ 0.0973, -0.0494,  0.1508,  0.0833, -0.0747, -0.1719, -0.1036, -0.0092,
          0.2067,  0.1808, -0.2484,  0.0545, -0.1407, -0.1631,  0.2679, -0.2065],
        [-0.0935,  0.0174, -0.1245, -0.0027,  0.2302,  0.0306, -0.0929,  0.1920,
          0.0717,  0.0225, -0.1661,  0.1945,  0.0110,  0.0502, -0.1831, -0.1332],
        [-0.0022,  0.0528, -0.1933, -0.1139,  0.2206,  0.1093,  0.1438, -0.1695,
          0.1896,  0.0960,  0.0806, -0.0584,  0.2253, -0.1543, -0.1015, -0.0615],
        [-0.1058,  0.1493, -0.2298, -0.1615, -0.1488,  0.0245,  0.2088, -0.0509,
          0.0636, -0.0266, -0.0993,  0.0330, -0.0251,  0.1001,  0.0258,  0.1177],
        [-0.0226,  0.0327,  0.1123,  0.2022,  0.0704,  0.1437, -0.0022,  0.0383,
          0.1377,  0.0523, -0.0838, -0.0737,  0.0919, -0.0330, -0.0473,  0.1492],
        [-0.1765,  0.2385,  0.0096, -0.1371, -0.1085, -0.0741,  0.0412, -0.1452,
         -0.0526, -0.1800, -0.0004, -0.0237,  0.0093, -0.1564,  0.1656,  0.0115],
        [ 0.2395, -0.1955,  0.1603,  0.1584,  0.1214,  0.0900, -0.0406,  0.1669,
         -0.0389,  0.1763,  0.0666,  0.1132, -0.0471,  0.1726,  0.1097,  0.0628],
        [-0.2333,  0.1749,  0.1494,  0.0528,  0.0106,  0.0251,  0.0458, -0.2065,
          0.1047, -0.2545,  0.0535,  0.1199,  0.1239,  0.0111, -0.0988,  0.1013],
        [-0.0190,  0.0602,  0.1841, -0.0443,  0.1635, -0.0085, -0.1680,  0.2002,
         -0.1708,  0.1597,  0.0998,  0.0930,  0.0550,  0.0851, -0.0238,  0.1217]],
       device='cuda:0')), ('bn3.weight', tensor([1., 1., 1., 1., 1., 1., 1., 1., 1., 1., 1., 1., 1., 1., 1., 1., 1., 1.,
        1., 1., 1., 1., 1., 1., 1., 1., 1., 1., 1., 1., 1., 1.],
       device='cuda:0')), ('bn3.bias', tensor([0., 0., 0., 0., 0., 0., 0., 0., 0., 0., 0., 0., 0., 0., 0., 0., 0., 0., 0., 0., 0., 0., 0., 0.,
        0., 0., 0., 0., 0., 0., 0., 0.], device='cuda:0')), ('bn3.running_mean', tensor([0., 0., 0., 0., 0., 0., 0., 0., 0., 0., 0., 0., 0., 0., 0., 0., 0., 0., 0., 0., 0., 0., 0., 0.,
        0., 0., 0., 0., 0., 0., 0., 0.], device='cuda:0')), ('bn3.running_var', tensor([1., 1., 1., 1., 1., 1., 1., 1., 1., 1., 1., 1., 1., 1., 1., 1., 1., 1.,
        1., 1., 1., 1., 1., 1., 1., 1., 1., 1., 1., 1., 1., 1.],
       device='cuda:0')), ('bn3.num_batches_tracked', tensor(0, device='cuda:0'))])