OrderedDict([('conv1.bias', tensor([-1.3022e-07,  1.1475e-07, -1.2053e-07, -2.7392e-09, -2.4658e-08,
         8.0824e-08, -1.3216e-08, -8.8649e-09], device='cuda:0')), ('conv1.lin.weight', tensor([[-2.2033e-05,  2.1698e-04,  5.3075e-05, -5.3216e-05,  2.0542e-05,
          1.5405e-04, -1.5976e-15,  2.8889e-16,  8.8861e-26, -4.0666e-42,
         -1.4181e-04, -1.1144e-03, -2.0491e-04, -1.2077e-04,  3.4520e-04,
         -2.4792e-01,  5.3475e-04,  3.4938e-05, -9.7721e-05,  6.8029e-04,
         -2.2322e-03, -3.1419e-03,  5.7190e-04, -4.5249e-05, -1.0081e-03,
          1.5242e-04,  2.2492e-05,  2.2946e-04,  1.7644e-05, -7.2957e-05,
          6.4983e-05,  2.1492e-03,  1.0666e-04, -2.5023e-04,  1.3242e-04,
         -5.3804e-04, -1.5697e-29, -1.6212e-04,  1.1485e-01, -2.4183e-01,
          6.2009e-04,  2.2519e-04, -4.5785e-04,  9.2745e-03,  4.3174e-02,
         -5.4626e-05,  4.6192e-04,  3.6430e-02, -5.2252e-04,  1.5660e-04,
         -3.6502e-06, -3.4248e-42, -2.1300e-43, -4.3149e-15, -5.3524e-32,
          2.2540e-05, -1.9147e-04, -4.3502e-05, -2.9298e-04,  7.3277e-06,
          1.1593e-04,  1.8263e-03,  3.0337e-03, -8.9767e-04, -2.6305e-03,
          2.3482e-03, -5.5789e-02, -7.0785e-05],
        [ 1.3032e-04, -1.0803e-04,  1.2749e-04, -1.8340e-04, -2.5806e-05,
         -3.6647e-04, -4.5725e-10,  1.3175e-16, -3.7772e-21,  2.8130e-21,
          1.6867e-04,  4.5441e-03,  3.3493e-02,  5.5925e-04,  6.6852e-04,
         -1.2186e-01, -2.4893e-03,  3.2893e-04,  2.5637e-03,  1.9222e-03,
         -1.9808e-04,  1.2498e-03, -7.8893e-04, -4.6114e-04, -5.9507e-04,
         -4.4533e-05, -3.0156e-05,  6.8305e-04, -8.2079e-05, -3.9483e-04,
          1.2974e-03,  4.7840e-04,  4.3261e-04, -2.4036e-04, -3.5751e-04,
          9.0125e-04, -4.0708e-42,  5.2445e-04, -1.3382e-01,  4.3216e-02,
         -2.9220e-04,  1.1266e-03,  1.6763e-03, -1.9806e-01, -6.4903e-02,
          6.6970e-04, -3.0529e-03, -1.1433e-01,  6.3399e-04,  3.7747e-04,
         -2.5705e-04,  3.2244e-42, -9.3467e-43,  3.4760e-30, -2.5699e-17,
         -4.3058e-05, -1.3087e-04,  4.4336e-05, -2.7735e-04,  1.1780e-04,
         -2.1906e-04, -3.7889e-03, -9.3495e-03,  3.0320e-03,  3.9842e-03,
          6.5935e-02, -1.3936e-02,  3.1848e-04],
        [ 1.8820e-04, -9.7473e-05,  3.6193e-04,  6.4150e-05, -7.2370e-05,
         -5.8978e-07, -1.8998e-19, -4.9130e-42,  6.2535e-12,  6.3498e-10,
          1.3098e-04, -2.0232e-03,  4.2141e-03,  2.1109e-04,  3.5170e-04,
         -6.9173e-02, -5.4209e-04, -1.2310e-03,  6.5751e-04,  1.0618e-03,
         -2.6017e-03, -5.7154e-03, -4.0130e-04, -3.6692e-04, -1.9420e-03,
          5.0133e-04, -2.9857e-05, -3.7006e-04,  8.4473e-05, -3.6022e-04,
         -1.1470e-03,  1.0357e-03,  4.4977e-04,  3.7962e-04, -4.8303e-04,
         -1.5851e-04, -1.1271e-41,  6.4560e-04, -7.6990e-02, -6.3383e-02,
         -2.2065e-05, -4.8087e-04,  5.3399e-04,  2.0815e-01, -1.1142e-01,
         -7.2555e-05,  3.4473e-03, -9.9592e-04, -1.8610e-03, -9.7418e-06,
         -3.8394e-05, -9.9156e-42, -3.5663e-42, -6.0340e-42,  1.2239e-14,
         -7.7738e-04,  1.4249e-04,  2.4449e-04,  1.4867e-04, -1.3812e-04,
          2.1298e-04,  3.1143e-03, -6.1588e-04, -6.4167e-03, -1.3013e-02,
         -1.3267e-01, -1.3654e-02, -2.3402e-04],
        [-7.2505e-05,  8.8604e-06, -5.6065e-05,  2.9415e-05, -1.3033e-05,
         -1.8475e-04, -1.1269e-16,  6.6772e-42, -1.7607e-24,  3.1571e-42,
          1.2083e-04, -4.1758e-03,  9.5968e-04,  1.7937e-05, -4.9201e-05,
         -2.1781e-01, -1.1446e-03, -1.1044e-03, -1.0179e-03, -2.1662e-03,
         -3.6423e-04, -2.4214e-04, -6.7248e-04,  1.6650e-04,  1.9797e-04,
         -6.8198e-05,  6.0246e-05, -4.0192e-04, -2.3964e-06,  2.9423e-04,
          1.1227e-04, -1.6389e-03,  9.3384e-05,  2.1647e-04, -2.7667e-04,
         -1.7229e-04, -4.9832e-14,  3.7956e-04, -2.3559e-01,  9.7124e-02,
          5.0064e-04, -4.3568e-04,  6.0862e-04, -1.1727e-01, -1.0602e-01,
          3.0607e-04,  4.9119e-04, -5.5966e-02, -4.3988e-04, -2.2302e-04,
          4.7776e-04, -3.3393e-42, -6.7200e-09,  1.1393e-25, -1.8651e-09,
          2.3931e-04,  2.1300e-04, -8.0750e-05,  1.5141e-04, -1.5319e-04,
         -4.9189e-06, -3.1522e-03, -3.5152e-03, -9.8367e-04,  6.0907e-04,
         -4.2128e-02, -6.3818e-02, -1.5431e-04],
        [ 2.1396e-04, -1.1693e-04,  1.6351e-04,  1.9657e-04,  1.8971e-05,
         -3.8472e-04,  6.7136e-42, -4.1044e-42,  4.5077e-17, -9.7355e-17,
          1.4269e-04,  1.6170e-04,  5.6888e-03,  4.1984e-04,  9.7027e-05,
          2.9958e-02, -7.4946e-04,  1.7563e-03,  5.7055e-04, -2.7095e-03,
         -5.6708e-04,  9.5188e-04,  2.8444e-03,  2.2312e-05,  5.1310e-04,
          2.5633e-04,  8.1310e-05, -3.7087e-04, -2.0747e-05,  4.8176e-04,
         -1.0886e-05,  3.0752e-03, -2.6446e-04, -2.1664e-04,  4.7164e-05,
          3.4690e-04, -2.1474e-09,  1.7654e-03, -2.2475e-02, -3.7501e-02,
          5.2214e-05, -2.9206e-04,  1.1913e-03, -4.7259e-02,  2.2148e-01,
         -4.4676e-04,  5.4445e-03,  5.0692e-02, -3.3823e-04,  9.8927e-07,
         -5.1313e-04,  2.7309e-09, -3.2510e-43, -2.3626e-42, -3.9238e-09,
          5.6933e-04,  2.7426e-04,  1.8334e-04, -6.8467e-06,  1.5908e-04,
         -9.6469e-05,  3.0014e-03,  3.8760e-03,  5.1115e-03,  7.9948e-03,
          1.6389e-01,  1.3628e-02, -6.9414e-05],
        [ 4.5427e-05,  1.5444e-04,  2.1177e-06,  2.8925e-05, -1.4351e-05,
          5.0643e-04,  6.4838e-42, -5.7804e-42, -2.6625e-42,  1.9612e-09,
          7.8149e-05, -8.5847e-04,  2.2893e-03,  4.5766e-04, -5.1569e-04,
         -1.6111e-01, -1.5198e-03,  4.0156e-04,  1.2847e-03,  5.4562e-04,
         -5.9828e-03, -2.4100e-03, -6.3020e-04,  1.5216e-04, -2.3091e-04,
          1.7197e-04,  3.4956e-04,  2.2585e-04, -2.1853e-06,  7.9385e-05,
          3.8157e-04,  8.7199e-04,  2.2186e-04, -2.4653e-04, -4.7905e-04,
          8.8773e-04, -1.6490e-41,  5.3438e-04,  5.8762e-02, -1.4630e-01,
         -5.8598e-04, -2.3878e-04, -5.0710e-04, -1.7530e-02, -1.3394e-01,
          8.2598e-05,  7.5045e-04, -1.2226e-01,  6.3842e-04,  2.0911e-04,
         -6.7814e-05,  1.8763e-42,  1.8449e-12,  5.5870e-42,  2.3664e-12,
          8.5313e-05,  4.4106e-04, -1.2163e-04, -2.1868e-04, -3.8270e-05,
         -1.0313e-04,  6.6412e-04, -2.8189e-03, -2.2059e-04, -7.4946e-04,
         -3.3603e-02, -4.5326e-02,  1.4517e-04],
        [ 6.2292e-04, -1.8357e-04, -6.1362e-05,  3.0187e-04, -1.1125e-05,
         -1.8100e-03, -4.2926e-19, -3.6154e-42,  5.8798e-42, -1.5298e-06,
         -4.6788e-04,  3.7490e-04, -8.6832e-03, -7.8999e-05, -2.2767e-04,
         -4.5104e-02, -1.6684e-03,  1.8639e-04, -4.1673e-04,  3.4204e-04,
          5.8487e-03,  6.9465e-03,  3.3711e-03, -2.2966e-04, -9.1221e-05,
          5.8499e-04, -4.6983e-05,  1.3121e-03,  3.7891e-05,  3.9256e-05,
         -5.6626e-04, -5.4274e-03,  3.6870e-04,  6.2319e-04,  6.1873e-04,
         -1.7651e-04,  7.6693e-42,  5.2123e-04,  4.1016e-02, -4.6035e-02,
          7.8409e-04,  1.3055e-03,  6.3931e-04, -1.3422e-02,  1.6457e-01,
         -4.3839e-05, -3.3693e-03,  2.7036e-02,  6.7874e-04, -2.4522e-04,
          3.4573e-04,  6.4134e-20, -1.8449e-07,  8.1697e-09, -1.2808e-15,
         -3.2580e-04, -3.0189e-04,  3.7234e-04, -4.3524e-05,  5.7445e-04,
         -5.0282e-05, -7.3600e-03,  2.3305e-03,  3.2314e-03,  1.3717e-03,
          2.6362e-01, -2.9137e-04,  2.8647e-05],
        [-7.1349e-05,  5.1308e-05, -2.1605e-05,  1.8643e-05, -4.1251e-06,
         -2.6975e-05,  4.0147e-42, -1.2535e-08, -4.8065e-43,  4.0750e-42,
         -8.2132e-05, -2.6915e-03,  3.3427e-03,  5.4650e-04, -1.7358e-04,
          5.2922e-02,  7.9821e-04, -2.9478e-04,  3.8442e-04,  3.2902e-04,
         -9.1618e-04, -1.1442e-03,  1.7071e-03, -1.3692e-04,  5.8098e-04,
          3.1767e-04,  2.6286e-05,  1.9507e-05, -4.9468e-06, -1.1400e-04,
         -2.5911e-04, -5.7354e-04,  1.0438e-04, -2.8411e-06, -5.0765e-06,
          2.0655e-04,  2.9299e-12, -2.4745e-05, -1.7775e-02, -7.0323e-03,
         -3.2260e-04, -2.6315e-05, -6.2435e-04, -4.8812e-03,  2.0655e-01,
          2.3475e-05,  1.5771e-04, -1.3027e-02,  3.0686e-04, -4.6186e-05,
         -7.2258e-05,  1.5650e-23, -5.8756e-42, -9.1785e-43, -1.2960e-12,
          7.6292e-05, -9.7060e-05, -5.8470e-05,  3.6287e-05, -1.9143e-05,
         -7.7498e-05, -2.4296e-04, -8.7093e-04,  1.5398e-02, -1.4099e-03,
          1.4178e-01,  7.2797e-02, -1.1030e-04]], device='cuda:0')), ('conv1.aggr.t', tensor([1.], device='cuda:0')), ('bn1.weight', tensor([0.7822, 0.8329, 0.7357, 0.8295, 0.8150, 0.7359, 0.9487, 0.8117],
       device='cuda:0')), ('bn1.bias', tensor([0.1429, 0.0481, 0.1227, 0.1724, 0.1126, 0.1813, 0.1592, 0.0421],
       device='cuda:0')), ('bn1.running_mean', tensor([ -907.7262,  -669.6591,  -492.7428, -1256.5698,   235.4621,  -914.6130,
          100.2966,   660.6391], device='cuda:0')), ('bn1.running_var', tensor([3771623.0000, 1040438.7500,  378487.8750, 3964694.0000,  226199.4531,
        2112876.7500,  151832.4844, 2038295.8750], device='cuda:0')), ('bn1.num_batches_tracked', tensor(47024, device='cuda:0')), ('conv2.bias', tensor([-1.2864e-07, -4.9865e-06, -1.0963e-05,  1.0228e-06, -1.1146e-06,
        -1.9631e-06, -8.1949e-06,  8.5626e-06,  5.1503e-06, -4.1294e-06,
        -8.0479e-06, -2.2038e-06,  8.9465e-07,  2.2170e-06, -4.5889e-06,
         1.9410e-06], device='cuda:0')), ('conv2.lin.weight', tensor([[-0.0355,  0.0357, -0.2812,  0.3418,  0.0220, -0.1992, -0.0107, -0.0742],
        [ 0.2112, -0.1955,  0.1656,  0.1999, -0.1396,  0.1529, -0.4076, -0.1296],
        [ 0.0281, -0.0919,  0.0840, -0.2365, -0.1219,  0.0426, -0.0366, -0.0552],
        [ 0.1555, -0.0478,  0.2863, -0.2488,  0.2668, -0.0884,  0.1604,  0.1302],
        [ 0.1999, -0.1946, -0.2034,  0.2963,  0.2418, -0.1078,  0.3109,  0.2301],
        [-0.2223,  0.2920, -0.0320,  0.1748,  0.2044, -0.1079, -0.3041, -0.0688],
        [-0.1318,  0.0130, -0.1640, -0.1771, -0.0344, -0.1087, -0.2370, -0.1535],
        [-0.2295,  0.1228,  0.2041,  0.1098,  0.2581, -0.0255,  0.3004, -0.0289],
        [ 0.1956,  0.3296,  0.3364, -0.3940, -0.0194,  0.0920,  0.1740,  0.2603],
        [ 0.1351, -0.0402,  0.3032, -0.2551, -0.2353, -0.2496, -0.2424, -0.0512],
        [-0.3104, -0.2589,  0.1523, -0.1133, -0.2329, -0.1107, -0.3645, -0.0456],
        [-0.2542,  0.2253, -0.0894,  0.0865,  0.0089, -0.0543,  0.3905,  0.2367],
        [-0.0265,  0.0464,  0.1541, -0.1541, -0.0779,  0.4236,  0.0522, -0.1516],
        [-0.2088,  0.1030,  0.0840,  0.1672,  0.2150, -0.1064, -0.0589, -0.3955],
        [ 0.1536, -0.0056, -0.2349, -0.0326, -0.2024,  0.0381, -0.0861, -0.2294],
        [ 0.1157, -0.1776,  0.0416,  0.0636, -0.3526,  0.1605,  0.0417, -0.3082]],
       device='cuda:0')), ('conv2.aggr.t', tensor([1.], device='cuda:0')), ('bn2.weight', tensor([0.7194, 0.6530, 0.8682, 0.5815, 0.6684, 0.6581, 0.6877, 0.7431, 0.7411,
        0.7433, 0.7741, 0.7349, 0.7063, 0.7260, 0.6177, 0.7630],
       device='cuda:0')), ('bn2.bias', tensor([-0.2717, -0.5301, -0.5978,  0.2666, -0.2936, -0.1636,  0.1533, -0.3314,
        -0.4155,  0.3909, -0.1541, -0.0252,  0.2787, -0.0870, -0.3077,  0.2390],
       device='cuda:0')), ('bn2.running_mean', tensor([-0.0496, -0.0474, -0.1447,  0.2002,  0.3003, -0.0460, -0.3709,  0.2736,
         0.3060, -0.2594, -0.4874,  0.1988,  0.1126, -0.0409, -0.1924, -0.0979],
       device='cuda:0')), ('bn2.running_var', tensor([0.0424, 0.1534, 0.0239, 0.1177, 0.1760, 0.1064, 0.0597, 0.0860, 0.1070,
        0.0952, 0.1480, 0.1138, 0.0752, 0.0968, 0.0882, 0.2050],
       device='cuda:0')), ('bn2.num_batches_tracked', tensor(47024, device='cuda:0')), ('conv3.bias', tensor([ 2.1754e-06,  1.1646e-06,  3.5120e-06, -4.3646e-06, -1.6542e-06,
         2.1256e-06,  8.7512e-07, -4.2607e-07, -1.9337e-06, -8.8711e-07,
         1.3808e-06, -2.8946e-06, -2.3826e-07,  1.8248e-06, -2.2329e-06,
         3.8033e-08,  2.8774e-06, -4.2427e-06,  1.2944e-06, -1.8346e-06,
         4.5382e-06, -7.6537e-07, -2.9169e-06,  1.1662e-06, -3.7734e-06,
        -1.4964e-06,  1.3558e-06, -5.1848e-06, -1.9131e-06,  7.2108e-07,
        -1.0832e-06, -2.8919e-06], device='cuda:0')), ('conv3.lin.weight', tensor([[ 8.9776e-02,  7.8761e-02, -5.8436e-03,  9.8675e-02, -1.2328e-01,
         -5.9681e-02, -8.5050e-02, -2.0716e-02,  8.4952e-02,  1.2889e-01,
         -1.5000e-01,  4.4012e-02, -1.4945e-01,  8.4579e-02, -1.0239e-01,
          6.0286e-02],
        [-6.1367e-02,  1.0137e-01,  8.7097e-02,  2.0540e-02,  1.0958e-01,
         -3.1714e-02, -1.9260e-01,  1.7959e-01, -7.8275e-02, -7.4167e-03,
          7.9105e-02, -1.4036e-02, -6.4842e-02,  5.2191e-03,  1.8452e-01,
         -6.0373e-02],
        [-1.8446e-01,  5.7559e-02, -6.9642e-02, -4.3828e-02, -2.4836e-01,
         -5.4196e-02,  2.1452e-01,  1.5777e-01,  9.7096e-02, -8.5505e-02,
         -1.5372e-01,  1.1845e-01, -1.9442e-01, -1.3174e-02,  2.1991e-01,
          1.0721e-01],
        [-3.5198e-02,  1.8733e-01,  3.1994e-01, -2.3768e-01,  1.8870e-01,
          1.0771e-01,  9.9541e-02,  1.5270e-01, -3.6105e-02, -3.2381e-02,
         -1.6971e-01,  1.2706e-01, -9.8533e-02,  4.3830e-02,  8.5881e-02,
         -2.0648e-01],
        [-7.5890e-02, -1.9630e-01, -8.2539e-02, -1.3164e-01, -2.9994e-01,
         -1.5418e-01, -8.0258e-02, -4.4039e-02, -1.6109e-01, -7.5802e-02,
         -7.5023e-02, -1.1728e-01, -2.8430e-02, -9.1876e-02, -1.8953e-01,
          1.0876e-01],
        [-8.3053e-02, -5.6617e-02,  1.4147e-01, -1.5087e-01, -1.3174e-01,
          1.5122e-01, -7.4765e-02,  1.2169e-01,  3.1267e-02,  2.7387e-03,
          2.1936e-02,  7.9766e-02, -8.9851e-02, -6.8536e-02,  1.1402e-01,
         -1.3122e-01],
        [-3.8057e-02,  6.4471e-02,  6.2636e-02, -1.1993e-01,  6.5358e-02,
         -3.6996e-02,  7.5474e-03,  2.2812e-01,  1.5384e-01, -5.5032e-02,
          5.5928e-02, -7.5951e-02, -1.1131e-01,  7.3860e-02, -3.9324e-02,
          4.1412e-02],
        [-2.0401e-01, -1.0130e-01, -1.3896e-01,  1.2182e-01,  6.9115e-02,
          7.7646e-02,  1.0969e-01, -1.0285e-01, -1.3826e-01,  1.4564e-01,
         -9.8459e-02,  4.4084e-02,  1.9268e-01,  8.1736e-02,  1.3285e-01,
         -1.4482e-01],
        [-2.5602e-02,  1.2722e-01, -4.0868e-03, -5.4787e-02, -4.3434e-02,
         -1.7771e-01,  2.4301e-01,  7.4983e-02, -1.4412e-02, -3.4142e-02,
         -2.1894e-01, -2.0001e-01, -5.7602e-02, -1.3339e-01, -1.1149e-01,
         -1.3750e-01],
        [ 1.1440e-01,  2.6541e-01,  1.7733e-01, -1.1431e-01, -1.0804e-01,
         -7.6530e-02,  1.5331e-01, -1.8133e-01,  2.3757e-01, -1.8907e-01,
         -1.6634e-01,  2.0030e-01,  3.2590e-02,  1.4228e-01, -1.2390e-01,
         -1.7941e-01],
        [ 1.5934e-01,  1.7233e-01,  1.7295e-01, -3.7992e-02, -1.7626e-01,
          4.6551e-03, -1.1570e-01, -2.0545e-02,  3.8788e-02, -3.1351e-01,
          1.3524e-01,  3.0430e-03, -3.2124e-02, -1.0033e-01, -2.1325e-01,
         -7.9009e-03],
        [ 1.8708e-01,  1.5287e-01, -1.0157e-01,  1.1982e-01,  1.4183e-01,
          4.4780e-02,  7.5488e-02,  8.0054e-02,  9.7380e-02,  1.8872e-01,
         -9.1730e-02,  2.3240e-02,  6.1303e-02, -2.0892e-01,  6.1365e-02,
          1.2383e-01],
        [ 1.9948e-03, -1.0078e-01,  1.3327e-01, -5.6854e-02,  1.2838e-01,
         -7.0160e-02, -2.4984e-02,  1.2665e-02,  7.8200e-03, -6.5548e-02,
          1.4776e-01, -4.8973e-02, -1.6384e-01,  6.3601e-02,  1.1488e-01,
          4.7233e-02],
        [-2.1941e-01, -1.8614e-01, -3.1998e-01, -1.1667e-01,  3.7307e-02,
         -1.1842e-01,  1.5140e-02, -7.2819e-02,  2.2183e-02,  1.8668e-01,
          9.7228e-02, -1.0665e-01, -1.0196e-01,  6.4515e-02, -9.4058e-02,
          2.2718e-01],
        [ 1.9963e-02, -8.3682e-02, -1.0401e-01,  5.8370e-02, -5.5519e-02,
         -1.9735e-01,  1.1185e-01,  1.8614e-01, -9.0720e-02, -1.0502e-01,
          1.7455e-01, -2.1464e-01,  6.6677e-03, -1.5734e-01, -2.6526e-03,
         -8.4718e-02],
        [ 1.2904e-01, -1.2833e-01,  1.1447e-01,  6.7123e-02, -1.5992e-01,
         -7.8359e-02,  2.7230e-02, -1.2958e-01,  1.9701e-02, -2.2133e-01,
          4.3150e-02,  2.3786e-02, -2.1858e-01,  8.3852e-02, -9.2703e-02,
          1.2338e-01],
        [-7.8965e-02,  1.3191e-01,  4.3117e-02,  1.0273e-02,  1.2771e-01,
          9.8456e-02, -4.1689e-03,  1.8231e-01,  6.9787e-02,  1.5713e-02,
          1.0659e-01, -4.8613e-04, -1.6839e-01,  9.0419e-02,  1.1952e-01,
          8.6141e-02],
        [ 5.3188e-02, -9.6228e-03,  2.5976e-01, -2.8098e-02, -5.0545e-02,
         -1.4893e-03, -1.8206e-01,  1.3800e-01, -6.8637e-02, -1.9696e-01,
          3.8521e-02, -1.7786e-01, -1.7198e-01, -5.9214e-02,  1.4971e-01,
         -4.9674e-02],
        [-1.7133e-01,  1.5293e-01,  9.2145e-02,  4.1150e-02,  1.7987e-01,
          4.7092e-02,  8.1521e-02,  7.6865e-04, -1.2751e-01,  3.8576e-02,
         -7.8219e-02,  5.2121e-02, -1.4863e-01, -9.1483e-02, -4.6949e-02,
          7.3019e-02],
        [-1.4924e-01,  2.8713e-01,  1.1726e-01, -1.1038e-02,  2.2365e-01,
         -1.1965e-01, -3.4354e-02, -1.3139e-01,  8.4388e-02, -1.0233e-01,
         -1.5590e-04,  1.6716e-01, -1.4628e-01,  2.5374e-01,  3.4957e-02,
         -1.1027e-02],
        [ 1.0218e-02,  4.0130e-02,  1.0355e-01, -6.9627e-02,  4.9178e-02,
          9.7317e-02, -1.2229e-02,  3.7527e-02,  1.6097e-01,  6.9791e-02,
         -1.6668e-01, -1.7408e-01, -1.3277e-01,  5.9499e-02,  7.1940e-02,
         -4.5224e-02],
        [-1.5280e-01, -1.1963e-01, -1.9366e-01,  1.4408e-01, -1.0296e-01,
         -9.6123e-02, -7.4482e-02, -6.8897e-02, -2.3939e-01,  2.2009e-01,
         -4.3705e-02,  1.2584e-01, -3.2503e-02,  8.7274e-02, -5.2352e-03,
          1.2585e-01],
        [-2.0067e-01, -1.6480e-01, -1.6495e-01, -1.1198e-01, -5.6403e-02,
         -3.7858e-03, -1.4711e-01, -5.6671e-02, -1.4843e-01, -8.9283e-02,
         -4.3859e-02, -1.6669e-01,  1.0967e-01, -1.6820e-02,  1.5746e-01,
         -1.3000e-01],
        [-1.4141e-01, -1.1740e-01,  2.1878e-02,  3.4974e-02,  9.0202e-02,
          1.8058e-02,  5.4820e-02, -1.4439e-01, -1.1633e-01,  1.3342e-01,
         -2.6735e-02,  1.9003e-01,  1.9000e-02,  1.7238e-02, -1.0480e-01,
          1.7113e-01],
        [-1.6188e-01, -7.6549e-02,  7.6859e-02, -2.8180e-02, -1.4030e-01,
         -1.0149e-02,  8.2976e-02,  9.1413e-02, -1.2816e-01, -1.0070e-01,
         -1.2928e-01,  3.7491e-02, -8.7936e-02,  4.2273e-02, -8.9801e-02,
          7.1872e-02],
        [-1.5804e-01,  4.4012e-02, -1.0715e-01,  1.2808e-01,  9.2938e-03,
         -1.2059e-01,  1.2507e-01, -9.3872e-02, -1.5056e-01,  3.2282e-02,
         -2.8380e-02, -3.0621e-02,  7.7517e-02,  5.5870e-02, -1.1232e-01,
          1.1178e-02],
        [-1.9817e-01,  2.5123e-02, -8.0723e-02, -6.2079e-03, -7.7622e-03,
         -5.5534e-02,  2.2409e-01,  3.4141e-02,  9.1774e-02,  3.2302e-02,
         -2.5071e-02,  3.3509e-02, -3.8731e-02,  2.0012e-02, -6.7127e-02,
          1.5633e-01],
        [-1.3411e-02,  1.2707e-01,  8.1434e-02,  1.2085e-02, -1.2073e-02,
          6.3521e-02, -2.0852e-01,  1.5263e-01, -4.4896e-02, -1.1183e-01,
          1.8705e-01, -1.5201e-02, -7.2078e-02,  1.8663e-02,  1.1702e-01,
          2.1808e-02],
        [ 4.6220e-02,  2.5370e-02,  1.0638e-01, -9.6239e-02,  8.7673e-02,
         -1.7129e-02,  2.1162e-02, -2.1004e-01,  2.3070e-01, -5.5443e-02,
         -1.5391e-01, -3.5445e-02, -1.9805e-01,  2.1339e-01,  7.3090e-02,
          3.3272e-04],
        [-2.9651e-02, -1.0619e-01, -1.5854e-01,  1.1995e-01, -1.2652e-01,
         -6.1662e-02,  5.1772e-02, -2.0871e-01, -1.2579e-01,  5.8181e-02,
         -2.1497e-01, -4.0599e-02, -2.1219e-03,  2.0074e-02, -1.5586e-01,
          4.7953e-02],
        [ 7.3913e-02, -6.6520e-02,  1.2804e-01,  1.6420e-01, -6.2347e-02,
          1.4832e-01, -5.2965e-02,  7.7105e-02, -4.4258e-02,  5.0141e-02,
          7.5019e-02,  1.8693e-01, -6.1771e-03, -1.3879e-01, -3.9926e-02,
          1.1566e-01],
        [ 5.7163e-02, -1.7050e-01,  3.7254e-02,  1.7276e-02,  4.0903e-02,
         -1.5677e-02,  1.2087e-01, -1.3022e-02,  2.3678e-02,  1.8195e-01,
         -1.1372e-01,  1.0595e-02, -1.5350e-01,  6.7982e-02, -5.3531e-02,
          1.5427e-01]], device='cuda:0')), ('bn3.weight', tensor([1., 1., 1., 1., 1., 1., 1., 1., 1., 1., 1., 1., 1., 1., 1., 1., 1., 1.,
        1., 1., 1., 1., 1., 1., 1., 1., 1., 1., 1., 1., 1., 1.],
       device='cuda:0')), ('bn3.bias', tensor([0., 0., 0., 0., 0., 0., 0., 0., 0., 0., 0., 0., 0., 0., 0., 0., 0., 0., 0., 0., 0., 0., 0., 0.,
        0., 0., 0., 0., 0., 0., 0., 0.], device='cuda:0')), ('bn3.running_mean', tensor([0., 0., 0., 0., 0., 0., 0., 0., 0., 0., 0., 0., 0., 0., 0., 0., 0., 0., 0., 0., 0., 0., 0., 0.,
        0., 0., 0., 0., 0., 0., 0., 0.], device='cuda:0')), ('bn3.running_var', tensor([1., 1., 1., 1., 1., 1., 1., 1., 1., 1., 1., 1., 1., 1., 1., 1., 1., 1.,
        1., 1., 1., 1., 1., 1., 1., 1., 1., 1., 1., 1., 1., 1.],
       device='cuda:0')), ('bn3.num_batches_tracked', tensor(0, device='cuda:0'))])