OrderedDict([('conv1.bias', tensor([-3.1863e-07, -5.8941e-07, -2.0974e-06, -7.3732e-06,  6.4220e-08,
         1.1514e-09,  1.0646e-08,  1.0156e-06], device='cuda:0')), ('conv1.lin.weight', tensor([[-4.7783e-05, -3.3917e-04, -3.0446e-05, -1.1865e-04,  1.9151e-06,
         -6.7023e-04, -4.3440e-42, -3.4990e-42,  1.1379e-09, -1.7172e-06,
         -1.7184e-04, -4.4447e-03,  6.4143e-02,  1.0888e-03, -1.4742e-03,
          5.1834e-03,  1.5269e-03, -3.7509e-03, -6.8312e-03, -2.1745e-03,
          1.0596e-03,  6.5715e-03, -3.4197e-03, -4.2240e-04, -9.5001e-04,
         -1.2403e-04, -1.1518e-04, -3.8860e-04, -1.5435e-04, -1.9329e-04,
          7.2168e-04, -6.9381e-03,  9.2108e-04,  7.1479e-04,  1.3181e-04,
          4.5269e-04,  3.0212e-42, -9.6534e-05,  8.2430e-02,  6.4919e-02,
          1.2600e-03,  6.6301e-04,  3.1477e-03, -2.9414e-02,  1.1595e-01,
         -1.5742e-04,  3.8014e-03, -2.7418e-02, -4.7431e-04, -2.6322e-04,
         -3.5326e-04,  1.1308e-16,  2.3023e-42, -3.5249e-12,  1.3579e-42,
         -4.3252e-04, -3.5754e-04,  2.6023e-04, -1.9297e-04, -1.6983e-04,
         -3.6252e-05, -6.6386e-03,  4.0495e-04,  3.3735e-02, -4.3609e-03,
          1.6147e-01, -4.4932e-03, -3.6619e-04],
        [ 6.9844e-04, -6.3112e-04, -1.7107e-04, -1.6234e-05, -1.9605e-05,
         -2.4465e-03,  6.9358e-10,  4.9962e-13,  1.7881e-42,  1.0123e-09,
         -3.0076e-04,  1.5796e-03,  4.7579e-02,  3.2240e-03, -5.0130e-03,
         -4.3706e-02,  1.0151e-02, -1.8276e-02, -1.4169e-02, -1.6531e-02,
          1.4950e-02,  1.8398e-02, -1.7955e-02, -9.8692e-04, -6.1737e-03,
          2.3437e-04, -8.5209e-04,  8.9913e-04, -3.7875e-04, -1.1265e-04,
          2.3469e-03, -4.3727e-02,  6.1444e-04,  2.4615e-03, -6.6908e-04,
         -3.0891e-04, -1.9800e-42,  6.8858e-04, -1.3700e-02, -8.1337e-02,
          6.3047e-03,  1.0239e-02,  1.0098e-02, -6.2411e-02, -1.3954e-01,
          7.0774e-04,  1.1667e-03, -8.6474e-02,  3.5987e-03, -1.1554e-03,
         -1.5242e-03, -2.0319e-06,  6.6853e-15,  2.1524e-18, -5.3583e-19,
         -1.5580e-03, -7.1423e-04,  5.2358e-04, -3.0680e-04, -4.9495e-04,
          1.4512e-04, -5.2567e-02, -1.6214e-02, -2.8983e-02, -2.3401e-02,
         -1.4212e-01, -8.5882e-03, -5.2342e-04],
        [ 2.2457e-03, -1.5286e-03,  1.9407e-04, -5.3796e-04, -1.7474e-06,
         -8.5331e-03,  9.5228e-17, -2.1716e-27,  1.8104e-07, -6.4472e-06,
         -1.2502e-03, -1.1933e-02, -9.5215e-02,  1.3859e-02, -1.8787e-02,
         -2.4488e-02,  3.1670e-02, -5.8582e-02, -3.4884e-02, -4.6002e-02,
          3.6239e-02,  5.8719e-02, -5.5753e-02, -3.7160e-03, -2.6102e-02,
         -1.3738e-03, -1.7697e-06, -4.6197e-03,  5.5284e-04, -5.4988e-04,
          4.0603e-03, -1.2239e-01,  8.6666e-03,  9.0944e-03, -1.4604e-04,
          1.1519e-03,  1.4145e-07,  8.3663e-04, -2.8152e-03, -4.3571e-02,
          2.3194e-02,  2.6160e-02,  3.5823e-02, -1.2332e-01, -5.7120e-02,
         -4.9642e-04,  2.4582e-02, -4.1946e-02,  9.2789e-03, -5.2239e-03,
         -5.8617e-03,  1.3434e-17,  3.0142e-42, -1.4517e-42, -1.5254e-28,
         -6.6461e-03, -3.3066e-03,  1.9975e-03, -1.7223e-03, -2.7689e-03,
          8.1100e-04, -1.3373e-01, -1.0787e-02, -5.6581e-02, -8.4915e-02,
         -3.2841e-02, -3.7638e-03, -1.1338e-03],
        [ 1.4978e-03, -7.0339e-04, -1.4591e-04,  3.8251e-04,  6.2753e-05,
         -4.2587e-03,  6.6958e-18,  6.2137e-13,  2.0649e-06,  6.4992e-42,
         -1.2350e-03, -3.2851e-03,  8.6996e-03,  1.1093e-02, -1.0144e-02,
         -1.8562e-02,  2.2791e-02, -3.7629e-02, -3.4153e-02, -3.0904e-02,
          2.5377e-02,  3.2603e-02, -3.6543e-02, -2.7730e-03, -1.3525e-02,
          2.3034e-04, -8.1453e-04, -1.1567e-03,  2.5714e-04, -1.5938e-04,
          1.5057e-03, -9.1284e-02,  3.0754e-03,  5.7657e-03, -7.1161e-04,
          2.9660e-04, -2.6008e-42,  9.5585e-04, -2.6454e-02, -2.3680e-02,
          1.3356e-02,  1.9981e-02,  2.4203e-02, -1.2016e-01, -4.8463e-02,
          2.3303e-04,  7.9770e-03, -3.6811e-02,  7.0994e-03, -2.7483e-03,
         -2.1742e-03,  3.0044e-42,  8.2539e-16, -4.7995e-10, -1.9496e-07,
         -3.8418e-03, -1.7024e-03,  1.2515e-03, -1.2769e-03, -1.3585e-03,
          7.1099e-04, -1.0653e-01, -5.0432e-02, -1.9843e-02, -1.4863e-03,
          6.1548e-02, -3.9325e-03, -1.1829e-03],
        [ 3.9188e-05, -2.5895e-04,  9.0650e-05,  3.1530e-04,  5.3860e-05,
         -1.0550e-03, -1.8236e-10,  1.1040e-06,  3.9012e-14,  4.6649e-12,
         -1.3596e-04, -1.0785e-02, -2.8086e-02,  3.8717e-03, -2.5662e-03,
         -5.6008e-02,  7.2834e-03, -1.4558e-02, -1.2342e-02, -1.2665e-02,
          1.3467e-02,  1.2413e-02, -1.1266e-02, -3.5262e-04, -3.3168e-03,
         -2.6616e-04, -1.2074e-04, -3.1581e-04,  3.0535e-05,  1.8208e-04,
          6.1921e-04, -3.1906e-02,  1.9785e-04,  9.3636e-04, -1.9232e-04,
          1.8599e-04, -1.8958e-41,  1.7732e-04, -4.1957e-02, -1.0967e-01,
          3.9623e-03,  5.5040e-03,  1.0572e-02,  2.1112e-02, -9.5531e-02,
         -1.5071e-04,  1.8672e-02, -9.2267e-02,  1.9033e-03, -8.1274e-04,
         -1.1546e-03, -1.6828e-26,  4.7534e-15, -7.4129e-42,  1.4532e-14,
         -1.0370e-03, -9.1476e-04,  2.1561e-05, -1.7203e-04,  2.1053e-05,
         -2.3788e-04, -3.9809e-02, -8.7742e-03, -4.5753e-02,  9.2751e-02,
         -1.9857e-01, -1.5898e-02, -1.1067e-04],
        [ 3.5980e-06,  6.8736e-05, -2.4668e-05, -2.6336e-05, -1.5454e-06,
          9.1196e-04, -1.1698e-14, -4.0674e-10,  2.2009e-07, -1.0133e-41,
          4.0169e-05,  1.1557e-03,  1.0375e-01, -5.9344e-04,  7.4190e-04,
          1.8212e-01, -2.7716e-03,  2.2299e-03,  2.1176e-03,  1.8678e-03,
         -3.5850e-03, -2.0906e-03,  4.1764e-03,  1.1629e-04,  1.2996e-03,
         -1.7042e-05, -3.2944e-05,  7.2258e-05,  6.3420e-05, -1.7881e-04,
         -2.6421e-04,  1.0423e-02, -1.6343e-04, -2.9670e-04, -1.0828e-04,
          2.1398e-04, -1.4149e-08,  2.7572e-04, -1.3090e-01, -3.7939e-02,
         -8.5524e-04, -1.8660e-03, -2.0005e-03,  4.9621e-02,  1.7310e-02,
         -1.1279e-04, -1.2296e-03, -1.2798e-02, -3.5403e-04, -2.6232e-05,
          2.6517e-04,  8.8310e-12, -2.0194e-09,  3.1669e-42, -2.1673e-10,
          2.7399e-04,  5.4336e-05, -7.2057e-05,  1.0414e-04, -6.6036e-05,
         -4.8664e-05,  1.1230e-02,  3.3798e-03,  4.2931e-03, -2.8140e-03,
          4.2569e-03,  5.3216e-02,  1.6204e-04],
        [ 4.0256e-04, -6.3927e-04, -2.9344e-04,  2.0804e-04,  4.0366e-05,
         -4.5080e-03, -1.8316e-21,  3.4896e-15, -1.7763e-09,  2.0879e-43,
         -5.2262e-04, -9.8621e-03, -2.0047e-02,  6.6664e-03, -8.9326e-03,
         -3.4563e-02,  1.7946e-02, -3.3177e-02, -3.4027e-02, -3.1093e-02,
          3.4562e-02,  4.6426e-02, -3.4388e-02, -1.6598e-03, -1.2087e-02,
         -5.1219e-04, -3.8317e-04, -5.2327e-04, -9.4933e-05, -1.9401e-04,
          2.3762e-03, -8.3177e-02,  1.7060e-03,  3.8464e-03,  1.0008e-03,
          1.7582e-04,  3.6398e-12, -8.6802e-04, -7.8013e-02, -3.4374e-02,
          1.1431e-02,  1.5353e-02,  2.0230e-02, -1.5254e-01, -9.1442e-02,
          6.7495e-04,  2.4080e-03, -5.1019e-02,  4.0971e-03, -1.5908e-03,
         -3.1132e-03, -4.1715e-14, -3.0296e-42,  1.1096e-26,  9.8161e-42,
         -3.9639e-03, -1.3989e-03,  7.9584e-04, -2.5243e-04, -6.0754e-04,
          8.4213e-04, -9.6786e-02, -5.0039e-02, -3.4454e-02, -9.0910e-04,
         -3.3529e-02, -6.7802e-03, -9.7502e-04],
        [ 2.5436e-07, -4.5466e-05, -2.8395e-05, -2.5867e-05, -1.7958e-06,
         -1.8050e-04,  1.3608e-12,  3.0380e-42, -2.8541e-12, -5.0152e-42,
         -1.0740e-04, -3.2470e-03,  1.5558e-03, -3.2216e-04, -5.8793e-04,
          1.8876e-02,  5.4163e-04, -3.1446e-03, -2.1524e-04, -1.5221e-03,
          1.9643e-03,  5.6694e-04, -1.8618e-03, -2.8502e-05, -2.0118e-04,
          1.4447e-05,  4.5744e-05,  7.5050e-05,  8.8798e-06,  4.4634e-05,
         -5.6169e-04, -3.3137e-03, -3.1901e-05,  3.9991e-04, -2.3798e-05,
         -8.6287e-06,  7.1606e-43,  1.4268e-04,  1.1136e-01,  1.4860e-01,
          1.5760e-03,  5.1589e-04,  1.6639e-03, -1.3841e-02,  5.3065e-02,
         -7.2836e-05,  2.6975e-03, -2.9128e-02,  3.3240e-04, -6.5197e-05,
         -1.8942e-04,  1.2831e-17, -1.7923e-15,  2.5538e-10,  2.9736e-42,
         -5.9054e-05, -4.5680e-06,  1.3924e-05, -5.7253e-06,  1.2910e-05,
         -4.3859e-05, -2.5027e-03, -1.7751e-03, -2.0514e-03,  1.7075e-03,
          1.1621e-01, -1.7548e-03, -1.8510e-04]], device='cuda:0')), ('conv1.aggr.t', tensor([1.], device='cuda:0')), ('bn1.weight', tensor([0.9908, 0.7248, 0.7031, 0.6853, 0.7786, 0.7960, 0.7051, 0.7004],
       device='cuda:0')), ('bn1.bias', tensor([ 0.0397,  0.0472, -0.0390,  0.1344, -0.0068,  0.1031,  0.0077, -0.0503],
       device='cuda:0')), ('bn1.running_mean', tensor([ 304.0845, -544.3975, -315.9692, -238.8436, -696.0283,  388.5750,
        -475.9261,  494.1929], device='cuda:0')), ('bn1.running_var', tensor([ 411283.7812,  512507.1250,  148812.2656,  103990.3750,  858629.2500,
        3113323.0000,  370425.6250, 1160978.6250], device='cuda:0')), ('bn1.num_batches_tracked', tensor(47024, device='cuda:0')), ('conv2.bias', tensor([ 4.6792e-06,  3.7313e-06,  1.7510e-06,  3.8269e-07, -4.1535e-07,
         3.8735e-06,  3.4512e-06, -3.6921e-06,  3.6420e-06,  1.1593e-06,
        -8.8713e-08,  3.6828e-06,  5.4864e-06, -5.4034e-07,  1.6091e-06,
         1.1151e-06], device='cuda:0')), ('conv2.lin.weight', tensor([[ 0.2224,  0.0413,  0.1659,  0.0477,  0.1732,  0.1862,  0.0653, -0.1105],
        [-0.3580, -0.1126, -0.0663,  0.0337,  0.1291, -0.2185, -0.0267,  0.1305],
        [ 0.3333,  0.1026, -0.0050, -0.3901, -0.2479,  0.2533,  0.0959, -0.0752],
        [ 0.2301,  0.0774, -0.3022,  0.1018,  0.1523,  0.1742, -0.2588, -0.1014],
        [-0.2172, -0.0641, -0.0122,  0.1650,  0.0500, -0.3509, -0.2025, -0.1201],
        [-0.1234,  0.0262, -0.1018,  0.1105, -0.1330, -0.1553, -0.1760, -0.0732],
        [-0.2373, -0.2145,  0.1183, -0.0189, -0.0037, -0.1192, -0.0623, -0.0466],
        [-0.2497,  0.2093, -0.0495,  0.0921,  0.1960, -0.1952, -0.0705,  0.0054],
        [-0.0953, -0.0147, -0.0260,  0.2645,  0.1090, -0.2471, -0.0921, -0.1353],
        [ 0.1986, -0.1179,  0.0163,  0.0934, -0.1757,  0.1416,  0.0364,  0.1663],
        [-0.1101, -0.2371,  0.3439,  0.1284,  0.0911, -0.0946, -0.2466, -0.0404],
        [-0.2772, -0.1971, -0.0812,  0.1161,  0.0190, -0.1493, -0.0542, -0.1653],
        [-0.2340, -0.1680, -0.1605, -0.0526,  0.1561, -0.2583, -0.0121,  0.1138],
        [ 0.0597,  0.2965,  0.1746, -0.1217,  0.0297,  0.1418, -0.1840,  0.1215],
        [-0.3063,  0.2201,  0.1078, -0.0121, -0.0233, -0.2344,  0.1247, -0.0076],
        [ 0.2383, -0.0650,  0.0750, -0.3988,  0.2791,  0.1250, -0.0202, -0.0182]],
       device='cuda:0')), ('conv2.aggr.t', tensor([1.], device='cuda:0')), ('bn2.weight', tensor([0.6044, 0.7338, 0.6552, 0.6650, 0.5683, 0.6279, 0.6269, 0.6290, 0.6686,
        0.6471, 0.6547, 0.6274, 0.7102, 0.6437, 0.6287, 0.7195],
       device='cuda:0')), ('bn2.bias', tensor([-0.6005, -0.5395, -0.6192, -0.1599, -0.0774, -0.0397, -0.2037,  0.3894,
        -0.3783, -0.4697,  0.1245, -0.2081, -0.3469, -0.2526, -0.4703,  0.1534],
       device='cuda:0')), ('bn2.running_mean', tensor([ 0.2295, -0.1594,  0.0201,  0.0693, -0.1961, -0.1568, -0.1792, -0.0215,
        -0.0420,  0.1023, -0.0575, -0.2104, -0.1860,  0.1260, -0.0614,  0.0456],
       device='cuda:0')), ('bn2.running_var', tensor([0.0650, 0.1512, 0.2175, 0.0880, 0.1561, 0.0417, 0.0789, 0.1281, 0.0947,
        0.1100, 0.0459, 0.1474, 0.0906, 0.0439, 0.1741, 0.1137],
       device='cuda:0')), ('bn2.num_batches_tracked', tensor(47024, device='cuda:0')), ('conv3.bias', tensor([-3.2959e-06,  1.0028e-06, -4.2242e-06,  1.4943e-07, -4.7675e-06,
         1.7918e-06,  3.3502e-07, -2.1934e-07, -2.1425e-06,  1.2667e-06,
        -2.6711e-06, -1.6279e-06, -4.6161e-07, -1.2334e-06,  9.0413e-07,
         1.2472e-06,  2.8704e-06,  5.9497e-07,  1.5820e-06,  9.3321e-07,
        -9.8350e-08,  1.9615e-06, -1.2738e-06, -2.2344e-06,  4.2131e-06,
        -7.4707e-07,  1.6209e-07, -1.4796e-06,  1.7515e-06, -6.4450e-07,
        -2.2304e-06,  1.0774e-06], device='cuda:0')), ('conv3.lin.weight', tensor([[ 9.3105e-02,  1.0914e-01, -1.8390e-01, -1.1956e-01, -8.0416e-03,
         -1.3908e-01,  5.5906e-02, -7.6610e-02,  3.9611e-03, -5.5563e-02,
         -8.8584e-02, -1.2301e-01,  7.9266e-03, -1.2383e-01, -4.7100e-02,
          1.5507e-01],
        [ 5.2062e-03,  1.1389e-01, -1.0346e-01,  1.7722e-01, -6.3767e-02,
         -1.2762e-01, -8.7523e-02, -1.7999e-01,  4.6955e-02,  4.2212e-02,
          1.7105e-01,  7.5142e-02,  1.6012e-01,  6.1963e-02, -4.4596e-02,
         -7.6915e-02],
        [ 3.8015e-02,  1.3872e-01, -5.5641e-02,  1.5661e-01, -1.1702e-01,
         -1.0938e-01, -4.8418e-02,  1.3910e-01,  1.2621e-01,  1.1438e-01,
          5.8857e-02,  2.3524e-02, -3.5034e-02,  1.1263e-01,  2.3963e-02,
         -8.5186e-02],
        [ 5.6351e-02, -1.4941e-01,  1.9295e-02, -2.2987e-01,  1.5206e-01,
          1.0861e-01, -1.0860e-01, -4.3672e-02,  1.3511e-01,  5.4295e-02,
         -6.2406e-02,  4.3926e-02, -1.0692e-01,  4.2006e-02,  8.5365e-02,
          6.4842e-02],
        [ 1.8010e-03, -5.9684e-05, -1.8263e-01, -4.6701e-02, -1.6104e-01,
         -1.6348e-02, -6.3372e-02, -3.5601e-02, -6.8553e-02, -1.7326e-01,
         -1.5819e-01,  8.0249e-02, -6.5737e-02,  3.7721e-02, -9.4685e-02,
         -4.8821e-02],
        [ 2.0984e-01,  2.4249e-01,  2.3706e-01,  1.0266e-01,  3.6116e-02,
         -1.2247e-01,  6.2361e-02, -3.2506e-02,  1.2156e-02,  1.2102e-01,
         -1.8700e-01,  1.4611e-01,  9.2461e-02, -4.3551e-02,  1.5021e-01,
         -1.0077e-01],
        [-5.1550e-03,  3.4684e-02,  1.3377e-01,  5.7117e-02,  1.6325e-01,
          8.1202e-02, -8.3317e-03,  6.8944e-02, -1.0308e-01,  1.1472e-01,
          1.5389e-01, -1.0349e-01,  1.1241e-01,  7.0784e-02,  2.5558e-02,
          1.0793e-01],
        [-1.4981e-01, -7.4786e-02,  4.7964e-02,  9.2852e-02,  1.3141e-02,
         -1.3056e-01,  1.2131e-01,  3.8322e-02, -2.6703e-01, -1.7872e-01,
          8.5845e-02, -1.1475e-02,  3.2877e-02, -1.9620e-02, -7.3426e-02,
         -9.7056e-02],
        [ 6.6067e-02,  1.4533e-02,  2.1236e-01, -8.6232e-02, -4.5022e-02,
          3.7625e-02,  1.4038e-01, -1.5933e-01,  5.2226e-02,  1.9306e-01,
          9.8077e-02,  2.2497e-02,  7.1749e-02,  2.3319e-02,  7.5053e-02,
         -3.1985e-02],
        [ 1.9584e-01,  2.1639e-01,  2.5454e-01, -3.1132e-02,  1.1085e-01,
         -7.3688e-03,  1.3499e-01, -1.9600e-01,  7.7383e-02,  1.8069e-01,
          8.0389e-03,  1.2264e-01, -3.0632e-02,  1.7147e-01,  8.3807e-02,
         -9.2873e-02],
        [ 1.5851e-01,  1.6744e-01,  7.1225e-02,  2.2589e-02, -8.7915e-02,
          6.0793e-02,  1.5976e-02, -1.2716e-01, -5.4417e-02, -3.3096e-02,
          5.2644e-02,  9.0108e-02,  1.5680e-02, -9.1827e-02, -1.0555e-02,
         -1.0269e-01],
        [ 1.0045e-01, -1.3776e-01, -2.0000e-01, -2.9866e-02, -1.0375e-01,
         -8.7501e-02,  2.3621e-02,  6.7523e-02, -4.4272e-02, -1.0904e-01,
          4.6456e-02, -5.0462e-02,  4.8556e-02, -1.0567e-01, -1.6208e-01,
          4.6094e-02],
        [ 2.4886e-02,  7.3700e-02, -8.0452e-02,  1.9827e-01, -9.7780e-02,
         -3.7420e-02,  5.7935e-02,  1.1025e-01, -7.6725e-02,  1.9282e-02,
         -6.2535e-02,  1.1158e-01,  4.3017e-02, -1.0974e-01, -1.0534e-01,
          8.5003e-02],
        [ 7.0492e-02,  9.2114e-02,  1.7240e-02,  9.6751e-02, -4.4515e-03,
         -2.0189e-01,  1.1172e-01,  1.6165e-02, -1.0322e-01, -1.1463e-01,
          1.0723e-01, -3.9119e-02, -4.7865e-02, -1.3778e-01,  5.8883e-02,
         -5.8015e-02],
        [-1.2986e-01,  1.2000e-01, -4.0017e-04,  4.2720e-02,  7.2156e-02,
         -5.8877e-02, -1.1673e-01, -1.6922e-02, -8.8117e-02, -2.2978e-02,
         -3.4567e-02,  1.8203e-01,  8.8287e-02,  8.9636e-02, -5.1975e-02,
          1.1390e-01],
        [-2.2418e-01, -2.4726e-01, -2.1043e-01, -1.1053e-01, -5.0030e-02,
         -1.2454e-02, -9.0084e-02,  1.7229e-01, -1.5248e-01, -2.1616e-01,
          7.0083e-02, -6.5876e-02, -2.2025e-01, -9.9754e-02, -2.0284e-01,
         -5.7537e-02],
        [-1.2174e-01,  1.7013e-03, -9.2141e-02,  1.0012e-01, -3.8683e-03,
          1.4350e-01, -1.2371e-01, -7.4323e-02, -4.7421e-02, -1.4463e-01,
          1.7803e-01, -1.0199e-01, -1.3611e-01,  1.6447e-01,  1.1220e-01,
          2.7923e-02],
        [ 1.1962e-01,  6.1846e-02,  5.1998e-02,  1.5370e-01,  1.2351e-01,
          1.2860e-01,  1.1868e-01, -1.5780e-01, -2.3986e-02,  5.8877e-02,
         -5.1360e-02, -6.8502e-02,  1.3232e-01, -5.4293e-02, -4.2394e-03,
         -1.3557e-01],
        [ 1.3153e-01, -4.8415e-02, -8.9438e-02, -1.5044e-01, -1.9429e-02,
         -1.0597e-01, -1.8775e-02, -1.7256e-02,  1.1830e-01,  4.5201e-02,
         -9.1638e-02, -5.4433e-04,  1.7405e-01,  1.2883e-01,  4.1748e-02,
          4.3240e-03],
        [-1.5594e-01, -1.1012e-01, -2.1449e-01, -7.3331e-02, -1.5594e-01,
         -4.7583e-02,  8.9613e-02, -2.7760e-02, -1.7057e-01, -1.0587e-01,
          9.9806e-02, -1.7054e-03, -1.5626e-01, -2.8860e-02, -1.0553e-02,
         -5.1674e-03],
        [-2.5638e-01, -1.4055e-01, -2.4860e-01, -1.2014e-01,  3.0000e-02,
          3.6004e-02, -1.9462e-01,  2.1754e-01, -2.0520e-01, -1.3775e-01,
          1.1090e-02, -9.5120e-02, -1.3188e-01, -1.6200e-01, -2.8132e-01,
          6.1554e-02],
        [-2.3518e-01, -1.7507e-01, -2.1009e-01,  3.0931e-03,  7.6282e-02,
         -1.5782e-01,  6.9235e-02,  2.0518e-01, -1.3151e-01,  8.3697e-02,
          1.6369e-01, -5.9606e-02, -1.2255e-01, -6.3343e-02, -1.5929e-01,
         -2.6724e-02],
        [ 1.0072e-01, -6.1465e-02,  1.8829e-01, -1.3089e-01,  1.0093e-01,
          7.3051e-02,  1.4424e-01, -9.8486e-02,  1.1053e-01, -1.8784e-02,
          6.0249e-02, -7.7296e-02,  2.9518e-02,  4.5633e-02,  6.1230e-02,
          1.4639e-01],
        [ 1.9308e-01,  1.6393e-01, -1.1310e-01, -7.5447e-02, -3.2246e-02,
         -2.9883e-02,  4.0924e-02, -9.8479e-02,  1.8486e-02,  1.4626e-01,
          6.2167e-03, -5.1848e-02, -7.7605e-02, -4.7217e-02,  8.6213e-03,
          4.7163e-02],
        [ 9.0399e-02,  2.5780e-02,  6.6054e-02,  4.0269e-02,  9.3529e-02,
          7.7844e-02,  4.7039e-02,  2.7394e-02, -1.4215e-01, -1.8054e-01,
         -1.7829e-02,  1.1205e-01,  1.2202e-02,  9.9620e-02, -1.7694e-02,
          1.0588e-01],
        [-1.0849e-01, -7.3917e-02, -3.2096e-02, -1.5841e-01,  6.1294e-02,
          8.1415e-03, -6.7807e-02, -5.7891e-02, -1.3504e-01, -5.0888e-02,
         -1.1093e-01, -9.1226e-02, -9.8590e-03, -1.2300e-01, -4.8034e-03,
         -8.9629e-02],
        [-6.7704e-02, -3.9555e-02,  2.0554e-01, -3.6662e-02, -1.5155e-01,
          6.6053e-02,  3.9222e-02, -1.1276e-01, -1.0793e-02,  4.7018e-02,
          9.7191e-03,  1.2855e-02, -3.3707e-02,  3.0680e-03,  1.4582e-01,
         -1.4109e-01],
        [-1.2915e-01, -7.3811e-02,  1.9590e-02,  1.6494e-02, -2.1877e-02,
          9.4358e-02, -9.7850e-03,  1.1202e-01, -3.2093e-02, -2.1462e-01,
          1.8800e-02,  3.8963e-02, -1.3163e-01,  4.8960e-02, -1.3794e-01,
          1.3625e-01],
        [ 1.0775e-01,  1.5432e-01,  1.2874e-01,  1.9941e-01, -4.7293e-02,
         -8.0838e-02, -2.3851e-02,  1.4862e-01,  2.8226e-02,  8.2407e-02,
         -8.6684e-02,  1.0116e-01,  7.2782e-02,  1.2615e-01,  1.0005e-01,
         -1.5389e-01],
        [ 6.5077e-02,  4.6985e-02,  2.8104e-02, -1.3235e-01, -5.6087e-02,
         -1.3600e-01,  8.5897e-02,  1.5622e-01,  4.5951e-02, -5.9096e-02,
         -2.3074e-02,  3.1152e-02, -8.5805e-02, -8.5800e-02, -1.0945e-02,
          1.3988e-01],
        [ 1.3985e-02,  2.9864e-02,  3.6717e-02, -1.0747e-01, -6.6067e-02,
          6.7273e-02,  6.0048e-02,  1.5113e-02,  7.3406e-02,  3.1716e-02,
         -1.7024e-02, -8.6988e-02,  1.0006e-01,  1.1820e-01,  7.6082e-02,
          7.5544e-02],
        [ 1.3466e-01,  1.3826e-01,  7.3613e-02, -1.3911e-01, -1.2194e-01,
          1.7338e-02, -1.3391e-01,  4.2867e-02, -1.0031e-01,  3.9748e-02,
          9.0690e-02,  8.4574e-02, -8.5945e-02,  7.1969e-02,  4.6004e-02,
         -1.5194e-01]], device='cuda:0')), ('bn3.weight', tensor([1., 1., 1., 1., 1., 1., 1., 1., 1., 1., 1., 1., 1., 1., 1., 1., 1., 1.,
        1., 1., 1., 1., 1., 1., 1., 1., 1., 1., 1., 1., 1., 1.],
       device='cuda:0')), ('bn3.bias', tensor([0., 0., 0., 0., 0., 0., 0., 0., 0., 0., 0., 0., 0., 0., 0., 0., 0., 0., 0., 0., 0., 0., 0., 0.,
        0., 0., 0., 0., 0., 0., 0., 0.], device='cuda:0')), ('bn3.running_mean', tensor([0., 0., 0., 0., 0., 0., 0., 0., 0., 0., 0., 0., 0., 0., 0., 0., 0., 0., 0., 0., 0., 0., 0., 0.,
        0., 0., 0., 0., 0., 0., 0., 0.], device='cuda:0')), ('bn3.running_var', tensor([1., 1., 1., 1., 1., 1., 1., 1., 1., 1., 1., 1., 1., 1., 1., 1., 1., 1.,
        1., 1., 1., 1., 1., 1., 1., 1., 1., 1., 1., 1., 1., 1.],
       device='cuda:0')), ('bn3.num_batches_tracked', tensor(0, device='cuda:0'))])