OrderedDict([('conv1.bias', tensor([ 2.4039e-06,  1.2075e-07,  3.2979e-07, -2.3365e-06, -2.6610e-06,
        -3.5533e-06,  3.9230e-08, -2.2915e-06], device='cuda:0')), ('conv1.lin.weight', tensor([[-3.9722e-04, -2.0835e-04, -1.3112e-04,  1.5953e-04, -2.8198e-04,
         -3.2718e-03, -2.1300e-42, -4.3823e-12,  3.2654e-13,  2.8044e-15,
          1.4736e-02, -1.0058e-01, -1.7196e-01, -1.1690e-02, -7.8173e-03,
         -1.6398e-01, -6.7219e-02, -1.9118e-02, -6.5519e-02, -6.5624e-02,
         -1.0106e-01, -9.2658e-02, -5.8315e-02, -6.5525e-04, -7.1027e-03,
         -1.9978e-03, -9.8312e-04, -1.2208e-02, -1.1305e-04, -1.9978e-03,
         -1.0505e-02, -6.0201e-04, -4.3851e-03,  3.6806e-03, -1.8734e-03,
         -2.3312e-03, -3.9517e-43, -5.3323e-03,  7.9005e-02, -4.6361e-02,
         -7.3397e-03, -3.1641e-02, -2.9395e-02,  9.6153e-03, -1.1580e-01,
         -3.0018e-03, -1.1432e-01, -7.0341e-02, -8.2764e-03, -1.4044e-03,
         -2.3967e-03,  6.9853e-14, -2.5971e-20, -5.1091e-42,  1.1253e-16,
         -1.0313e-03, -1.2063e-03, -3.9722e-04, -1.0999e-03, -1.0999e-03,
         -7.8968e-04, -6.8329e-04, -1.4049e-01, -1.5324e-01, -1.8231e-01,
         -2.5532e-01,  7.5947e-02, -7.0066e-04],
        [ 1.4537e-04,  2.6705e-05, -1.5960e-04,  6.8000e-05,  2.5193e-04,
          1.3091e-03, -1.4178e-22,  1.3016e-15, -1.0656e-07,  9.4167e-43,
         -1.3569e-02,  2.7447e-03,  8.2465e-03,  1.2114e-03,  2.6969e-03,
         -1.2498e-02, -2.2456e-03,  9.7103e-04,  2.6615e-03,  4.0905e-03,
          1.3635e-03,  9.5935e-04,  2.4736e-03,  2.8565e-04,  6.3189e-04,
          4.7055e-04,  8.0244e-04,  2.9234e-03, -1.3226e-06,  4.7055e-04,
          1.7998e-03,  2.3807e-03, -4.3341e-04,  1.1546e-04,  2.1176e-04,
          2.7573e-04, -4.4743e-42,  3.8915e-04, -1.1084e-01, -1.0481e-01,
         -5.4382e-04,  1.6959e-03, -2.9141e-05,  6.1557e-02,  9.7039e-03,
          8.1826e-04,  3.2661e-03, -1.8946e-01,  9.2171e-04,  1.7389e-04,
          1.0062e-03, -5.7705e-42, -1.5596e-42,  1.1771e-42,  2.4285e-42,
          2.0980e-04,  7.1880e-04,  1.4537e-04,  2.4734e-04,  2.4734e-04,
          1.2926e-04,  2.7140e-03,  7.7229e-03,  8.5165e-03,  9.4112e-03,
          4.2149e-02,  3.8010e-02,  4.6029e-05],
        [-5.1701e-04,  1.0111e-04, -4.8841e-04,  4.4004e-04,  4.2171e-04,
          3.0725e-03,  6.4012e-17,  1.1208e-41,  5.7327e-42,  7.9328e-42,
         -5.7456e-02,  3.5149e-03, -2.4099e-03,  4.3648e-04,  6.2378e-03,
         -7.3088e-02, -2.2839e-02, -2.8090e-03, -7.7614e-03, -2.9621e-03,
         -6.0043e-03, -7.1441e-03, -9.5478e-03,  5.3137e-04, -1.2972e-03,
          1.0666e-03,  2.4746e-03,  5.1506e-03,  3.0090e-05,  1.0666e-03,
          1.6734e-03, -1.7133e-02, -3.3422e-03,  2.3663e-03, -1.5906e-04,
         -2.2492e-04,  1.5368e-20, -9.1438e-04,  1.3547e-01, -1.6914e-01,
         -3.8262e-03, -6.2316e-04,  1.8424e-04, -5.0588e-02,  4.1981e-02,
          1.0704e-03, -2.7364e-03, -8.6302e-02, -1.7443e-03, -5.4511e-04,
          2.4775e-03, -2.3191e-42, -2.3827e-11, -5.8574e-43,  8.4652e-42,
         -2.0550e-04,  2.2392e-03, -5.1701e-04,  4.9405e-04,  4.9405e-04,
          1.6140e-04, -2.0173e-02, -3.7612e-03,  1.5416e-03, -2.2283e-03,
          4.0042e-03,  4.1607e-02, -1.3310e-04],
        [-3.4145e-05,  1.1333e-05,  6.7474e-04, -7.0169e-04, -3.0294e-04,
         -2.4910e-03,  2.3975e-25,  3.4612e-43, -4.5753e-24,  2.1233e-06,
         -2.3284e-01, -5.5277e-02, -1.0967e-02, -2.2396e-04, -5.4014e-03,
         -4.0360e-03, -2.6543e-02, -1.3967e-03, -4.2672e-03, -2.1221e-03,
         -6.1273e-03, -6.9329e-03, -3.6811e-03, -3.4559e-04, -1.3020e-03,
         -5.8284e-04, -3.0459e-03, -9.7613e-03, -1.7178e-04, -5.8284e-04,
         -2.1468e-03, -8.0816e-03,  6.8333e-03, -3.6307e-03,  1.1203e-04,
          1.6908e-04, -1.3254e-20,  4.5949e-03,  4.1037e-02, -4.1401e-02,
         -8.9259e-04, -7.4545e-03,  1.3961e-03, -1.2709e-02,  2.8936e-02,
         -3.9972e-03, -1.4874e-02, -1.8852e-02, -9.9570e-03,  8.9970e-04,
         -1.9608e-03,  7.0499e-42,  7.9914e-16,  1.0224e-41,  2.0910e-34,
          1.0176e-03, -1.5248e-03, -3.4145e-05, -1.4698e-04, -1.4698e-04,
         -3.2658e-04, -9.0522e-03, -1.3217e-02, -5.3798e-03, -9.5729e-03,
         -1.0441e-02,  6.0795e-03,  1.8288e-04],
        [ 1.9681e-05,  6.2274e-05,  6.7637e-04, -1.5132e-03, -2.4208e-04,
         -6.0528e-03, -3.0562e-42, -7.2321e-42, -2.7914e-42, -6.9695e-13,
          2.4225e-02, -1.3663e-01, -1.8602e-01, -9.8086e-03, -1.5302e-02,
         -1.6655e-03, -4.5674e-02, -6.6629e-02, -1.9917e-02, -4.6367e-02,
         -5.5783e-02, -1.1473e-02, -8.4632e-03, -8.1163e-04, -2.3755e-03,
         -1.8766e-03, -3.0278e-03, -1.6429e-02, -3.0504e-04, -1.8766e-03,
         -9.2933e-03, -3.7038e-02,  4.9168e-03, -2.8547e-04, -7.4220e-04,
         -9.7942e-04, -4.5794e-42, -1.7450e-03, -4.0345e-02,  1.9941e-02,
          1.3715e-03, -1.7211e-02, -1.4322e-02, -1.3722e-01, -4.3717e-02,
         -5.4120e-03, -6.7225e-02, -3.7352e-01, -1.3006e-02, -9.1220e-05,
         -4.2299e-03,  6.8898e-21, -8.9305e-42, -4.8691e-16,  1.0220e-36,
         -2.4908e-04, -2.9717e-03,  1.9681e-05, -8.2003e-04, -8.2003e-04,
         -7.3065e-04,  3.7673e-02, -1.5468e-02, -1.2777e-01, -1.8342e-01,
         -1.0731e-01,  8.7263e-02,  3.3813e-06],
        [ 1.9207e-04, -2.7128e-04,  3.0012e-04, -1.8422e-08, -1.0863e-05,
         -3.3673e-03,  3.3964e-15,  2.1930e-42,  5.4765e-28, -4.7980e-42,
          3.3678e-03, -6.2578e-02, -9.5306e-02, -5.4437e-03, -7.1147e-03,
          1.7664e-01, -3.2888e-02, -1.3918e-02, -3.7595e-02, -3.6437e-02,
         -3.0567e-02, -2.5500e-02, -3.4623e-02, -7.5652e-04, -4.7403e-03,
         -1.0023e-03, -5.7829e-04, -8.0455e-03,  1.0400e-04, -1.0023e-03,
         -5.2612e-03, -2.6240e-02, -4.0371e-04,  2.9984e-03, -7.3443e-04,
         -1.0144e-03,  9.6906e-13, -3.5175e-03,  2.0892e-01, -2.0751e-02,
          3.1130e-04, -1.2454e-02, -7.7713e-03, -3.4375e-03, -2.3247e-01,
         -2.0575e-03, -5.0536e-02, -1.9949e-01, -5.9774e-03, -1.2864e-03,
         -2.3421e-03, -3.4458e-42,  1.2318e-24, -4.0646e-14, -9.9212e-13,
         -1.3600e-03, -1.4548e-03,  1.9207e-04, -8.4901e-04, -8.4901e-04,
         -1.3166e-04, -2.9428e-02, -8.6352e-02, -8.6426e-02, -1.0083e-01,
         -1.9563e-01,  2.4066e-02, -5.5029e-04],
        [-4.5014e-04,  1.3038e-05,  2.9112e-04,  4.4266e-04,  1.3507e-05,
          8.2511e-04,  3.1908e-42,  8.3984e-17,  1.9870e-42, -4.4483e-09,
          1.3115e-03,  7.7175e-04, -9.2170e-03, -8.3102e-04,  1.2589e-03,
         -3.9878e-02, -1.8710e-03, -2.1242e-06, -7.4022e-04, -1.0728e-03,
         -8.2951e-03, -8.1194e-03, -3.5083e-04,  4.1032e-04,  1.4669e-04,
          2.7533e-04, -2.3426e-04,  2.4756e-05,  8.6493e-05,  2.7530e-04,
         -6.9740e-04,  5.4789e-05, -1.6444e-03, -9.8855e-05,  1.0560e-04,
          1.1377e-04, -1.1580e-11, -2.5317e-04, -6.6353e-02,  9.4605e-02,
         -2.1831e-03, -1.9638e-03, -3.8739e-03,  1.5944e-03, -1.7767e-02,
          3.8169e-04, -7.0662e-03,  2.5281e-02,  6.3785e-05,  3.5818e-04,
          6.9631e-04, -1.2404e-21,  6.0564e-42,  2.4616e-11,  2.9595e-42,
          4.6748e-04,  6.8523e-04, -4.5013e-04,  3.3978e-04,  3.3980e-04,
         -1.9084e-04,  6.2791e-05, -5.3296e-03, -7.0603e-03, -9.6696e-03,
         -1.5083e-02, -8.6334e-02,  1.8508e-04],
        [-1.1937e-04, -1.4333e-04, -3.1040e-04, -2.0252e-04, -3.9428e-05,
         -4.6612e-03, -3.2930e-19, -4.7249e-23,  1.6321e-15,  4.6270e-10,
          6.9553e-03, -8.4032e-02, -1.1513e-01, -1.2291e-02, -1.0054e-02,
          8.5468e-02, -5.3287e-02, -1.7301e-02, -5.0390e-02, -4.9741e-02,
         -5.4903e-02, -5.2018e-02, -4.6616e-02, -7.1934e-04, -6.0102e-03,
         -2.2907e-03, -2.5002e-04, -1.5366e-02, -1.7596e-04, -2.2907e-03,
         -1.1330e-02,  2.3794e-03, -3.4693e-03,  4.7509e-03, -2.0997e-03,
         -2.6348e-03, -1.4135e-21, -8.1988e-03,  4.8543e-02,  9.1059e-02,
         -3.2249e-03, -2.4733e-02, -1.8901e-02, -1.9665e-01, -2.1951e-01,
         -3.7428e-03, -7.9664e-02, -4.3860e-02, -1.1365e-02, -1.7857e-03,
         -3.3752e-03,  3.8267e-06, -3.3927e-15, -2.6802e-14, -2.9652e-20,
         -1.6016e-03, -2.0028e-03, -1.1938e-04, -1.4153e-03, -1.4153e-03,
         -7.2963e-04,  1.5008e-02, -1.0508e-01, -1.0451e-01, -1.2401e-01,
         -2.2036e-01,  2.6385e-02, -8.0766e-04]], device='cuda:0')), ('conv1.aggr.t', tensor([1.], device='cuda:0')), ('bn1.weight', tensor([0.9138, 0.8656, 0.8394, 0.6820, 0.8763, 0.6742, 0.7821, 0.7339],
       device='cuda:0')), ('bn1.bias', tensor([ 0.1383, -0.0076,  0.2329,  0.1084, -0.0428, -0.3523, -0.0174, -0.3254],
       device='cuda:0')), ('bn1.running_mean', tensor([ -61.6946, -369.8512,   -1.2129,    3.1521, -134.0303,  354.7357,
        -701.8117,  247.9243], device='cuda:0')), ('bn1.running_var', tensor([2.1600e+03, 2.7956e+04, 7.2281e+02, 2.8814e+01, 9.0329e+02, 1.7118e+04,
        1.7264e+05, 1.1801e+04], device='cuda:0')), ('bn1.num_batches_tracked', tensor(47024, device='cuda:0')), ('conv2.bias', tensor([ 2.3001e-06,  7.1059e-06, -5.2507e-06, -5.8764e-06, -3.1480e-06,
         3.9970e-06,  6.3151e-06,  1.2523e-05,  6.9590e-06, -6.6412e-06,
        -4.1267e-06,  3.8388e-07, -2.2410e-06, -1.5582e-05, -1.4183e-05,
        -1.1141e-05], device='cuda:0')), ('conv2.lin.weight', tensor([[-2.2538e-01,  8.8938e-02,  9.5774e-02,  2.4887e-01,  2.1238e-02,
         -1.9964e-02, -1.4626e-02,  2.1835e-01],
        [ 1.6096e-02, -5.0430e-02, -1.1357e-02, -5.5446e-02, -1.6529e-01,
         -3.9143e-01,  2.8656e-01,  2.3160e-01],
        [ 1.2464e-04, -1.5900e-01, -1.1616e-01, -1.8429e-01, -1.0894e-01,
          6.7054e-02,  1.8020e-01, -4.0106e-01],
        [ 2.4188e-01, -1.9613e-01, -3.5222e-01, -1.4699e-02, -2.5978e-01,
         -1.4946e-01,  2.1730e-01, -6.8632e-02],
        [ 3.6252e-01, -8.2718e-02,  1.6033e-01, -6.2776e-02, -3.8596e-02,
          3.4138e-01, -6.0346e-02, -1.4876e-01],
        [ 1.8845e-01,  1.8380e-01, -1.1648e-01, -5.0305e-02,  9.1172e-02,
          1.1080e-01,  1.6696e-01, -2.5247e-01],
        [-4.9874e-01, -1.8872e-01, -4.6987e-01,  6.2443e-02, -2.7080e-01,
         -7.2336e-02,  2.8528e-01,  1.7651e-01],
        [-1.3434e-01,  2.3074e-01,  6.8967e-02,  3.1687e-01,  3.0895e-01,
         -1.4794e-01, -1.9344e-01,  3.2594e-02],
        [-1.7114e-01,  4.7407e-01, -2.7276e-01,  3.5595e-02, -7.7860e-03,
          2.9262e-01, -1.5577e-01,  1.5874e-01],
        [-2.8639e-01, -2.4906e-01, -4.3787e-01, -2.2331e-01, -3.2219e-01,
         -1.0462e-01,  1.5430e-01, -7.9177e-02],
        [-3.0027e-01, -1.3227e-01, -1.2118e-01,  1.0784e-01,  1.5265e-01,
          2.1900e-01, -2.3383e-01,  1.8211e-01],
        [-4.8189e-02,  2.9226e-01,  1.8097e-01,  3.1828e-01, -1.8989e-01,
         -2.7209e-01, -1.6237e-01, -1.6111e-01],
        [-2.5584e-01, -3.4371e-01,  3.0924e-01,  1.4015e-01,  1.2429e-01,
         -1.5607e-01, -3.0712e-01,  6.9284e-02],
        [-3.5976e-01,  1.1901e-01, -5.6649e-02, -1.3803e-01, -4.9790e-01,
          1.5787e-01,  2.0646e-01, -2.5400e-01],
        [ 3.4245e-01,  8.5532e-02, -1.9261e-01,  5.7546e-02,  2.4698e-01,
          3.8745e-03,  2.5599e-01,  1.3634e-01],
        [-2.0754e-01,  8.6357e-02,  1.5542e-01, -1.2765e-02, -1.2599e-01,
          1.5870e-01, -1.8702e-01, -2.2487e-02]], device='cuda:0')), ('conv2.aggr.t', tensor([1.], device='cuda:0')), ('bn2.weight', tensor([0.6527, 0.7300, 0.8415, 0.7837, 0.7059, 0.7082, 0.7424, 0.8233, 0.6848,
        0.7752, 0.7124, 0.8700, 0.7481, 0.7262, 0.8320, 0.7696],
       device='cuda:0')), ('bn2.bias', tensor([-1.2919e-01, -6.7154e-01, -4.4861e-01,  2.1080e-01, -7.7644e-01,
        -5.8739e-01, -9.4977e-01,  3.6922e-02, -6.6499e-01,  2.5250e-04,
        -1.3080e-01,  7.0538e-01, -1.9691e-01,  1.1164e+00,  2.6931e-01,
        -3.8964e-01], device='cuda:0')), ('bn2.running_mean', tensor([ 0.0660, -0.0228, -0.1717, -0.1497,  0.1757,  0.1238, -0.4342,  0.1534,
        -0.0259, -0.5138, -0.1496,  0.0728, -0.0943, -0.2881,  0.2654, -0.0729],
       device='cuda:0')), ('bn2.running_var', tensor([0.0661, 0.0334, 0.0649, 0.1456, 0.0463, 0.0379, 0.2086, 0.1094, 0.0914,
        0.2298, 0.0487, 0.2125, 0.1314, 0.1157, 0.0969, 0.0556],
       device='cuda:0')), ('bn2.num_batches_tracked', tensor(47024, device='cuda:0')), ('conv3.bias', tensor([ 1.1390e-06,  2.2481e-06, -1.3571e-07,  2.7634e-07, -7.9874e-07,
         1.1800e-06,  3.2155e-06, -2.7638e-06,  4.1387e-07,  1.1045e-06,
         1.2335e-06, -2.6469e-06, -1.8178e-06,  7.3410e-07,  4.0109e-06,
        -2.4883e-06,  1.0835e-06, -6.3229e-07,  5.2912e-07,  2.1102e-08,
        -1.6598e-06,  3.1262e-06,  1.6195e-06, -1.7061e-06, -3.3922e-06,
         3.1668e-06,  3.4934e-07,  1.2569e-06,  1.3024e-06,  1.1686e-06,
         7.9822e-07,  3.5735e-06], device='cuda:0')), ('conv3.lin.weight', tensor([[-1.0698e-01,  1.5301e-02, -2.0543e-01, -6.9367e-02, -8.2302e-02,
          1.4796e-01,  2.8178e-02, -1.2123e-01, -1.3795e-01,  1.8380e-02,
          8.2667e-02,  6.5052e-02,  1.1099e-01, -8.8757e-02,  1.7122e-01,
          1.1513e-01],
        [ 1.6647e-02, -6.4714e-02,  2.2715e-01, -3.1695e-02,  7.1536e-02,
          6.4060e-02, -1.1118e-01,  2.6780e-01, -1.1613e-01,  1.9206e-01,
          1.6140e-01,  1.1196e-01, -1.0473e-01,  1.0132e-01,  1.3983e-01,
          8.0131e-02],
        [ 1.3868e-01, -1.1062e-01, -2.5712e-03, -9.9958e-02, -6.2416e-02,
         -1.6383e-01, -9.9957e-04, -2.0152e-01, -8.1971e-02,  4.8239e-02,
         -5.3251e-02,  1.3781e-02, -3.2513e-02,  8.8207e-02,  1.6141e-01,
         -7.8199e-02],
        [ 1.7187e-01,  1.2989e-01,  1.6325e-01, -3.5525e-02,  1.1030e-02,
         -1.6692e-01, -1.8303e-01,  1.7003e-01,  3.9355e-02,  4.2936e-02,
          1.4117e-01, -6.1885e-02, -1.3962e-02,  1.3105e-01,  2.8601e-01,
         -3.8717e-02],
        [-1.9198e-01,  6.4517e-02,  2.1289e-01, -2.4526e-01,  5.4783e-02,
         -8.0333e-02,  1.0111e-01,  1.3039e-01,  7.2785e-02, -2.7618e-02,
         -8.7547e-02,  1.6244e-01, -5.4462e-03, -1.0800e-01,  1.7654e-01,
          5.6246e-02],
        [-3.4279e-02,  1.7793e-01,  1.8968e-01,  1.2142e-01,  8.7801e-02,
         -1.1890e-01, -6.7136e-02,  9.3741e-02,  5.2623e-02, -2.6325e-02,
         -3.4208e-02,  1.0845e-01, -1.2462e-01, -1.3750e-01, -7.8845e-02,
          1.0930e-01],
        [ 1.8719e-01,  1.5970e-01, -1.9226e-02,  4.8549e-02,  1.4386e-01,
         -1.7174e-01, -2.4781e-01,  1.1836e-01,  1.2209e-01,  1.5414e-01,
          1.4968e-01, -2.3665e-01, -1.9255e-01,  1.1699e-01,  1.0168e-01,
          2.1100e-01],
        [ 1.0630e-01,  8.8572e-03, -2.2757e-01, -8.6273e-02, -2.7200e-02,
         -1.6619e-01,  8.9902e-02, -5.3218e-02,  1.7608e-02,  1.0192e-01,
         -5.0788e-02, -1.3333e-01, -1.0623e-01,  4.8260e-02,  8.1253e-02,
         -6.4362e-02],
        [-1.3461e-01,  2.1039e-02, -6.9283e-02,  4.5067e-02, -4.6165e-02,
         -1.5222e-01, -8.9829e-02, -1.9181e-01,  3.6741e-02, -1.8793e-01,
          2.2243e-02, -1.7545e-02, -6.7904e-02,  1.1235e-01,  1.3085e-01,
          7.1104e-02],
        [ 2.7332e-02, -8.6157e-03,  1.7535e-01, -1.2998e-01,  4.8643e-02,
          1.7270e-01,  1.1540e-01,  1.4688e-01, -8.0412e-03,  1.9733e-01,
         -9.0809e-02,  1.3525e-01,  1.3983e-01, -7.8165e-02,  1.7344e-01,
          1.9960e-01],
        [ 9.5285e-03,  9.0607e-03, -7.8094e-02, -2.1027e-01, -1.4358e-01,
         -1.9141e-01, -1.3594e-01, -1.1395e-01, -6.7082e-02,  1.1163e-01,
         -5.6618e-02, -1.1355e-01, -6.0528e-02, -4.0614e-02,  1.2004e-01,
         -5.9408e-02],
        [-2.3926e-01,  2.0762e-01, -2.2391e-01,  9.5828e-02, -1.0552e-01,
          8.9771e-02,  4.2314e-02, -1.2185e-01,  4.5735e-02, -9.7562e-02,
          8.3692e-02,  1.1825e-01,  3.0618e-02, -1.4047e-01, -1.0867e-01,
          1.0801e-02],
        [ 1.9257e-01, -2.3486e-02,  6.1880e-02,  1.3102e-01,  4.6241e-02,
          2.4311e-02,  3.5800e-02, -2.0762e-01,  1.6740e-02, -1.1209e-01,
          1.1726e-01,  1.3697e-01,  2.1819e-02, -1.2001e-01, -2.1765e-01,
         -1.3894e-01],
        [-3.5693e-02, -8.9856e-02, -5.1810e-02, -1.1061e-01, -2.2680e-01,
          1.4163e-01, -1.6794e-01, -3.0545e-01, -1.1907e-01, -1.2752e-01,
          1.2541e-01, -5.2067e-03, -6.3728e-02,  5.8738e-02,  6.4364e-02,
          4.9729e-02],
        [-7.3553e-02,  1.3617e-01, -7.7800e-02, -2.0650e-01,  1.4631e-01,
          9.9335e-03,  5.1846e-02, -1.6534e-01, -1.3296e-02,  1.6508e-02,
          1.4932e-01,  1.2143e-01,  7.6608e-02,  6.2346e-02, -1.4456e-01,
         -2.5704e-01],
        [-1.9282e-01, -8.8310e-03, -2.0399e-01, -6.1151e-02, -5.3714e-02,
          1.6893e-01, -1.6851e-01,  1.5631e-02, -4.6577e-02,  2.8740e-01,
          1.1866e-01,  4.1438e-02,  1.7787e-01,  1.0415e-01, -1.5637e-02,
         -1.4908e-01],
        [ 1.0117e-01,  3.3018e-02,  1.6890e-01,  2.9544e-02,  6.4135e-02,
          5.9191e-03,  1.2340e-01, -9.7311e-02, -5.9024e-02, -2.6943e-01,
          1.7162e-01,  1.6779e-01,  2.4557e-02,  1.0626e-01,  1.3530e-01,
         -2.4278e-02],
        [-2.4237e-02,  1.4756e-01,  7.0695e-02, -1.0004e-01, -1.3150e-01,
          1.2814e-02, -1.3598e-01, -1.1620e-01,  1.0195e-02,  8.0374e-02,
          6.1464e-02,  9.6006e-02,  1.3749e-02, -5.0719e-02, -9.8961e-02,
         -1.2680e-01],
        [-1.3775e-01,  8.7683e-02, -1.6258e-01, -1.4700e-01,  9.6506e-02,
          6.4876e-02,  2.8674e-01,  2.4905e-02, -1.3125e-02, -6.2176e-02,
         -4.4571e-02, -2.4856e-04, -1.7425e-01,  2.1596e-03, -2.4414e-01,
         -7.2344e-02],
        [ 4.2571e-02,  1.2955e-01,  2.0882e-01, -2.3417e-01,  1.5214e-01,
         -6.4340e-02,  6.2589e-02,  2.9989e-01,  1.3102e-01,  1.6241e-01,
         -6.9983e-02, -3.7240e-03, -7.7957e-02, -9.9322e-02, -2.2213e-01,
         -2.1768e-01],
        [-1.3745e-01, -3.5040e-03, -7.1361e-02, -1.2850e-02,  1.7225e-02,
         -1.3282e-01,  6.5358e-02,  7.7376e-02,  5.0806e-02,  1.4129e-01,
         -6.0297e-02,  1.3822e-01, -1.9487e-01, -6.6055e-02, -1.8132e-01,
         -2.2731e-01],
        [-1.8416e-01,  9.0584e-02,  3.0749e-01, -8.3428e-02, -9.3300e-02,
         -9.0774e-02, -2.1241e-01,  1.7150e-01,  6.1137e-02,  5.6298e-02,
          5.2219e-02,  1.9111e-01,  8.6908e-02, -5.7320e-02,  1.3917e-02,
         -2.4127e-01],
        [ 1.2417e-01,  3.7785e-02,  8.2364e-03, -2.0259e-01, -1.2270e-01,
         -6.5562e-02, -4.1212e-02,  3.5723e-02, -7.2491e-03,  1.5037e-02,
         -6.4880e-02, -2.8798e-01, -8.2305e-02, -5.7510e-02, -1.1978e-01,
         -4.9550e-02],
        [ 4.8193e-02,  1.1441e-01,  8.2855e-02, -2.3803e-01,  8.8701e-02,
          1.8816e-01,  1.4640e-02, -9.5335e-02,  3.3944e-02,  9.3063e-02,
          7.1669e-02,  1.3144e-01,  2.1780e-01,  1.1865e-01, -3.1418e-02,
         -1.9447e-01],
        [ 9.7195e-02,  1.8610e-01, -1.1121e-01, -2.2071e-02,  2.0340e-01,
         -7.4080e-02,  1.1194e-02,  1.0099e-01,  1.8237e-02, -2.5251e-02,
          2.1909e-01, -1.6502e-01,  2.3963e-02,  2.0780e-01,  2.8456e-01,
          1.8503e-01],
        [ 1.5855e-01, -4.5849e-02,  1.1921e-01, -1.6918e-01, -1.5648e-01,
          1.2804e-01, -2.4052e-01,  7.5540e-02, -1.4260e-02,  1.5564e-01,
         -7.2370e-02, -2.3379e-01,  1.4165e-02,  1.4531e-02, -1.4589e-01,
         -9.9811e-02],
        [ 1.1348e-01,  2.6086e-02, -1.3873e-01, -1.5557e-01,  7.6440e-02,
         -8.4622e-02,  3.6778e-02, -2.6455e-01,  5.4675e-02, -9.0909e-02,
          1.7177e-02, -2.8016e-02, -6.3583e-02, -3.9776e-03,  1.3670e-01,
          3.0789e-02],
        [ 7.9362e-02,  4.2613e-01,  2.9106e-01, -1.8228e-01,  5.0054e-01,
          3.1089e-01,  5.6797e-01,  5.8205e-02,  3.8914e-01,  1.9148e-04,
          2.6459e-02, -5.2801e-01,  8.0625e-02, -7.7814e-01, -2.1894e-01,
          2.7465e-01],
        [ 2.6415e-01, -1.0107e-01, -1.2828e-02,  1.5464e-01,  1.0725e-01,
          1.7636e-01, -1.6309e-03, -1.3011e-01, -2.0253e-02,  8.5171e-02,
          5.8004e-02,  2.0006e-01,  2.2152e-01,  7.2206e-02,  2.8463e-02,
         -2.0365e-01],
        [ 8.5157e-02,  5.9385e-02, -1.4507e-01,  6.8533e-02, -2.9396e-02,
         -9.9323e-02, -6.1559e-02,  4.3636e-02,  1.0119e-01,  5.5672e-02,
         -4.9590e-02, -9.1238e-02,  5.1629e-02,  3.1739e-02,  1.6253e-01,
         -6.5853e-02],
        [ 1.1788e-01, -1.4526e-01,  1.4101e-02,  1.5322e-01, -1.0307e-01,
         -1.1908e-01, -1.8090e-01, -1.0026e-01,  1.7406e-01,  1.3528e-01,
         -2.0904e-01, -1.1626e-01,  2.9103e-02,  1.8438e-03, -2.8723e-02,
          2.9772e-02],
        [ 1.2538e-01,  8.2903e-02,  1.5434e-01,  1.0278e-01,  1.1424e-01,
          1.2251e-02, -6.0310e-02,  1.2255e-01,  1.6179e-02,  1.4156e-01,
          1.8812e-01,  3.7688e-02,  1.5762e-02, -5.0604e-02,  1.0265e-01,
          2.9397e-01]], device='cuda:0')), ('bn3.weight', tensor([1., 1., 1., 1., 1., 1., 1., 1., 1., 1., 1., 1., 1., 1., 1., 1., 1., 1.,
        1., 1., 1., 1., 1., 1., 1., 1., 1., 1., 1., 1., 1., 1.],
       device='cuda:0')), ('bn3.bias', tensor([0., 0., 0., 0., 0., 0., 0., 0., 0., 0., 0., 0., 0., 0., 0., 0., 0., 0., 0., 0., 0., 0., 0., 0.,
        0., 0., 0., 0., 0., 0., 0., 0.], device='cuda:0')), ('bn3.running_mean', tensor([0., 0., 0., 0., 0., 0., 0., 0., 0., 0., 0., 0., 0., 0., 0., 0., 0., 0., 0., 0., 0., 0., 0., 0.,
        0., 0., 0., 0., 0., 0., 0., 0.], device='cuda:0')), ('bn3.running_var', tensor([1., 1., 1., 1., 1., 1., 1., 1., 1., 1., 1., 1., 1., 1., 1., 1., 1., 1.,
        1., 1., 1., 1., 1., 1., 1., 1., 1., 1., 1., 1., 1., 1.],
       device='cuda:0')), ('bn3.num_batches_tracked', tensor(0, device='cuda:0'))])