OrderedDict([('conv1.bias', tensor([ 1.2229e-07, -5.9660e-08,  2.5960e-07,  1.5316e-07,  3.0017e-06,
         9.6234e-07,  3.7920e-08, -7.2698e-09], device='cuda:0')), ('conv1.lin.weight', tensor([[-5.2297e-04,  2.0475e-03, -2.4930e-04, -4.2187e-04,  2.3226e-07,
          4.0647e-03,  3.4052e-43, -4.1156e-42, -3.3799e-42, -1.6003e-42,
          2.5025e-03,  1.6584e-02,  1.0636e-02,  1.3985e-03,  4.5317e-03,
          2.8990e-03, -2.3886e-03,  1.0337e-02,  1.4543e-02,  1.7578e-02,
         -2.8778e-03, -2.9276e-02,  1.8791e-02,  2.7232e-03,  3.0329e-03,
          6.9072e-04,  2.0048e-03,  1.6504e-03,  1.3734e-04,  7.3161e-04,
         -8.2760e-04,  9.2112e-03, -1.3776e-03, -2.6110e-03, -3.5601e-04,
         -2.2800e-04, -1.0929e-08, -1.9490e-03, -9.9843e-02, -2.7651e-02,
         -7.5787e-03, -4.7785e-03, -9.8462e-03, -1.9968e-02,  6.2792e-02,
         -5.6848e-04,  3.1253e-03, -7.0945e-04, -1.9115e-03,  2.6474e-03,
          3.1913e-03, -4.0554e-42, -1.0414e-41, -2.5485e-15,  2.2981e-42,
          3.1092e-03,  2.0774e-03, -1.3680e-03,  1.9726e-03,  1.9297e-03,
         -3.8643e-04,  7.9731e-03,  1.9926e-02,  1.8607e-02,  1.1812e-02,
          4.2621e-02,  3.2663e-03,  2.1033e-03],
        [ 4.7590e-05,  5.3879e-05, -3.8364e-05, -5.0688e-05, -7.0491e-06,
         -1.8917e-03, -1.8594e-12, -1.0726e-07,  9.7811e-43,  3.0240e-42,
         -1.8984e-04, -1.1896e-03, -3.5377e-04, -4.2479e-05, -2.3806e-04,
          9.5767e-02, -7.8258e-04, -4.1482e-03, -4.6043e-03, -3.8475e-03,
          3.7114e-03,  4.2523e-03, -4.9475e-03, -2.1680e-04, -2.2432e-03,
         -4.8778e-04,  1.1178e-04,  1.8475e-04, -3.2675e-06, -4.9125e-04,
         -1.3473e-03,  2.1561e-03,  4.0125e-04,  1.5558e-03, -2.5031e-04,
         -4.4651e-04,  7.5919e-07, -1.5923e-03,  1.8164e-01,  1.8723e-01,
          1.9531e-03, -9.4047e-04,  7.2312e-04, -3.1888e-02, -3.5331e-02,
         -9.4532e-04,  4.0883e-04, -4.6319e-02, -1.3727e-03, -7.1541e-04,
         -1.3494e-03, -1.7222e-06,  1.0510e-42,  4.5430e-42,  2.9371e-42,
         -8.9499e-04, -9.0664e-04,  6.4783e-05, -2.7744e-04, -2.8571e-04,
          1.9880e-05,  1.8626e-03, -2.4874e-03, -1.1267e-03, -4.6564e-04,
          1.6158e-02, -3.0796e-02, -5.5570e-06],
        [ 7.1962e-05, -3.0249e-05, -2.0054e-04, -1.0388e-04,  4.7269e-05,
         -1.0043e-03,  9.7152e-42, -1.8623e-42, -1.0089e-42,  7.5757e-12,
         -2.4613e-04, -1.5235e-02, -4.2849e-02, -8.8517e-04, -2.5252e-03,
          3.2750e-02, -5.6422e-03, -2.3923e-03, -9.9426e-03, -1.6044e-02,
         -3.9981e-03, -2.6770e-03, -1.3814e-02, -1.2448e-04, -1.1461e-03,
         -2.9421e-04,  8.4048e-05, -2.3752e-03, -3.1468e-05, -2.8624e-04,
         -1.4105e-03, -9.6495e-03, -1.8015e-04,  9.4144e-04, -2.1641e-04,
         -2.8163e-04,  1.6200e-41, -1.2991e-03, -2.3849e-02,  2.1766e-02,
          7.1327e-04, -2.3687e-03, -6.2471e-04, -6.5024e-02, -1.9878e-02,
         -4.9272e-04, -9.5763e-03, -1.0463e-01, -1.3240e-03, -4.2377e-04,
         -7.1748e-04,  2.5293e-42,  2.8124e-42, -1.4231e-33, -3.2370e-43,
         -4.4532e-04, -4.9188e-04,  9.1566e-05, -7.0048e-05, -9.7980e-05,
         -2.7070e-05, -2.4383e-02, -3.2934e-02, -3.4487e-02, -2.3965e-02,
         -1.4074e-01, -7.3960e-02, -1.2644e-04],
        [-2.5836e-05, -3.1199e-05,  9.6847e-05,  2.0406e-04,  1.0894e-05,
          5.2289e-04, -1.2512e-26, -1.1308e-41, -5.0137e-15,  1.0005e-41,
         -9.0166e-05,  1.2035e-02,  1.8057e-02,  1.0966e-04,  1.8611e-03,
         -9.9429e-02,  3.5238e-03,  2.9439e-03,  8.1184e-03,  8.0989e-03,
          9.2184e-04, -7.6838e-04,  8.2767e-03,  1.4578e-04,  5.6803e-04,
          2.7930e-04,  8.4564e-05,  1.4558e-03,  3.3871e-05,  2.6739e-04,
          5.3498e-04,  6.5720e-03, -4.0548e-05, -3.1716e-04,  3.1733e-04,
          3.0807e-04,  1.0369e-13,  4.6190e-04, -6.0784e-02, -1.6098e-01,
         -6.4663e-04,  1.1926e-03, -2.2697e-04, -2.4659e-02,  2.2621e-02,
          3.1398e-04,  7.1391e-03,  2.6311e-01,  7.7281e-04,  1.9831e-04,
          1.3143e-04, -2.3080e-22, -1.5120e-11,  9.8119e-42, -5.4749e-42,
          2.0385e-04,  2.3099e-04, -2.3353e-05,  4.0070e-05,  7.9464e-06,
          2.8244e-04,  1.4003e-02,  1.2852e-02,  1.7016e-02,  1.9425e-02,
          1.8262e-02,  7.2170e-02,  1.8114e-04],
        [ 4.1984e-06, -1.3469e-04,  2.0069e-04,  3.2557e-04, -4.5321e-06,
          2.3584e-04, -1.4533e-19,  6.6422e-43,  9.2437e-14, -6.2442e-42,
         -1.5863e-04,  4.6704e-03,  2.4307e-03,  5.6476e-04,  6.4311e-04,
         -8.3088e-03,  2.0453e-03,  1.1049e-03,  1.7688e-03,  2.6675e-03,
         -2.0217e-03, -4.3848e-03,  2.5571e-03, -8.6898e-05, -1.5532e-04,
          1.3983e-04, -4.2316e-05,  5.7201e-04, -2.0999e-05,  1.5420e-04,
          2.4646e-04,  4.4647e-04, -3.0418e-04,  2.1170e-04,  8.6615e-05,
          1.8308e-04, -5.8442e-14,  4.4149e-04, -1.0621e-01,  1.3443e-02,
         -3.6396e-04,  8.7885e-04, -2.7068e-04,  1.3101e-01, -3.8751e-02,
          3.8285e-04,  9.3585e-04,  6.7315e-02,  8.6474e-04, -1.3766e-04,
          9.0785e-05,  1.4181e-05, -1.7788e-10,  3.2692e-19, -3.4185e-09,
         -1.4168e-04,  1.8473e-04,  2.6203e-06, -3.7612e-06,  3.3996e-06,
          7.4245e-05, -1.0588e-02,  2.7056e-03,  1.3940e-03, -3.9093e-03,
         -2.6114e-02,  3.0400e-02, -1.4298e-04],
        [-3.7608e-05,  3.3061e-05,  1.1115e-05,  2.2286e-05,  2.2387e-05,
         -1.9370e-05,  2.1412e-42, -9.0222e-07,  2.0235e-42, -3.2510e-42,
          2.1554e-04,  2.0567e-03,  1.3467e-03,  1.5431e-04,  2.2183e-04,
          1.2132e-01,  1.0617e-03,  2.5799e-04,  6.9942e-04,  7.5076e-04,
         -5.7133e-04, -6.8256e-04,  7.2352e-04,  8.4779e-05,  9.2776e-05,
          8.7756e-05,  1.8749e-05,  1.2951e-04,  2.8669e-06,  9.3686e-05,
          2.4844e-04, -4.4238e-04,  1.4570e-04, -2.2543e-04,  4.2073e-05,
          8.0024e-05, -9.6227e-42,  6.7735e-06, -1.1978e-01, -1.0111e-01,
          4.2428e-05,  3.2673e-04,  2.9934e-05,  8.4545e-03,  1.7264e-02,
          3.6192e-05,  5.0672e-04,  1.4432e-01,  7.6112e-05,  1.5801e-04,
          6.2264e-05,  2.6036e-42,  1.0025e-14, -5.0685e-42, -1.1829e-19,
          1.3953e-04, -9.2792e-05, -3.9106e-05,  6.9484e-05,  6.2729e-05,
         -5.7150e-06, -8.8204e-04,  1.4393e-03,  1.1825e-03,  1.5812e-03,
          3.5548e-03,  2.4095e-02,  3.2670e-05],
        [ 8.1218e-06,  3.1929e-06, -3.2879e-05, -4.5588e-05, -9.6516e-07,
         -1.2680e-05, -3.5253e-25, -1.5134e-43,  3.4710e-42, -1.8053e-09,
          1.7126e-04, -5.0473e-04,  1.1001e-03, -2.9340e-04,  4.8684e-05,
          1.2943e-01, -1.6585e-03,  1.6352e-03,  5.1495e-04,  6.7730e-04,
         -9.1477e-04, -1.0107e-03,  7.0341e-04,  3.4586e-06,  4.3115e-04,
         -9.5475e-06, -8.9137e-06, -8.3346e-05,  1.4980e-06, -3.0085e-05,
         -6.2299e-05,  7.4305e-03, -1.3831e-05,  1.2390e-05, -1.1552e-05,
         -1.9487e-05, -6.8456e-17,  1.6201e-06, -2.0559e-01, -2.2050e-01,
         -1.6224e-04, -8.9289e-04, -7.8238e-04, -3.3318e-02,  3.8828e-03,
         -3.9137e-05,  2.0024e-04, -7.4739e-02, -2.2067e-04, -3.5637e-06,
         -4.1396e-05,  7.1820e-12,  4.6229e-42, -7.7492e-43, -9.6830e-43,
         -1.2090e-05, -5.1111e-06,  1.4579e-05,  1.2644e-05, -4.3920e-06,
         -1.4142e-05,  9.6742e-03,  1.8393e-03,  1.6703e-03,  1.4155e-03,
          1.7803e-03,  5.9455e-02, -5.5272e-06],
        [ 4.4646e-05,  6.6578e-06, -6.1583e-07, -1.9803e-05,  1.4772e-05,
         -4.7638e-04, -3.2286e-42,  3.3379e-42, -1.0608e-42,  1.5058e-10,
         -1.7450e-05, -1.2314e-02, -1.5767e-02, -1.3132e-03, -1.7513e-03,
          1.0248e-01, -6.1893e-03, -1.5814e-03, -6.7569e-03, -7.5487e-03,
         -7.1091e-03, -2.6887e-03, -7.7724e-03,  5.5457e-06, -1.2332e-03,
         -1.6640e-04,  2.9064e-05, -2.6120e-03, -8.3779e-06, -1.5889e-04,
         -1.1884e-03, -5.4053e-04, -3.8055e-04,  6.2690e-04, -1.4287e-04,
         -2.2129e-04, -2.8671e-42, -1.1681e-03,  7.3632e-03, -6.5017e-02,
         -1.7114e-04, -3.8189e-03, -2.7819e-03,  3.0890e-03, -1.8879e-02,
         -3.6755e-04, -9.5463e-03, -7.0458e-02, -1.7020e-03, -7.4336e-05,
         -3.4245e-04, -1.6045e-42,  1.1007e-41,  3.9992e-17, -1.2177e-42,
         -4.8594e-06, -1.6176e-04,  5.9665e-05, -1.1179e-05, -5.5315e-05,
          1.8557e-05,  2.4334e-04, -1.2351e-02, -1.3528e-02, -1.6143e-02,
         -4.4583e-02,  6.6923e-02,  3.1489e-06]], device='cuda:0')), ('conv1.aggr.t', tensor([1.], device='cuda:0')), ('bn1.weight', tensor([0.7546, 0.7199, 0.6885, 0.9024, 0.6645, 0.7115, 0.7726, 0.6505],
       device='cuda:0')), ('bn1.bias', tensor([ 0.0715,  0.0216,  0.0517,  0.0927, -0.0620,  0.0294,  0.0433, -0.0510],
       device='cuda:0')), ('bn1.running_mean', tensor([-163.0229,  556.2856, -647.6700,  254.7760,  107.0894,  156.4829,
        -269.0535,  378.2381], device='cuda:0')), ('bn1.running_var', tensor([ 18346.7812, 147883.9375, 203722.8750, 410347.4062,  80658.4297,
        352346.1875, 478829.4375, 182768.0938], device='cuda:0')), ('bn1.num_batches_tracked', tensor(47024, device='cuda:0')), ('conv2.bias', tensor([ 1.7910e-06,  8.5354e-07,  1.6103e-06, -2.3762e-06, -3.1225e-06,
         1.1357e-06, -5.7779e-07, -3.6224e-06,  1.7050e-06, -3.6901e-06,
        -3.5763e-06, -9.6827e-07, -5.2414e-06, -1.3902e-06, -1.2573e-06,
         1.1407e-06], device='cuda:0')), ('conv2.lin.weight', tensor([[ 0.2866, -0.3131, -0.2831, -0.1761, -0.2330,  0.3131,  0.0282,  0.0092],
        [ 0.2415,  0.0220,  0.3320,  0.2402, -0.1740,  0.0477,  0.1127,  0.0807],
        [-0.0979,  0.2587,  0.1675,  0.0393, -0.0458, -0.2439, -0.1415, -0.2179],
        [ 0.0689, -0.2040, -0.0802, -0.3053,  0.0070, -0.0765,  0.1199, -0.2454],
        [ 0.2989, -0.1759, -0.0643,  0.1054,  0.0553,  0.0873, -0.0933,  0.3502],
        [ 0.1576,  0.0982,  0.2712,  0.2316,  0.2305, -0.1984, -0.0475,  0.1818],
        [-0.0335, -0.1710, -0.3293,  0.2761,  0.3164, -0.1739,  0.1517,  0.1291],
        [-0.2239, -0.0872,  0.1378, -0.2859,  0.1180,  0.1633, -0.1877, -0.2140],
        [-0.1432,  0.4151,  0.0779, -0.2388, -0.1448, -0.3040, -0.2347,  0.1465],
        [ 0.2599, -0.2598, -0.1781,  0.0586,  0.1546,  0.2913,  0.3697, -0.0292],
        [-0.1739,  0.2596, -0.1678, -0.2613,  0.0412, -0.1065,  0.0540, -0.3928],
        [-0.1187, -0.2028, -0.0102, -0.1696, -0.2032, -0.1422, -0.0435,  0.0089],
        [-0.2265,  0.1167, -0.0749,  0.1521, -0.0654, -0.3720,  0.1618, -0.2162],
        [ 0.0956,  0.0795, -0.2077, -0.4015,  0.1467, -0.2347, -0.1597, -0.2727],
        [ 0.1813,  0.1522, -0.1770,  0.3555,  0.2791, -0.1613, -0.1838, -0.1871],
        [-0.2932, -0.1233, -0.1195,  0.2393,  0.2558,  0.0646,  0.0643, -0.2051]],
       device='cuda:0')), ('conv2.aggr.t', tensor([1.], device='cuda:0')), ('bn2.weight', tensor([0.7048, 0.7243, 0.6844, 0.6823, 0.6991, 0.6774, 0.6790, 0.6125, 0.6868,
        0.7197, 0.7316, 0.6630, 0.7528, 0.7067, 0.6956, 0.6479],
       device='cuda:0')), ('bn2.bias', tensor([-0.0429, -0.0962,  0.4644,  0.1686,  0.5655,  0.0115,  0.0724,  0.2395,
         0.2721,  0.4583,  0.5069,  0.2367, -0.0517, -0.6889,  0.1359, -0.0914],
       device='cuda:0')), ('bn2.running_mean', tensor([-0.1068,  0.3048, -0.0703, -0.2308,  0.1612,  0.2767,  0.0599, -0.2127,
        -0.1586,  0.2129, -0.2296, -0.2765, -0.1233, -0.3197,  0.1156, -0.0171],
       device='cuda:0')), ('bn2.running_var', tensor([0.1219, 0.0881, 0.1557, 0.0706, 0.1613, 0.0760, 0.2035, 0.1331, 0.3266,
        0.3464, 0.1893, 0.0811, 0.0892, 0.2041, 0.0944, 0.0706],
       device='cuda:0')), ('bn2.num_batches_tracked', tensor(47024, device='cuda:0')), ('conv3.bias', tensor([-2.8889e-07, -2.8847e-06, -1.8484e-06,  2.1608e-06, -1.5359e-06,
         1.9659e-06, -3.9663e-06, -1.7311e-07, -3.9974e-06,  8.0612e-10,
        -1.8949e-06,  7.8032e-07, -7.7417e-07,  4.4204e-06,  1.2174e-06,
         3.1379e-06,  1.0568e-06,  9.1910e-08, -7.5110e-07, -1.1942e-06,
         8.1285e-07,  1.5951e-06,  1.1912e-06,  1.8821e-06,  6.8896e-07,
        -1.4111e-06, -5.5082e-07,  1.1835e-06, -4.7710e-06,  7.6195e-07,
        -2.9566e-09, -1.4799e-06], device='cuda:0')), ('conv3.lin.weight', tensor([[-1.7888e-01,  8.4681e-02,  2.7537e-02,  1.2132e-01,  1.2743e-01,
         -3.4216e-02, -1.0929e-01, -4.5129e-02,  6.2681e-02, -6.1877e-02,
          1.9987e-01, -1.2241e-01, -1.3334e-01, -8.1569e-02, -3.2642e-02,
          1.0711e-01],
        [-8.7726e-02, -9.2650e-02,  1.6399e-01,  3.8428e-02,  2.2965e-01,
          3.7373e-02,  1.4678e-01,  1.3046e-01, -2.2911e-01, -9.2014e-02,
          7.2208e-02,  1.7874e-01,  7.2029e-02, -2.2520e-01, -7.2210e-02,
         -1.2244e-01],
        [-1.9184e-01, -1.4083e-01, -1.2677e-01,  2.4679e-01, -9.4067e-02,
          1.6759e-01,  4.0376e-02, -9.7906e-02, -1.6450e-01, -7.5578e-02,
         -1.3799e-02,  1.4227e-01, -9.4877e-02, -8.9613e-02,  2.2808e-02,
         -1.4138e-01],
        [-1.1808e-01, -1.5791e-01, -2.4494e-01,  1.1097e-02, -2.1072e-01,
         -4.9968e-03, -2.3240e-02, -1.6009e-01, -2.5470e-02,  7.0830e-03,
         -1.3147e-01, -1.4110e-02,  4.9920e-02,  1.2142e-01,  1.5907e-01,
         -1.5948e-01],
        [ 1.2608e-02, -1.2281e-01, -1.2367e-01,  2.6035e-03, -1.5372e-01,
          4.7484e-02,  7.0718e-03, -8.4872e-02,  1.4364e-02,  2.0094e-02,
          9.3017e-02, -1.3114e-01, -9.0660e-02,  4.5431e-03,  9.8309e-03,
          7.3302e-02],
        [ 2.1206e-02,  1.5523e-01,  5.9031e-02,  1.2925e-01, -6.3890e-02,
         -1.1438e-02,  3.8436e-02, -2.0233e-01,  7.1707e-02,  3.7491e-03,
         -1.5668e-01, -8.0725e-02,  2.2291e-03,  1.5641e-01, -1.7175e-01,
          1.4219e-01],
        [ 2.7821e-01, -5.9832e-02,  1.4492e-01, -1.0390e-01, -5.7367e-03,
          1.7358e-01, -1.7736e-01,  1.8147e-02, -1.8729e-01, -1.2327e-01,
         -2.3604e-01,  1.0186e-01,  1.5042e-01,  1.7015e-01, -2.1417e-03,
          3.9671e-02],
        [-4.3548e-02,  1.1019e-01, -1.2035e-01,  2.1163e-01,  1.7344e-01,
          5.4531e-02, -1.9759e-01,  1.0913e-01,  2.2055e-01,  1.5704e-01,
          1.5600e-01,  3.3973e-02,  1.5056e-01, -1.8328e-01,  1.5132e-01,
          1.4690e-01],
        [ 7.1240e-02, -1.6386e-01,  1.5755e-01,  7.1734e-02,  4.4688e-03,
         -4.9542e-02, -1.0941e-01, -9.3565e-02,  8.1634e-02,  1.4958e-01,
         -1.1247e-01,  5.0539e-04, -5.4140e-02, -3.0461e-03, -5.9665e-02,
          1.2609e-01],
        [ 1.0136e-01, -1.7983e-01,  5.8426e-02,  1.2902e-01,  1.9594e-01,
         -1.1954e-01,  2.3254e-02,  1.0267e-01,  2.2352e-01,  2.9056e-02,
         -8.5552e-02, -3.7303e-02,  1.3858e-01, -3.0084e-01,  1.4281e-01,
         -4.6182e-02],
        [-1.3488e-01, -8.5602e-02,  1.5092e-01,  8.3064e-03, -1.1066e-01,
         -5.8964e-02,  6.2585e-02,  4.0492e-02, -8.3691e-02,  4.0587e-02,
         -1.9331e-01,  2.7001e-02, -1.9613e-01,  1.0969e-02, -1.3526e-01,
          9.0463e-02],
        [ 2.0219e-02,  1.5323e-02, -2.4181e-01, -2.0713e-01, -1.0360e-01,
         -1.1510e-01, -3.3086e-02, -4.7581e-02, -1.6323e-01, -2.2717e-01,
         -1.7163e-01, -1.5904e-01,  1.1812e-01,  3.1955e-01, -6.5695e-02,
         -1.9222e-02],
        [ 8.7595e-02,  1.6404e-01,  9.8493e-02, -1.3455e-02, -2.0864e-02,
          2.1924e-02,  9.6201e-02, -3.0095e-02, -7.5593e-02,  1.2451e-01,
          1.9853e-01,  1.1149e-01,  1.1285e-02, -2.4760e-02, -6.4808e-02,
         -1.3660e-01],
        [ 2.4344e-02,  9.5722e-03, -1.2937e-01, -1.2820e-01, -2.8405e-02,
          1.3801e-01, -8.6659e-02, -3.6660e-02, -6.3854e-02, -2.2411e-01,
          4.8154e-02,  4.5926e-02, -1.1361e-01,  3.7097e-02, -1.6883e-01,
          2.0281e-01],
        [ 9.7563e-02, -5.9391e-02, -1.7386e-01, -1.9401e-02, -1.0112e-01,
         -2.9628e-02,  8.3522e-02, -1.4533e-01,  1.0125e-01, -7.9269e-02,
          4.5347e-02, -2.3200e-01,  1.8097e-01, -6.2867e-02, -1.1499e-01,
         -9.6560e-02],
        [ 7.3533e-02,  3.3485e-02,  1.1943e-01,  8.4692e-02,  1.6957e-01,
          5.7992e-02, -1.8799e-01,  1.9839e-02, -1.5002e-01, -1.1975e-01,
          1.9732e-02,  1.8689e-01, -9.1011e-02, -9.1014e-02,  1.4550e-01,
          1.0049e-01],
        [ 5.7284e-02, -9.3994e-02, -1.6656e-01, -1.2089e-01,  1.3171e-02,
         -2.7410e-02,  6.1505e-02, -5.7922e-03, -8.0219e-03, -1.6217e-01,
         -1.8030e-01,  4.9936e-02,  1.3979e-01,  3.7708e-02, -8.5663e-02,
         -5.7086e-03],
        [ 1.6558e-01, -1.8369e-02,  5.1642e-02,  5.6025e-02,  2.2426e-01,
         -1.1484e-02, -9.5876e-02, -5.6540e-02, -8.1426e-03, -1.0239e-02,
          2.0029e-01,  5.2959e-02,  1.7309e-01, -1.9189e-01,  7.6208e-02,
          5.2852e-02],
        [-5.4051e-02,  1.0414e-01,  5.9674e-02,  2.2227e-02,  5.3590e-02,
          4.7327e-02,  5.9290e-02,  9.4408e-02, -1.5741e-01,  1.2935e-01,
          1.6732e-01,  1.2921e-02, -1.3048e-02,  1.3688e-01, -1.4245e-01,
          1.5717e-01],
        [-1.0239e-02, -4.4126e-02,  6.2932e-02,  1.6941e-02,  5.7951e-02,
         -4.3641e-02, -1.4316e-01,  2.7886e-02, -1.9555e-01, -1.7475e-01,
         -1.8387e-01, -1.3333e-01,  1.3991e-01,  1.6520e-01,  9.8732e-04,
          1.1676e-01],
        [-7.5431e-02, -1.0543e-01,  5.7888e-02, -8.0800e-02,  3.4671e-02,
          1.4925e-01,  7.9010e-02,  9.6090e-02,  1.0081e-02,  1.7742e-01,
          3.8821e-02,  2.6811e-02, -1.9388e-02,  7.7625e-02,  7.4040e-02,
         -1.0877e-01],
        [ 1.0835e-01,  7.7844e-02,  2.2155e-01, -1.2147e-01,  9.4219e-02,
         -1.6942e-01, -1.5479e-01,  1.7051e-01, -1.2710e-01,  8.3861e-02,
         -3.7344e-02, -1.5705e-01,  1.6228e-01,  2.9305e-02, -3.0565e-02,
          7.2801e-02],
        [-1.2280e-01, -1.9553e-02,  1.0536e-01,  1.8682e-01,  1.1289e-02,
          9.3141e-02,  8.9490e-02,  6.8334e-02,  1.2883e-01,  1.0037e-01,
         -1.4838e-01,  1.7050e-01, -8.0011e-02, -1.7400e-01,  7.7444e-02,
          6.3636e-02],
        [ 7.6275e-02, -1.3871e-01, -3.4341e-02,  5.7150e-02,  1.1739e-01,
          6.0394e-02, -1.4983e-01,  4.0741e-02,  1.2197e-01,  1.1354e-01,
         -8.6486e-02,  4.0060e-02,  2.0218e-02,  4.3982e-02,  1.5151e-01,
          1.3781e-01],
        [-1.1187e-02,  6.1668e-03,  1.9593e-01, -1.3040e-01,  2.8317e-01,
         -3.6093e-02,  7.7845e-02,  4.2498e-02,  1.1282e-01,  1.1919e-01,
          1.7650e-01,  8.8409e-02, -4.1395e-02, -1.2000e-01, -1.1915e-01,
         -5.8583e-02],
        [ 6.1266e-02, -1.3148e-01,  2.1685e-01,  8.3963e-03,  1.9619e-01,
         -1.3345e-01, -8.9801e-03,  7.8689e-02,  2.0059e-01,  1.6389e-01,
          4.2750e-02, -6.9685e-02,  1.8061e-02, -3.0200e-01,  9.5828e-02,
         -1.4391e-01],
        [-6.8566e-02, -1.4883e-01,  1.1028e-01, -1.3472e-01,  2.0273e-02,
          1.4555e-01,  5.8085e-02, -2.1449e-02, -3.5913e-02,  1.8123e-01,
          6.4164e-02,  6.5845e-02,  5.4669e-03, -7.3920e-02, -1.0679e-01,
          4.8019e-05],
        [ 8.9182e-02, -1.4062e-01,  1.0421e-01, -5.9988e-02, -9.2823e-02,
         -8.9555e-03, -2.8005e-02,  5.0387e-02, -5.2258e-02,  6.1401e-02,
         -1.4015e-01, -1.4579e-01, -8.4791e-02,  1.5338e-01,  5.6540e-02,
         -9.8397e-02],
        [ 1.1176e-03, -8.0518e-02, -7.3001e-02,  1.0095e-01, -6.3994e-02,
          3.2498e-02,  1.3727e-01, -5.5051e-02,  1.6320e-01, -4.1787e-02,
         -1.5719e-01, -1.1253e-01,  5.0267e-02,  1.0568e-01, -1.3731e-01,
         -4.5922e-02],
        [-3.3747e-03, -1.4736e-01,  1.9847e-01,  7.4373e-02,  1.6584e-01,
          1.2427e-01,  1.0818e-01, -4.6970e-02, -4.1409e-02,  7.9086e-02,
          3.0501e-01, -4.5014e-02, -1.4067e-01, -1.8430e-01, -9.3562e-02,
         -1.0413e-01],
        [-4.9381e-02, -7.6825e-02,  6.6345e-03, -4.3886e-02,  2.8931e-02,
          1.3494e-02,  5.8250e-02,  1.1746e-01,  1.2264e-01,  2.2527e-01,
          1.4041e-01,  1.0996e-01,  2.9929e-02, -1.2277e-01, -3.5749e-02,
          2.3216e-02],
        [-6.8029e-03,  2.0064e-01,  7.2200e-02,  1.3463e-01, -1.0868e-01,
          1.3631e-01,  7.8710e-02, -1.6386e-03, -7.1688e-02, -8.2664e-03,
         -2.5267e-02, -3.9183e-02, -1.2031e-01,  2.0558e-01, -1.6157e-01,
          1.3505e-01]], device='cuda:0')), ('bn3.weight', tensor([1., 1., 1., 1., 1., 1., 1., 1., 1., 1., 1., 1., 1., 1., 1., 1., 1., 1.,
        1., 1., 1., 1., 1., 1., 1., 1., 1., 1., 1., 1., 1., 1.],
       device='cuda:0')), ('bn3.bias', tensor([0., 0., 0., 0., 0., 0., 0., 0., 0., 0., 0., 0., 0., 0., 0., 0., 0., 0., 0., 0., 0., 0., 0., 0.,
        0., 0., 0., 0., 0., 0., 0., 0.], device='cuda:0')), ('bn3.running_mean', tensor([0., 0., 0., 0., 0., 0., 0., 0., 0., 0., 0., 0., 0., 0., 0., 0., 0., 0., 0., 0., 0., 0., 0., 0.,
        0., 0., 0., 0., 0., 0., 0., 0.], device='cuda:0')), ('bn3.running_var', tensor([1., 1., 1., 1., 1., 1., 1., 1., 1., 1., 1., 1., 1., 1., 1., 1., 1., 1.,
        1., 1., 1., 1., 1., 1., 1., 1., 1., 1., 1., 1., 1., 1.],
       device='cuda:0')), ('bn3.num_batches_tracked', tensor(0, device='cuda:0'))])