OrderedDict([('conv1.bias', tensor([-8.8358e-06, -3.2481e-08,  4.8276e-07,  8.5572e-06,  8.9751e-09,
        -2.5097e-06, -2.3061e-09, -1.2801e-06], device='cuda:0')), ('conv1.lin.weight', tensor([[-1.0318e-04,  5.6568e-05, -5.3895e-05, -1.0806e-04, -7.2973e-06,
          3.0787e-04,  3.2188e-12, -2.8710e-13,  9.5675e-38,  1.9763e-12,
         -9.3775e-05, -2.4315e-04,  5.6458e-03, -1.3750e-03,  2.7731e-04,
          1.8080e-01, -5.8535e-04,  1.6010e-03,  1.4576e-03,  4.8112e-03,
         -1.8512e-03, -3.9144e-03,  2.6386e-03,  4.5699e-05,  9.0513e-04,
          2.7387e-05, -2.2059e-04,  1.6018e-04,  6.6889e-05,  7.8942e-05,
         -3.5918e-05,  5.5993e-03,  7.6798e-05, -3.7600e-05, -3.1253e-04,
         -2.4947e-04,  5.4986e-10, -4.5368e-05, -9.3821e-02, -1.1260e-01,
         -8.9498e-04, -2.1335e-03, -2.5113e-03,  3.7091e-02,  2.6018e-02,
         -1.3293e-04, -1.8784e-04,  6.6843e-02, -2.5092e-04,  5.7459e-04,
         -2.8892e-04,  5.2142e-42,  3.5290e-13, -2.9736e-42, -7.2943e-08,
          2.1239e-04,  1.4682e-04, -2.9980e-05, -2.2545e-04,  1.2431e-04,
         -2.6434e-04,  9.6297e-03,  2.1726e-03,  7.7251e-03,  2.9855e-03,
          4.8264e-03,  5.6732e-02, -1.3190e-04],
        [ 1.8259e-05,  1.3142e-04, -6.9791e-06, -2.7091e-04,  5.4419e-06,
          4.9977e-04,  2.7620e-42, -2.6802e-07,  6.2575e-15, -3.2902e-11,
          6.3799e-05, -9.3791e-04,  4.1148e-03, -1.3470e-03,  9.6850e-04,
         -4.4513e-02, -3.5748e-03,  3.3110e-03,  3.7263e-03,  1.4492e-03,
         -2.9043e-04, -3.8389e-03,  2.9276e-03,  2.6643e-04,  1.8028e-03,
          4.1480e-04, -2.1587e-04, -4.3418e-04,  3.3956e-06, -8.2033e-04,
          1.0603e-06,  1.4042e-02, -4.3436e-05, -1.2339e-03,  1.3114e-04,
         -7.3095e-04, -3.8511e-25, -1.8992e-04,  6.3376e-02, -6.7129e-02,
         -9.1084e-04, -4.2330e-04, -1.4909e-03,  6.1831e-02,  4.6527e-02,
         -4.8896e-04, -3.2969e-03,  1.7128e-01, -4.6974e-04,  3.9380e-04,
          6.2869e-04,  3.0019e-19, -2.0599e-43, -6.5152e-12, -6.3498e-40,
          6.4036e-04,  2.0511e-04, -3.4613e-04,  2.0920e-04,  2.2861e-04,
         -2.1066e-04,  1.7274e-02,  6.4680e-03,  5.3844e-03,  2.0619e-03,
         -1.4306e-03, -3.6195e-02, -1.9226e-05],
        [ 4.3971e-05,  4.7591e-05, -1.0338e-05, -8.4221e-06,  1.3607e-05,
         -3.9535e-04,  1.7095e-19,  1.0804e-42,  1.5134e-42,  1.8595e-15,
          2.3710e-04, -9.4191e-04, -1.3380e-03,  6.1421e-04, -1.3727e-03,
         -1.8391e-03,  1.4025e-04, -3.5678e-03, -1.8267e-03, -1.5721e-03,
          4.5947e-03,  7.5166e-03, -3.1275e-03, -3.1589e-04, -1.4290e-03,
          1.1004e-04,  1.7062e-04, -3.3487e-04,  4.7330e-05,  3.9955e-05,
          3.1341e-04, -3.2537e-03,  6.0627e-04,  2.6094e-04,  5.9399e-06,
         -8.9437e-05, -2.3805e-06, -8.2093e-04,  1.8477e-01,  1.9943e-01,
          1.8924e-03, -3.2571e-04,  1.9943e-03, -1.4819e-02, -1.6646e-02,
         -3.5772e-04,  1.3582e-03, -3.6370e-02,  6.5609e-04, -3.1163e-04,
         -2.4400e-05, -1.0636e-42,  5.8360e-09,  1.9720e-24,  1.0501e-41,
         -2.3111e-04, -1.1584e-04,  1.6321e-04,  1.2719e-04, -3.5451e-04,
          5.8649e-05, -4.7280e-03, -4.5124e-03, -2.0891e-03, -8.2489e-04,
         -4.4612e-03,  1.5727e-02, -8.9155e-05],
        [-4.5624e-06, -1.1725e-04,  3.3831e-05, -1.3831e-04,  4.5328e-05,
         -1.8921e-04,  4.2936e-42,  4.8876e-16,  1.3311e-14, -4.6089e-08,
         -2.3578e-04, -2.8047e-05,  3.6310e-03, -2.4514e-04,  2.9558e-04,
         -1.2702e-01,  5.3124e-04, -7.4628e-04, -2.1923e-03, -6.5276e-04,
          1.1090e-03,  1.8483e-03, -1.1042e-03,  1.1433e-04, -6.5667e-04,
         -5.4465e-05,  1.7344e-05,  9.5929e-04,  1.0345e-04,  1.2449e-04,
          2.5843e-05,  6.8264e-05,  1.0784e-05,  2.8996e-04, -2.4155e-04,
         -2.5366e-04, -8.2144e-42, -5.1986e-04, -8.8148e-02,  2.0636e-01,
          3.8391e-04,  2.2448e-04, -2.2113e-04, -2.2035e-03, -2.3525e-03,
          6.6045e-06,  1.2991e-03, -5.5101e-02, -2.8342e-04, -5.2525e-04,
         -3.7023e-04, -2.1552e-42, -2.2650e-11, -1.0904e-06,  1.0047e-41,
         -8.9955e-05, -2.9329e-04, -1.6787e-04,  2.7195e-04, -2.9986e-05,
         -7.8631e-05, -4.2342e-04,  3.2777e-04, -3.4857e-03,  3.5512e-04,
         -2.7931e-03,  4.9442e-02, -4.3546e-05],
        [-1.9700e-04,  3.0958e-05, -8.9097e-05, -4.9457e-05,  1.4994e-05,
          5.8452e-04,  4.6958e-42,  2.2631e-42,  5.7989e-09,  3.9236e-43,
         -1.9513e-04,  3.6796e-03,  4.5252e-03, -1.3162e-03,  9.9115e-04,
          1.2561e-01, -3.5681e-03,  5.1881e-03,  5.8464e-03,  6.5247e-03,
         -7.2750e-03, -5.9482e-03,  5.8414e-03,  1.2489e-04,  1.9825e-03,
          4.1273e-04,  1.6979e-04,  6.7475e-04, -2.7767e-05,  2.9834e-04,
         -4.7051e-04,  1.5125e-02, -9.4812e-04, -8.9364e-04,  3.9203e-04,
         -2.4302e-04,  3.4439e-40, -4.3927e-05, -1.0158e-01, -2.9018e-02,
         -1.4977e-03, -2.8211e-03, -2.4710e-03,  8.7717e-02,  6.6082e-02,
         -7.8928e-04, -1.0183e-03,  9.1829e-02, -1.0880e-03,  5.1295e-04,
         -2.0221e-04, -1.0722e-07, -3.3847e-26, -2.6077e-16,  2.8727e-42,
          5.6768e-04,  4.9138e-04,  6.5352e-05,  4.1332e-04, -1.1536e-04,
          4.4360e-05,  1.7334e-02,  9.4017e-03,  8.0397e-03,  7.1944e-03,
          1.7835e-02, -9.8216e-02,  7.5978e-05],
        [ 2.0207e-04, -3.5224e-04,  1.3412e-04,  7.8750e-05,  1.7429e-05,
          1.6290e-03,  1.8722e-15, -1.7516e-43,  1.2404e-41,  2.4902e-16,
          2.9047e-04,  1.8142e-02,  3.7331e-03,  4.5601e-03,  4.8990e-03,
         -4.7862e-02,  1.2836e-02,  1.0502e-03,  1.0482e-02,  9.3017e-03,
         -9.8208e-03, -1.4294e-02,  6.9649e-03, -1.4470e-03, -2.0686e-03,
          8.2864e-04, -1.6668e-04,  3.2998e-03,  4.5070e-05,  2.8478e-04,
         -4.7752e-04, -2.4186e-02, -1.6373e-03, -8.2849e-04,  1.2221e-03,
         -2.7356e-04, -8.0395e-09,  3.6272e-03, -2.2359e-02, -2.6665e-02,
         -1.9683e-03,  3.7703e-03,  2.3326e-03, -5.7545e-02, -1.6777e-02,
          3.3446e-05,  1.3207e-03, -6.4957e-02,  5.4040e-03,  1.0060e-04,
          1.4215e-03, -4.4701e-42, -1.5891e-42, -5.5791e-17,  2.9427e-44,
          1.1513e-03,  7.5558e-04, -4.4368e-04, -2.0867e-05, -4.0093e-04,
          1.7992e-04, -2.8828e-02,  6.8371e-03,  5.4068e-03,  6.3566e-03,
          1.2184e-02, -1.3322e-02, -7.3513e-04],
        [-3.6392e-05,  1.7533e-05, -2.6534e-05,  4.6117e-05, -4.0719e-05,
          1.0891e-04,  1.2998e-18,  1.2442e-07,  2.6625e-44,  7.1760e-42,
         -8.8190e-05, -3.9888e-05, -2.4969e-03,  5.8132e-04, -1.2533e-04,
         -8.0504e-02,  5.7837e-04,  1.3969e-03,  1.4321e-03, -3.6001e-04,
          2.9200e-04,  3.5634e-04,  2.1948e-03, -2.1665e-05,  6.7457e-06,
          1.0416e-05, -5.5264e-05, -1.0107e-03, -5.7741e-05, -2.6104e-04,
          3.6568e-04,  7.0456e-04, -3.2148e-04,  1.4446e-05, -8.9858e-05,
          1.6509e-04,  3.3240e-38,  4.0295e-04, -6.0955e-03,  9.0356e-02,
         -2.2542e-04, -9.3642e-04, -4.2843e-04,  5.5820e-03,  2.8994e-03,
          5.0907e-05, -9.3481e-04, -1.5772e-02, -6.1395e-04, -5.1501e-04,
         -1.5876e-04, -4.9186e-43, -2.1652e-07, -1.4840e-42,  3.2705e-09,
          1.4179e-04,  7.6401e-05,  7.2523e-05, -9.2565e-05, -5.8181e-05,
          3.8402e-05,  2.5296e-03,  6.5228e-04,  1.2229e-03, -2.9759e-05,
          1.7449e-03,  8.6873e-02,  1.5643e-05],
        [ 1.9687e-04,  7.0801e-05, -5.2480e-05,  3.5167e-05,  1.8570e-05,
         -2.7763e-05,  5.3062e-23,  8.5998e-42, -1.5287e-08,  2.1279e-18,
         -8.8018e-05, -8.1522e-04,  1.7053e-03, -1.0065e-03, -2.9794e-04,
          8.5316e-03, -5.0955e-04,  2.1593e-03,  6.7796e-04, -2.3735e-04,
          1.1043e-03, -1.8428e-03,  2.4671e-03, -3.3128e-05,  1.9908e-04,
          1.5275e-04,  4.0956e-05,  7.4967e-04, -8.0524e-07, -2.3978e-04,
          7.3393e-05,  7.0471e-03,  1.3484e-04, -6.0394e-04, -4.3709e-05,
         -6.0522e-04, -1.7893e-41,  2.5169e-04, -1.4126e-02, -8.9014e-02,
         -4.4661e-04, -6.1062e-04, -1.7825e-07,  2.7085e-02,  1.3552e-02,
         -2.2836e-04, -4.6094e-07,  3.9360e-02, -9.9459e-04, -1.1586e-04,
          3.7568e-04,  2.6426e-15, -4.0007e-42,  1.1264e-11, -4.1717e-42,
          2.6865e-04,  5.6707e-05,  3.9059e-05,  3.2745e-04, -8.4007e-05,
          4.7681e-06,  4.6763e-03,  1.8212e-03,  4.9191e-03, -1.5423e-05,
          7.6107e-03,  5.2990e-02, -1.2565e-04]], device='cuda:0')), ('conv1.aggr.t', tensor([1.], device='cuda:0')), ('bn1.weight', tensor([0.6936, 0.7600, 0.6634, 0.6791, 0.6012, 0.6264, 0.7072, 0.7767],
       device='cuda:0')), ('bn1.bias', tensor([ 0.0287,  0.0313, -0.0077, -0.0095,  0.1371,  0.1544, -0.0286,  0.0405],
       device='cuda:0')), ('bn1.running_mean', tensor([ 605.2747,  -73.1706,  738.3061,  234.2809, -536.2502, -416.6995,
         646.7492,  338.4413], device='cuda:0')), ('bn1.running_var', tensor([2210386.7500,  879920.5625, 1402002.6250, 1863407.0000, 3189590.2500,
         185672.8750, 2300412.2500,  959483.9375], device='cuda:0')), ('bn1.num_batches_tracked', tensor(47024, device='cuda:0')), ('conv2.bias', tensor([-1.7986e-06,  4.0375e-06,  2.6098e-06,  1.4260e-06,  3.1899e-07,
        -1.6488e-06, -1.5860e-06, -2.8506e-06, -6.2653e-08,  1.1264e-05,
         4.3382e-06, -5.3631e-06,  1.5149e-07,  1.0340e-06,  1.1113e-07,
         3.7465e-06], device='cuda:0')), ('conv2.lin.weight', tensor([[ 1.4524e-01,  1.1759e-01,  1.1134e-02, -1.0486e-01, -7.9093e-02,
          7.5158e-03, -3.0194e-01,  6.8451e-02],
        [ 1.6641e-01,  2.5928e-02,  1.0356e-01, -1.6540e-03,  2.4075e-03,
          5.5002e-02,  2.1286e-01,  6.4990e-02],
        [ 1.5983e-01, -1.9737e-01, -1.0413e-01,  1.3352e-02,  6.7461e-02,
         -1.7802e-01,  1.4774e-01,  6.6146e-02],
        [ 2.2963e-01, -1.3273e-01,  1.7389e-01, -1.2505e-01, -1.6283e-01,
          8.5433e-02, -2.6382e-01,  3.6447e-01],
        [ 2.7457e-01, -8.7681e-02,  1.8743e-01, -1.6501e-01,  1.3400e-01,
          1.1147e-01, -2.4258e-01, -1.4436e-01],
        [-8.7128e-02, -2.3934e-01, -1.9037e-01, -2.7751e-01, -1.2719e-01,
          3.1000e-02,  2.7943e-01,  2.5038e-01],
        [-8.8377e-02, -1.1624e-01, -1.4411e-01,  1.9624e-01,  2.1888e-01,
         -1.5865e-01,  1.2151e-01,  2.5101e-01],
        [ 3.2449e-01, -7.3465e-02, -2.1578e-01,  3.2102e-01, -2.5753e-01,
         -3.2239e-02, -1.9073e-03, -1.5573e-01],
        [-2.5219e-01,  2.3477e-01,  3.6503e-01,  1.8514e-02, -2.2683e-01,
         -1.0981e-01,  4.2293e-02, -1.2535e-01],
        [ 1.1915e-01,  2.4592e-01,  6.0965e-02,  1.2578e-01, -1.0115e-01,
          2.3892e-01,  2.7251e-02, -6.0315e-02],
        [-1.9923e-01, -6.0921e-02, -2.4629e-02, -1.2881e-01,  2.4917e-01,
          1.7195e-01,  2.1701e-01,  2.7612e-01],
        [ 1.2793e-01,  3.6674e-02,  5.8108e-02,  1.8441e-01,  7.9191e-02,
         -2.3199e-02,  1.4929e-01, -4.3213e-02],
        [ 4.0679e-02,  3.8586e-01, -1.2952e-01,  1.0956e-01,  1.1195e-01,
         -1.5879e-01, -1.0576e-01, -1.9134e-01],
        [-4.9602e-02, -3.1855e-01, -5.0900e-02,  5.6917e-02,  1.6407e-02,
          2.5116e-01, -1.7542e-01,  2.0738e-01],
        [-1.9110e-02,  2.4005e-01,  2.2843e-01, -8.1289e-02,  4.9214e-03,
         -2.2117e-01, -2.3108e-04,  2.5713e-01],
        [ 2.3102e-01, -2.2217e-02, -2.1642e-01, -3.0099e-01, -7.4661e-02,
         -9.4666e-02, -1.4606e-01, -9.5348e-02]], device='cuda:0')), ('conv2.aggr.t', tensor([1.], device='cuda:0')), ('bn2.weight', tensor([0.6825, 0.7003, 0.7044, 0.5415, 0.6278, 0.5832, 0.7069, 0.6796, 0.7195,
        0.5917, 0.5349, 0.6493, 0.6673, 0.5781, 0.6377, 0.6482],
       device='cuda:0')), ('bn2.bias', tensor([-0.7247,  0.5580,  0.8205,  0.9643, -0.1751, -0.3303,  0.6947, -0.7229,
         0.9580,  0.5142, -0.4454, -0.5821,  0.9656,  0.6988, -0.8089,  0.8977],
       device='cuda:0')), ('bn2.running_mean', tensor([-0.0291,  0.1643, -0.0122,  0.0533,  0.0342, -0.0844,  0.0679, -0.0378,
        -0.0409,  0.1757,  0.1514,  0.1408,  0.0082,  0.0035,  0.0923, -0.1780],
       device='cuda:0')), ('bn2.running_var', tensor([0.0308, 0.0408, 0.0538, 0.0678, 0.0582, 0.0911, 0.0658, 0.0584, 0.0906,
        0.0226, 0.0450, 0.0282, 0.0715, 0.0471, 0.0612, 0.0642],
       device='cuda:0')), ('bn2.num_batches_tracked', tensor(47024, device='cuda:0')), ('conv3.bias', tensor([-1.9978e-07, -3.0672e-06, -4.8664e-07, -9.5312e-07, -3.9574e-06,
        -3.1919e-06, -7.8872e-07,  1.7808e-06,  1.8672e-06, -1.7633e-06,
         3.7568e-06, -6.3780e-07, -2.6391e-07,  1.1098e-06,  1.0379e-06,
         1.6669e-06, -1.5853e-07, -1.6308e-06,  1.6777e-06, -1.0216e-07,
         3.7981e-06,  2.7371e-06,  3.0634e-06, -3.1037e-06,  1.9609e-06,
         6.8330e-08, -1.1551e-08,  9.3293e-07,  3.8363e-06,  1.2227e-06,
        -1.6262e-06, -1.9175e-06], device='cuda:0')), ('conv3.lin.weight', tensor([[ 9.5441e-02, -1.3182e-02,  5.9951e-02, -5.5568e-02, -1.1694e-01,
         -8.0833e-02, -4.3646e-03,  1.4809e-01,  5.1069e-02,  7.9210e-02,
          1.8838e-02,  5.8305e-02,  9.0726e-03,  6.0067e-02,  3.6889e-02,
          7.6013e-02],
        [ 9.5756e-02,  1.0549e-02, -1.0800e-01, -4.9359e-02, -8.0363e-02,
         -6.5080e-02,  4.9586e-02,  8.0871e-03, -6.1650e-02,  1.5777e-01,
          1.4830e-01,  1.3646e-01,  6.1743e-02,  1.1617e-01, -5.3024e-02,
          8.9244e-02],
        [ 4.9396e-01, -3.7709e-01, -5.5386e-01, -6.3609e-01,  1.0616e-01,
          1.9605e-01, -4.6754e-01,  5.0165e-01, -7.1463e-01, -3.5520e-01,
          2.5193e-01,  3.4280e-01, -7.0107e-01, -4.9583e-01,  5.9957e-01,
         -6.0453e-01],
        [ 2.2658e-02, -2.0037e-01,  8.4553e-02, -1.9465e-02, -1.1455e-01,
         -3.8608e-02,  1.1819e-01, -1.6549e-01, -1.2015e-01,  4.9186e-02,
         -3.2979e-02,  4.9581e-02,  5.2490e-02,  2.1512e-02,  5.5470e-02,
         -8.7348e-02],
        [-2.8269e-02,  2.5744e-02, -4.2752e-02,  3.6787e-02, -1.0662e-01,
         -3.4109e-02, -9.7914e-02,  5.5777e-02, -1.8162e-02,  4.2530e-02,
         -1.1859e-01, -2.3435e-02, -1.2778e-01,  1.2487e-01, -2.1414e-02,
         -1.0625e-04],
        [-3.5120e-02, -2.5106e-02,  2.7758e-02,  1.2890e-01,  5.8699e-02,
         -3.6133e-02, -1.1343e-01,  1.7188e-01,  1.1442e-01,  3.8545e-02,
          4.8365e-02,  1.3353e-02, -7.1822e-02,  5.2723e-02,  6.2130e-02,
          3.0451e-02],
        [-1.6231e-02,  3.9560e-02, -9.5885e-03, -4.2326e-02,  1.1630e-01,
         -8.4075e-02,  5.1147e-02,  8.3916e-03,  1.0582e-01, -5.5747e-02,
         -3.4857e-02, -1.3418e-01, -5.2146e-02,  1.6491e-02,  6.7714e-02,
         -9.8132e-02],
        [ 1.0359e-02,  1.4235e-01,  3.4595e-02, -1.3745e-02,  1.2453e-01,
         -1.2015e-01, -1.7250e-02, -1.4334e-02, -3.9422e-02, -1.2105e-01,
          1.8989e-02,  1.1235e-01,  1.0212e-01,  5.2181e-02,  3.4206e-02,
         -4.8959e-02],
        [ 8.3566e-02, -1.0065e-01,  9.6085e-02, -1.0513e-01,  1.0132e-01,
         -1.1313e-01,  1.1755e-01, -5.7346e-02, -6.6151e-02,  5.0000e-02,
         -1.4283e-02, -2.2007e-02, -4.9603e-02,  1.2135e-01,  7.9405e-02,
          4.7926e-02],
        [-1.9428e-02,  3.3502e-03,  2.4934e-02, -6.3671e-02,  6.1189e-03,
         -7.8191e-02,  2.7551e-02,  6.1082e-02,  1.0784e-01, -1.3145e-01,
          2.4652e-02, -5.8423e-02,  7.1299e-02, -7.6228e-02, -2.3356e-02,
         -7.6732e-02],
        [ 1.3809e-01,  9.5767e-02, -1.0045e-01,  9.0510e-03, -1.0414e-01,
         -1.0262e-01,  1.5029e-01, -1.3055e-03,  1.9090e-02, -5.2472e-02,
          1.2467e-01, -2.7311e-02,  2.0167e-03,  5.3358e-02, -7.5077e-02,
         -9.8049e-02],
        [-5.1511e-02, -1.0928e-01, -7.8534e-02,  1.3489e-01, -1.9186e-01,
          8.3575e-02, -4.1383e-03,  1.1574e-01, -2.1144e-02,  2.9349e-02,
         -8.2154e-02, -1.1158e-01, -2.4662e-02, -3.4611e-02,  1.6152e-01,
          1.2375e-01],
        [ 8.6671e-02,  1.9576e-03, -7.1967e-02,  1.3493e-01,  3.1301e-02,
         -6.8220e-02, -3.8694e-03,  1.5914e-02, -1.0406e-01,  1.6840e-03,
          3.0218e-02,  1.3410e-01,  1.9646e-01,  1.4173e-01, -3.2558e-02,
         -1.4923e-01],
        [-9.0376e-02, -1.3374e-01,  1.1047e-01,  9.3926e-02, -1.8141e-02,
         -4.7170e-02, -2.3121e-02, -1.0623e-01, -1.4876e-01, -8.8948e-02,
         -4.8964e-02,  1.1184e-01,  1.2073e-01, -4.2269e-02,  1.3084e-01,
         -1.8003e-02],
        [-9.8631e-02,  1.2437e-01, -1.0999e-01, -1.4109e-01, -6.0721e-03,
          7.2878e-02, -8.0170e-02, -1.0614e-01, -1.1825e-01,  6.6020e-02,
         -6.1795e-02,  6.5909e-02, -1.9623e-02,  8.1790e-02, -8.3814e-02,
          9.2187e-02],
        [ 1.3387e-01, -1.1755e-01,  1.2625e-01, -2.1532e-02, -1.2240e-01,
         -1.1025e-01,  9.5317e-02,  1.1179e-01, -9.8065e-03,  1.8850e-02,
         -2.6487e-02, -8.3477e-02, -2.6935e-02, -3.4052e-02, -1.3509e-01,
         -9.5430e-02],
        [ 4.6767e-02, -1.1769e-01,  8.2453e-02,  2.6105e-02, -3.1337e-02,
         -1.3367e-01,  3.8856e-02, -4.2168e-02, -1.9032e-02, -1.4081e-01,
          4.9246e-02,  1.0632e-02, -3.6176e-02,  4.2613e-02,  9.4043e-03,
          3.1205e-02],
        [ 7.4296e-02,  2.3625e-02,  3.5391e-02,  1.1691e-01, -8.5856e-02,
         -1.9177e-02, -6.5029e-02, -2.9037e-02, -1.0008e-01, -8.7917e-02,
         -1.3388e-02,  6.2533e-02,  3.7270e-03, -8.5771e-02, -5.2435e-02,
          8.5312e-02],
        [-5.2546e-02,  7.7101e-02,  7.1260e-02, -5.1907e-04,  8.3556e-02,
         -5.5638e-02, -9.1391e-02, -5.9522e-02, -6.4287e-02,  2.6609e-02,
          9.9712e-02,  1.7279e-01,  3.0068e-02,  5.0253e-03, -3.5384e-02,
          7.9658e-03],
        [ 1.4348e-01, -5.6053e-02,  4.9796e-02,  1.4216e-01, -8.9788e-02,
          2.6322e-02, -8.1456e-02, -5.1915e-02,  4.3852e-02,  8.5957e-02,
         -1.0767e-01,  7.0106e-03, -8.0256e-02, -7.9344e-02, -2.8528e-02,
         -5.4247e-02],
        [ 5.7548e-02,  1.5793e-01,  1.0825e-01, -4.7570e-02, -1.4307e-01,
          6.4347e-03, -1.8383e-01,  3.9633e-02,  6.5250e-03,  3.0707e-02,
          1.9045e-01, -5.3696e-02,  1.5805e-02, -7.7401e-02, -5.9861e-02,
          6.6956e-02],
        [ 7.2414e-02, -7.8157e-02,  9.5530e-02,  3.8392e-02, -1.4060e-01,
          1.8420e-02, -4.3397e-04,  5.1516e-02,  1.2899e-01, -1.3339e-01,
         -6.3081e-02, -1.0633e-01, -9.4542e-02, -6.9137e-02,  9.3420e-02,
          6.4678e-02],
        [-2.6475e-02,  1.6386e-01, -7.0191e-02, -3.1391e-02, -2.1898e-02,
          1.1925e-01, -7.2169e-02, -1.1303e-01, -8.4502e-02,  1.0451e-01,
         -8.2842e-03, -1.2293e-01,  2.1995e-02,  1.4344e-04,  9.1939e-02,
         -1.2886e-02],
        [ 6.1064e-02, -6.8375e-03, -3.2458e-02,  3.5181e-02,  1.3321e-02,
         -8.4422e-02,  1.5048e-01,  1.0178e-01,  8.9285e-02,  4.9966e-02,
          4.5211e-02, -1.2065e-01, -4.4309e-02,  2.9848e-02,  7.5054e-02,
         -1.0547e-01],
        [ 9.1674e-02,  8.4599e-02, -1.7352e-02,  8.1145e-02, -7.7819e-02,
          1.1244e-01, -1.1241e-01,  1.2668e-01,  6.9358e-02, -3.9942e-02,
         -1.8747e-02, -1.4852e-01, -1.0930e-03, -4.0591e-02,  2.9768e-02,
          6.3194e-02],
        [ 6.5883e-02,  1.6836e-01,  5.7897e-03, -1.9980e-02,  6.9534e-02,
         -7.3895e-02, -1.3946e-02, -1.5831e-01, -1.1695e-01,  3.8515e-02,
          1.6953e-01, -4.4686e-02, -1.4735e-02, -3.4306e-02, -6.1518e-02,
         -1.6603e-02],
        [ 2.7689e-02,  6.0519e-02,  9.0372e-03, -8.8000e-02,  3.7681e-04,
          6.9321e-02,  1.0215e-01, -7.7810e-02,  2.9524e-02, -7.9934e-02,
         -1.2032e-01,  2.4090e-02, -1.3853e-01,  4.1251e-02, -3.4965e-02,
          7.2464e-03],
        [ 1.0776e-01, -1.0425e-01,  1.1646e-02,  1.0123e-01, -4.0510e-02,
         -1.2348e-01,  6.9203e-02, -1.9545e-02, -4.9975e-02,  1.3403e-01,
          8.5301e-02, -3.8140e-02, -2.8333e-03, -1.3086e-01, -2.0145e-02,
         -9.2394e-03],
        [ 1.3353e-02,  7.3253e-02, -1.5362e-03, -6.7251e-02,  1.7668e-01,
         -4.0538e-02,  2.8628e-02, -1.7479e-01, -1.3916e-01,  1.1507e-01,
         -8.0314e-02, -2.1828e-02, -3.6798e-02,  1.5804e-01,  1.9910e-02,
         -1.2648e-01],
        [ 6.3107e-02,  7.8318e-03, -3.0604e-02, -2.9271e-02, -2.6634e-02,
         -1.1489e-01,  7.1571e-02,  1.3179e-01, -1.2398e-02,  3.5688e-02,
          4.9676e-02, -1.7330e-01, -4.5137e-02,  2.0152e-01,  6.7789e-02,
         -2.7157e-02],
        [-5.4870e-02,  6.4400e-03,  1.0121e-01,  8.4070e-02,  1.1191e-01,
         -9.7673e-02, -5.7299e-02,  4.2621e-02,  3.8528e-02, -6.5116e-02,
          1.9026e-02, -1.0870e-02, -6.6989e-02, -5.6747e-03,  1.4726e-01,
          3.2619e-02],
        [-5.8893e-03, -1.0913e-02, -7.0680e-02,  1.7815e-01,  2.9119e-02,
         -2.6291e-02,  6.2950e-02, -9.4974e-02, -5.3399e-02, -1.3836e-02,
          1.9744e-01, -3.2389e-02,  2.9780e-02, -9.3244e-02, -6.1451e-02,
         -1.2323e-01]], device='cuda:0')), ('bn3.weight', tensor([1., 1., 1., 1., 1., 1., 1., 1., 1., 1., 1., 1., 1., 1., 1., 1., 1., 1.,
        1., 1., 1., 1., 1., 1., 1., 1., 1., 1., 1., 1., 1., 1.],
       device='cuda:0')), ('bn3.bias', tensor([0., 0., 0., 0., 0., 0., 0., 0., 0., 0., 0., 0., 0., 0., 0., 0., 0., 0., 0., 0., 0., 0., 0., 0.,
        0., 0., 0., 0., 0., 0., 0., 0.], device='cuda:0')), ('bn3.running_mean', tensor([0., 0., 0., 0., 0., 0., 0., 0., 0., 0., 0., 0., 0., 0., 0., 0., 0., 0., 0., 0., 0., 0., 0., 0.,
        0., 0., 0., 0., 0., 0., 0., 0.], device='cuda:0')), ('bn3.running_var', tensor([1., 1., 1., 1., 1., 1., 1., 1., 1., 1., 1., 1., 1., 1., 1., 1., 1., 1.,
        1., 1., 1., 1., 1., 1., 1., 1., 1., 1., 1., 1., 1., 1.],
       device='cuda:0')), ('bn3.num_batches_tracked', tensor(0, device='cuda:0'))])