OrderedDict([('conv1.bias', tensor([ 5.0992e-09, -9.8830e-07,  2.0220e-08, -2.0204e-07,  4.4554e-06,
         4.7692e-06, -1.2183e-06, -3.4887e-07], device='cuda:0')), ('conv1.lin.weight', tensor([[ 1.5833e-04, -4.8615e-04,  8.6938e-05, -6.2306e-05,  7.2122e-05,
          5.2362e-04,  3.0926e-18,  2.3360e-42,  3.4992e-26, -1.2000e-17,
          4.4339e-04,  1.3838e-02,  2.1437e-02,  3.0618e-03,  2.5812e-03,
         -1.3427e-01,  9.2030e-03, -5.4476e-04,  7.4548e-03,  7.1214e-03,
         -2.2637e-03, -3.7682e-03,  6.0907e-03, -4.8625e-04, -1.8195e-03,
          2.9828e-04, -6.6392e-04,  1.7815e-03, -5.1380e-05,  2.5113e-04,
          1.2578e-03, -2.0769e-02,  5.1391e-04, -2.9565e-04,  2.7564e-04,
          3.7822e-04, -2.0008e-09,  2.4827e-03, -2.8870e-02, -1.8407e-01,
         -9.2256e-04,  5.0043e-03,  2.8676e-03, -8.7929e-02, -4.7052e-02,
          3.9694e-04,  6.8016e-03, -1.8986e-01,  2.0658e-03, -4.8372e-05,
          8.4855e-04, -5.9106e-08, -1.6788e-42, -4.6281e-13, -7.1242e-42,
         -3.9740e-05,  2.7361e-04,  4.4981e-04, -1.6979e-04,  1.0858e-04,
          1.6946e-04, -2.5474e-02,  1.3127e-02,  1.2528e-02,  7.7763e-03,
          8.4778e-04, -7.1803e-02, -2.1566e-04],
        [ 3.4544e-04, -1.9673e-04, -5.6392e-05,  3.1441e-05,  2.7100e-06,
         -6.6803e-04, -5.0453e-06, -7.7552e-08, -1.4499e-12, -2.5209e-42,
          4.2915e-04,  1.6232e-02,  4.5367e-02,  6.0413e-03, -2.0650e-03,
          1.3339e-01,  2.3265e-02, -1.2538e-02, -5.5784e-03, -6.1763e-03,
          3.7095e-02,  4.2205e-02, -5.9541e-03, -2.3484e-04, -3.5161e-03,
          7.0012e-04,  3.8002e-04,  4.2061e-03,  6.8402e-05,  7.4256e-04,
          4.5965e-03, -1.7251e-02,  1.1463e-03,  1.1014e-03,  5.6077e-04,
          5.5541e-04,  5.8981e-42,  1.1944e-03,  2.7039e-01,  2.0281e-01,
          5.8662e-03,  1.2899e-02,  1.5799e-02,  6.6553e-02,  6.5730e-02,
          1.4563e-03,  2.7250e-02, -2.9736e-02,  5.8730e-03, -3.8680e-04,
         -1.3866e-04, -2.4339e-11,  3.9841e-20, -3.8275e-23,  3.5725e-35,
         -8.9143e-04, -9.7537e-05,  3.2379e-04,  1.2842e-04,  1.4682e-04,
          2.3668e-04, -7.4197e-02, -1.6520e-02, -2.7762e-03,  4.9318e-02,
          3.4055e-02, -3.5022e-02, -3.2203e-05],
        [ 3.3985e-03, -1.6004e-03, -4.7524e-04, -6.1973e-04, -3.9385e-06,
         -9.7682e-03, -2.7761e-41,  1.7354e-13, -6.2638e-43, -2.8671e-42,
          1.9575e-03, -2.8141e-02, -8.4852e-03,  2.0057e-03, -1.3414e-02,
         -7.7155e-03, -4.4126e-03, -9.7324e-03, -2.1754e-02, -2.0037e-02,
          2.7769e-02,  2.8538e-02, -2.2381e-02, -3.5549e-03, -2.1907e-03,
         -3.0495e-03, -2.2190e-04, -1.2292e-02, -9.9805e-05, -3.1139e-03,
          2.0224e-03,  9.0836e-03,  8.9346e-03,  4.8782e-03, -9.9454e-04,
         -1.5990e-03,  3.1866e-42, -7.9548e-03,  1.2078e-01,  1.8520e-01,
          1.4451e-02,  1.8851e-04,  9.5773e-03,  6.0758e-04,  2.1146e-02,
         -3.3233e-03,  4.1595e-03, -1.1017e-02, -3.2413e-03, -4.3189e-03,
         -8.6899e-03, -6.4976e-31, -9.9103e-11,  1.5804e-10, -7.6768e-12,
         -5.4140e-03, -7.4412e-03,  5.1318e-04, -3.4861e-03, -9.3714e-04,
          8.5351e-04,  1.0334e-02, -2.2451e-02, -1.6912e-02, -9.6202e-03,
         -2.3713e-02,  6.4922e-04, -2.1290e-03],
        [-1.4891e-03, -1.3908e-05,  1.7290e-03, -5.1343e-04,  4.8020e-05,
          1.4773e-02,  3.5320e-16, -4.9326e-43, -2.3936e-14, -7.8655e-42,
         -7.4118e-03,  6.0520e-02,  5.3931e-02,  5.4825e-03,  3.1128e-02,
          1.3710e-02,  1.4502e-02,  3.8131e-02,  8.0943e-02,  7.4102e-02,
         -5.7394e-02, -8.0246e-02,  7.9669e-02,  1.7074e-03,  1.0432e-02,
          1.9297e-03, -3.9139e-03,  9.1572e-03,  1.0084e-04,  1.8357e-03,
          1.9870e-03, -2.3371e-02, -2.9890e-03, -1.1369e-02,  1.7015e-03,
          2.0659e-03,  3.8914e-22,  1.5604e-02, -1.0773e-01, -2.4133e-01,
         -2.7933e-02,  4.0401e-03, -1.8142e-02, -7.7491e-02,  1.6796e-02,
          8.5311e-04,  1.6038e-02,  1.5904e-02,  4.6992e-03,  4.2967e-03,
          7.0397e-03,  1.4051e-19, -1.0571e-15, -8.1542e-42,  7.3595e-07,
          6.7484e-03,  5.7030e-03, -1.4067e-03,  1.9728e-03,  1.9701e-03,
         -4.2463e-04, -3.0694e-03,  8.4980e-02,  8.5168e-02,  5.6144e-02,
          4.0616e-02, -2.1832e-03,  8.2764e-04],
        [-1.9623e-03,  9.1760e-05,  1.6668e-03, -1.3318e-04,  2.7819e-05,
          1.2461e-02,  6.9406e-42, -7.9780e-24,  2.3170e-22, -1.2850e-42,
         -5.7961e-03,  2.8925e-02, -4.3561e-02, -6.3825e-03,  2.9663e-02,
          1.4669e-02, -3.5018e-02,  5.3005e-02,  4.2028e-02,  6.0060e-02,
         -2.7798e-02, -4.9509e-02,  7.1899e-02,  1.7920e-03,  7.5474e-03,
          2.0400e-03, -2.5515e-03,  3.2314e-03,  1.7596e-04,  1.9672e-03,
         -6.4703e-03,  1.1120e-01, -1.0767e-02, -7.8569e-03,  1.4080e-03,
          1.1766e-03,  1.5884e-11,  8.7701e-03, -2.0974e-01, -3.4815e-01,
         -3.7393e-02, -3.2556e-02, -2.4967e-02,  7.7042e-02,  1.1256e-01,
         -3.3118e-04, -9.7157e-03, -8.1187e-02, -3.5463e-03,  4.1634e-03,
          7.1513e-03,  4.9739e-06, -1.3129e-09, -7.5390e-43,  1.8774e-14,
          5.9117e-03,  6.1824e-03, -1.6154e-03,  2.7038e-03,  2.6704e-03,
         -2.1603e-04,  1.4573e-01,  1.2430e-02,  5.4116e-02, -9.1722e-02,
         -1.3499e-01,  1.1022e-02,  1.3369e-03],
        [ 2.8317e-04, -5.0576e-04,  3.9302e-04, -1.2449e-04,  1.2330e-05,
          1.7267e-03, -4.2011e-42,  7.8192e-43, -5.1112e-18,  2.6172e-11,
         -1.2269e-04,  1.0789e-02,  1.7689e-02,  3.7055e-03,  2.1084e-03,
         -1.2506e-01,  7.9218e-03,  1.2023e-03,  1.0522e-02,  1.0618e-02,
         -5.8679e-04, -1.2809e-03,  8.6168e-03, -1.4279e-04, -1.0320e-03,
          5.0122e-04, -7.2545e-04,  2.2204e-03,  3.2918e-04,  1.2132e-03,
          1.5806e-03, -1.7100e-02,  9.9102e-04, -9.9677e-04,  6.9002e-04,
          8.1752e-04, -2.1494e-07,  3.2285e-03, -3.3726e-02, -1.5572e-01,
         -3.9616e-04,  4.9007e-03,  3.7336e-03, -6.5191e-02, -8.4411e-03,
          4.9683e-04,  8.9809e-03, -1.6439e-01,  2.3253e-03,  2.6374e-04,
          1.0239e-03, -3.8679e-07, -3.2408e-08,  9.7359e-07,  1.1377e-08,
          5.0705e-04,  6.1233e-04,  3.9217e-04,  3.5884e-04,  8.0246e-04,
          3.8228e-04, -2.2548e-02,  1.6971e-02,  2.2181e-02,  2.1443e-02,
          2.3997e-03, -6.1689e-02, -1.6074e-04],
        [ 4.2141e-04,  2.1287e-04, -7.5485e-04, -9.4701e-04,  3.4194e-06,
         -6.0022e-03, -1.3595e-26, -3.7779e-42, -4.3735e-42,  1.6292e-15,
         -2.2075e-02, -3.9787e-02, -1.5328e-02, -8.8647e-03, -8.6003e-03,
          6.4777e-03, -3.2806e-02,  2.8538e-03, -1.4523e-02, -1.1306e-02,
         -2.3726e-03, -9.2626e-03, -1.1437e-02, -7.0747e-04,  3.6277e-03,
         -2.2435e-03,  6.4409e-04, -9.5650e-03, -3.8135e-04, -1.9356e-03,
         -4.9053e-03,  3.5514e-02,  3.8593e-03,  1.1591e-03, -1.7491e-03,
         -2.5281e-03,  4.4856e-42, -6.9239e-03,  3.0087e-03,  3.2105e-03,
          2.4611e-03, -1.6794e-02, -4.8601e-03,  6.2700e-02,  4.0894e-02,
         -4.3239e-03, -2.4141e-02,  1.3075e-02, -1.1457e-02, -5.6859e-04,
         -5.1552e-03,  1.2862e-06,  1.5074e-15,  9.5527e-42, -2.1748e-42,
         -2.2197e-03, -3.6916e-03,  6.4478e-04, -1.6490e-03, -1.3672e-03,
         -6.3190e-04,  2.7172e-03, -4.1762e-02, -3.5826e-02, -2.1105e-02,
         -5.3809e-02,  4.4686e-03, -4.8736e-04],
        [-2.3728e-03,  2.7657e-04,  2.1345e-03, -8.2933e-04,  1.7926e-04,
          1.5528e-02,  1.9506e-42, -2.8222e-42,  2.7564e-15,  4.2305e-42,
         -8.5915e-03,  1.7478e-02,  2.1034e-02,  2.4472e-03,  2.9282e-02,
          2.0648e-02, -3.8853e-03,  2.8633e-02,  5.2437e-02,  5.3092e-02,
         -8.8983e-02, -8.7414e-02,  5.2993e-02,  1.8798e-03,  5.2254e-03,
          6.9275e-04, -5.0218e-03,  9.1591e-03,  1.2555e-05,  8.2294e-04,
         -4.7717e-04,  9.7914e-03, -6.7908e-03, -1.1203e-02,  3.3572e-04,
          8.4360e-04, -4.9732e-42,  1.5149e-02, -8.8759e-02, -2.5564e-01,
         -3.3827e-02, -1.9792e-03, -2.4668e-02, -1.1966e-01,  7.0229e-02,
          1.5877e-04, -1.3079e-02,  8.4800e-03,  2.7225e-03,  4.7005e-03,
          9.2540e-03,  4.7938e-42, -1.7249e-12, -2.4113e-17,  6.2484e-42,
          6.6038e-03,  7.0828e-03, -2.0235e-03,  1.8288e-03,  1.5509e-03,
         -1.2662e-03,  1.4533e-02,  3.9983e-02,  4.9644e-02,  1.6918e-02,
          6.5248e-02, -4.4780e-03,  8.6556e-04]], device='cuda:0')), ('conv1.aggr.t', tensor([1.], device='cuda:0')), ('bn1.weight', tensor([0.7759, 0.6429, 0.9931, 0.9035, 0.9120, 0.7244, 0.9388, 0.8782],
       device='cuda:0')), ('bn1.bias', tensor([-0.1753, -0.2061,  0.1733,  0.1120,  0.0464, -0.1993, -0.0093,  0.0951],
       device='cuda:0')), ('bn1.running_mean', tensor([-1475.3074,   777.0137,   453.6993,  -474.4813,  -875.1858, -1278.0728,
           68.6149,  -498.4486], device='cuda:0')), ('bn1.running_var', tensor([288081.6250, 112068.4922,  51753.0859,  68795.8594, 169018.8906,
        216817.1719,   1770.6328,  66522.6641], device='cuda:0')), ('bn1.num_batches_tracked', tensor(47024, device='cuda:0')), ('conv2.bias', tensor([ 7.0065e-06, -1.1975e-05, -2.7720e-06,  1.2175e-05, -4.7345e-06,
        -4.0594e-06,  8.0581e-06,  1.2582e-05,  1.9142e-06, -5.3343e-07,
         1.2577e-07,  4.0748e-06, -1.1370e-06, -1.0709e-05, -1.3109e-06,
        -1.5355e-06], device='cuda:0')), ('conv2.lin.weight', tensor([[-0.1377, -0.2484,  0.3931,  0.2257,  0.1367,  0.1431, -0.1087,  0.2935],
        [-0.2338, -0.1118, -0.0046,  0.2505, -0.3099, -0.0972, -0.4247, -0.3537],
        [ 0.3629,  0.0256, -0.3573, -0.2222,  0.2851,  0.1252, -0.0951,  0.2992],
        [ 0.4014, -0.2244,  0.1953, -0.0422,  0.2532, -0.2994,  0.0757, -0.0890],
        [-0.2606, -0.0403,  0.3581,  0.3126, -0.0194,  0.0651, -0.1645,  0.0038],
        [ 0.0673,  0.0256, -0.3064,  0.3637, -0.2138, -0.2933, -0.0764, -0.0053],
        [-0.0609,  0.0488, -0.1551, -0.0599, -0.1551, -0.0679, -0.3440, -0.2417],
        [-0.2649, -0.1990,  0.1083, -0.3070,  0.0731,  0.1025, -0.3875, -0.0478],
        [ 0.1062,  0.2597, -0.3667, -0.3786, -0.3425,  0.0413, -0.1497,  0.3613],
        [-0.2860,  0.3248, -0.2723,  0.2768,  0.0626, -0.3140,  0.2461,  0.0865],
        [ 0.3124,  0.2629,  0.0683,  0.1814,  0.3972, -0.1137,  0.2883,  0.2607],
        [ 0.3326, -0.1463, -0.0634, -0.2036, -0.1369, -0.0268, -0.2332,  0.0879],
        [-0.1060, -0.0533,  0.3472,  0.2150,  0.0293,  0.1616, -0.2354,  0.1887],
        [-0.0094,  0.0126, -0.3505, -0.4622,  0.0052, -0.0459, -0.2264, -0.1328],
        [-0.2576,  0.0597,  0.0697,  0.4086,  0.2790,  0.1093,  0.4264, -0.4643],
        [ 0.2083, -0.1082,  0.0797, -0.3460,  0.0119,  0.3177, -0.1999, -0.0204]],
       device='cuda:0')), ('conv2.aggr.t', tensor([1.], device='cuda:0')), ('bn2.weight', tensor([0.7490, 0.7715, 0.7835, 0.7264, 0.7429, 0.7401, 0.8356, 0.8377, 0.7813,
        0.7967, 0.8101, 0.7309, 0.7325, 0.7553, 0.7925, 0.8120],
       device='cuda:0')), ('bn2.bias', tensor([ 0.8207, -0.9569,  0.5984, -0.3323, -0.4587,  0.7677,  0.3901, -0.1009,
        -0.9931,  0.5775, -0.2021, -0.4509,  0.1050, -0.4104, -0.4597,  0.1372],
       device='cuda:0')), ('bn2.running_mean', tensor([ 0.3405, -0.3641, -0.0108,  0.1543,  0.1867, -0.1559, -0.3697, -0.2552,
        -0.2934,  0.0473,  0.5090, -0.1691,  0.2422, -0.4780,  0.2457, -0.0847],
       device='cuda:0')), ('bn2.running_var', tensor([0.1502, 0.1576, 0.1740, 0.0623, 0.0993, 0.1157, 0.1110, 0.1154, 0.1525,
        0.2145, 0.2351, 0.0709, 0.1092, 0.1740, 0.1657, 0.1245],
       device='cuda:0')), ('bn2.num_batches_tracked', tensor(47024, device='cuda:0')), ('conv3.bias', tensor([ 1.7661e-06, -1.3823e-06,  4.6402e-07,  5.3256e-08, -8.4817e-07,
         3.1117e-06,  2.8189e-06,  1.4273e-06,  7.2835e-07, -1.8287e-06,
        -3.2556e-06,  2.1922e-06,  4.9601e-07, -2.5207e-06,  9.6663e-07,
        -1.3290e-06, -1.0964e-06,  2.9688e-06,  1.6429e-06,  8.5449e-07,
         4.0726e-07, -9.9406e-07, -1.4141e-06, -5.3453e-07, -3.3355e-06,
         9.8216e-07,  1.3939e-06, -2.7193e-06,  1.8518e-06, -2.5562e-06,
         5.2467e-08, -8.6417e-07], device='cuda:0')), ('conv3.lin.weight', tensor([[ 1.0449e-01, -1.1784e-01,  1.1411e-01,  7.0439e-03, -1.4695e-01,
         -4.0321e-02,  2.1098e-01,  1.9511e-01,  2.8020e-02, -2.4444e-01,
          8.5954e-03, -4.2600e-02,  1.4546e-01,  6.5788e-02,  2.2790e-01,
         -2.7190e-01],
        [-9.2471e-02, -1.3180e-01, -7.6347e-02, -4.8440e-02, -3.3722e-02,
         -8.9643e-02, -2.5359e-02,  2.2177e-03, -5.1204e-02,  1.1428e-01,
         -2.0857e-01, -1.4590e-02,  8.0017e-02, -1.0974e-01, -1.9658e-01,
         -9.1505e-02],
        [ 6.1530e-03, -7.5471e-02,  4.4440e-02, -9.9076e-03,  6.2185e-02,
          2.1551e-02, -2.2549e-01,  7.0041e-02,  9.7260e-02, -9.8741e-02,
         -1.4238e-01, -6.0032e-02, -3.4351e-04,  1.5603e-01,  1.6587e-01,
         -5.3684e-02],
        [-1.5351e-01,  3.5555e-03,  1.7123e-01, -5.6436e-03,  1.2144e-01,
         -1.6707e-01,  1.3873e-01,  1.3095e-01,  2.3299e-02,  1.1575e-01,
          1.1288e-01,  3.2301e-02,  1.3303e-01, -8.1775e-02, -4.7610e-02,
         -1.3045e-01],
        [-9.9038e-02,  1.8673e-01,  9.6209e-02, -1.7731e-01,  7.7151e-02,
         -1.3602e-01, -1.8586e-01, -1.9610e-01, -1.4334e-01, -2.7734e-01,
          2.1034e-01, -6.2969e-02,  2.3545e-02,  1.9875e-01, -2.4469e-01,
         -1.7975e-01],
        [-3.1870e-02, -2.2578e-02,  7.3534e-02, -1.5880e-01,  6.0701e-02,
         -3.7751e-03,  6.3723e-02,  1.9659e-01, -2.2005e-01,  8.0076e-02,
          1.2981e-01,  9.3609e-02, -2.4536e-01, -1.7155e-01, -1.0269e-01,
          1.5169e-01],
        [ 4.2296e-01, -5.9565e-01,  2.8091e-01, -1.7580e-01, -3.0759e-01,
          4.1589e-01,  3.4508e-01,  2.5215e-03, -6.5640e-01,  2.7991e-01,
         -1.6787e-01, -2.4922e-01,  3.4522e-02, -2.8718e-01, -3.4354e-01,
          1.2164e-01],
        [-1.2606e-01, -1.5244e-01, -3.1529e-02,  8.5192e-02,  1.3977e-01,
          1.2864e-01, -1.1494e-01, -2.1708e-02, -5.7699e-03, -1.8152e-01,
          4.8831e-02, -2.2573e-01,  1.3368e-01,  2.6781e-01, -9.8783e-02,
          6.3156e-02],
        [ 6.6755e-02, -1.1228e-01, -1.6625e-02, -2.0160e-01, -1.1867e-01,
         -5.6211e-02,  1.9215e-01, -1.3362e-01, -1.1362e-01, -1.4203e-01,
         -8.4357e-02,  3.2424e-02,  1.2675e-01,  9.4921e-02,  5.2929e-02,
         -1.4466e-01],
        [-1.4239e-01, -8.6382e-02, -3.8726e-03,  1.7805e-02,  8.1074e-02,
         -1.8013e-02,  1.3286e-01, -8.0264e-02, -8.2263e-02, -9.3833e-02,
         -5.1259e-03, -3.2937e-02,  9.1518e-02, -1.0440e-01, -2.0122e-01,
         -1.2051e-01],
        [ 7.7823e-02, -5.9992e-02, -1.6314e-01,  5.1873e-02, -7.5228e-02,
         -4.2704e-02,  2.9305e-01, -1.7736e-01,  1.0032e-01,  7.0929e-04,
          2.2037e-02,  5.8385e-03,  1.3855e-01, -4.1308e-02,  4.1369e-02,
         -1.1223e-01],
        [ 1.8400e-01,  5.3251e-02, -1.4785e-01, -1.8752e-02, -1.1824e-01,
          2.0857e-01,  2.4862e-02,  2.1857e-01,  3.0209e-02, -7.1431e-02,
          1.5568e-01,  1.7435e-02, -7.9789e-02, -9.0169e-02,  1.8834e-01,
          1.0086e-01],
        [-5.0736e-02,  1.7892e-01,  1.1250e-01, -7.6385e-02, -7.9243e-03,
         -1.2088e-01, -1.6260e-01,  4.3542e-02,  6.7369e-03,  1.1523e-02,
          1.1756e-01,  1.8226e-01,  1.4376e-01,  1.1326e-01,  1.3847e-01,
         -1.6530e-01],
        [ 6.2831e-02,  4.9842e-02, -1.8120e-01, -1.4099e-01, -2.1186e-01,
         -1.4648e-01,  1.1072e-01,  2.4061e-02, -9.7265e-02,  1.0499e-01,
          2.2927e-01,  7.4387e-02,  1.5404e-01,  8.2059e-02, -2.1856e-01,
         -1.8450e-01],
        [ 7.4324e-02, -1.1187e-03, -4.0568e-02,  2.0683e-01, -2.1750e-02,
         -1.5362e-02,  9.1660e-02,  2.2833e-01,  3.0507e-01,  1.9043e-01,
          6.4383e-02,  1.4107e-02, -4.4568e-02, -1.4808e-01,  1.3324e-01,
         -7.5340e-02],
        [-9.7524e-02,  9.7696e-02, -1.0812e-01, -4.4973e-02, -9.6584e-02,
         -1.3421e-02, -7.0984e-02, -8.5041e-02, -1.1044e-01, -5.1101e-02,
          1.4833e-01,  9.2227e-02,  1.8203e-01,  2.1776e-01,  3.3802e-02,
         -1.7917e-01],
        [-6.7816e-02,  3.1127e-02, -1.4006e-01, -3.5928e-03, -2.2481e-01,
         -6.1140e-02,  1.6183e-01,  9.9665e-02,  2.8410e-02,  1.8699e-01,
          1.3946e-01, -8.3372e-02,  1.6156e-01, -1.2947e-01,  8.5150e-02,
          9.2051e-02],
        [-2.0930e-01, -2.0867e-01, -5.9988e-02,  2.0708e-01,  1.4816e-01,
          9.9754e-02,  1.2350e-01, -1.1910e-01,  8.2142e-02,  1.9145e-01,
         -1.3071e-01, -2.3694e-01,  8.4763e-02,  2.4441e-02, -1.4084e-01,
          2.4060e-01],
        [ 1.0296e-01, -7.9669e-03, -8.8132e-02, -8.6509e-03, -1.1326e-01,
          5.9307e-02, -2.0981e-01,  2.2941e-01,  9.7449e-02, -2.9387e-02,
         -1.3040e-01,  1.3085e-01, -7.2148e-02, -1.6006e-01,  9.4890e-02,
         -1.6151e-01],
        [-1.4076e-01, -1.8629e-01, -4.4067e-02,  1.2867e-01,  1.1856e-01,
          2.9604e-02, -1.5910e-01, -4.3899e-02, -2.3927e-02,  1.8219e-01,
         -2.7478e-01, -2.7963e-02, -6.3224e-02, -2.1457e-02, -3.0959e-02,
          2.2215e-01],
        [-2.4605e-02, -1.8524e-01,  9.1148e-03, -1.3630e-01, -7.2480e-02,
         -2.1412e-01,  1.3067e-01, -4.1167e-02, -2.3356e-01, -4.5125e-02,
         -9.4651e-02,  9.3683e-02, -5.0091e-02, -2.2319e-02, -2.6732e-02,
         -1.2401e-01],
        [ 8.4618e-03, -5.4071e-02, -7.4289e-02, -1.3235e-01,  2.7208e-02,
         -1.8578e-01, -7.8537e-02, -9.5189e-02, -3.1017e-02,  1.2616e-01,
         -2.8119e-02,  1.7570e-01,  1.7306e-01,  2.1612e-01,  1.3923e-01,
         -8.1801e-02],
        [-7.7606e-02, -1.7104e-02, -9.7566e-02,  1.1437e-01, -1.2994e-01,
          1.2318e-01, -6.9710e-03,  3.0630e-01, -3.0479e-03,  6.2789e-02,
          9.1568e-02, -1.5003e-01,  1.0336e-01, -8.6476e-02, -9.3555e-02,
          1.2414e-02],
        [-1.7267e-02, -4.3304e-02,  3.9257e-02,  4.4946e-02,  8.9393e-02,
         -1.5801e-01, -1.9347e-01, -1.1347e-01,  1.2048e-01, -1.1067e-02,
         -2.1480e-01,  4.1862e-02,  8.4140e-02,  8.8321e-02, -5.7828e-02,
         -2.3271e-01],
        [-9.2693e-02, -1.1682e-01, -1.6586e-01,  4.8358e-02,  3.7977e-03,
         -4.8499e-02,  8.5211e-02,  1.7002e-01, -1.2112e-01,  2.1248e-01,
          2.7171e-01,  1.0069e-01,  3.7109e-03,  1.0623e-01, -6.7112e-02,
          2.3807e-02],
        [ 1.0200e-01,  1.3351e-02,  9.0701e-02, -8.3196e-02, -6.4849e-02,
         -1.5053e-01,  1.8860e-01, -1.5665e-01,  5.5332e-02,  3.7876e-02,
         -1.1021e-01, -6.3322e-02,  1.6980e-01,  4.0754e-02, -3.6441e-02,
         -6.5488e-02],
        [-2.0499e-01,  1.0459e-01,  6.9450e-02,  4.9286e-02,  2.3577e-02,
         -1.5129e-01,  2.9941e-02, -2.4637e-01, -1.0741e-01,  1.9012e-01,
          1.3952e-02, -1.5949e-01,  2.2964e-01,  2.0896e-01,  1.0421e-02,
          1.9872e-01],
        [-1.7079e-01, -1.5251e-01, -8.0542e-02, -4.9054e-02, -7.6324e-02,
         -1.2902e-01,  1.1824e-01, -1.9631e-02, -8.5279e-02, -1.6450e-02,
          1.1853e-01, -9.8684e-02,  1.3321e-01,  1.4534e-01, -1.5605e-01,
         -1.6258e-01],
        [-1.0384e-01, -1.8953e-01, -1.2951e-01, -5.5129e-02, -4.9186e-02,
          1.4920e-01, -6.4890e-02, -7.3449e-03, -1.7064e-01, -1.5895e-01,
         -1.8984e-01,  5.4543e-02, -7.7560e-02, -1.3684e-01, -1.2133e-01,
         -6.4309e-02],
        [-2.8241e-01, -2.5573e-02,  1.0921e-01,  5.8120e-02,  1.0749e-01,
          1.4142e-01, -1.2401e-01,  1.9964e-01, -1.5461e-01,  6.2759e-02,
          3.3423e-02,  1.6500e-01,  1.1868e-01,  6.5731e-02, -3.1261e-03,
         -5.4577e-02],
        [-9.2768e-02, -2.6383e-01, -5.9568e-02, -3.0280e-02,  2.7845e-02,
          1.1261e-01, -1.1155e-01,  1.8411e-01, -4.2612e-02,  2.0758e-03,
         -1.9671e-01,  1.3334e-01, -5.8958e-03,  4.3555e-03, -4.2084e-02,
         -1.5342e-01],
        [-6.4223e-02, -3.7413e-02, -1.5774e-01,  3.1681e-02, -2.5360e-01,
          1.0852e-01,  1.4981e-01,  1.9962e-01, -1.2138e-01,  7.6059e-02,
          7.7421e-02,  6.8273e-02,  1.6031e-01, -1.0938e-01, -1.3171e-02,
         -7.8003e-02]], device='cuda:0')), ('bn3.weight', tensor([1., 1., 1., 1., 1., 1., 1., 1., 1., 1., 1., 1., 1., 1., 1., 1., 1., 1.,
        1., 1., 1., 1., 1., 1., 1., 1., 1., 1., 1., 1., 1., 1.],
       device='cuda:0')), ('bn3.bias', tensor([0., 0., 0., 0., 0., 0., 0., 0., 0., 0., 0., 0., 0., 0., 0., 0., 0., 0., 0., 0., 0., 0., 0., 0.,
        0., 0., 0., 0., 0., 0., 0., 0.], device='cuda:0')), ('bn3.running_mean', tensor([0., 0., 0., 0., 0., 0., 0., 0., 0., 0., 0., 0., 0., 0., 0., 0., 0., 0., 0., 0., 0., 0., 0., 0.,
        0., 0., 0., 0., 0., 0., 0., 0.], device='cuda:0')), ('bn3.running_var', tensor([1., 1., 1., 1., 1., 1., 1., 1., 1., 1., 1., 1., 1., 1., 1., 1., 1., 1.,
        1., 1., 1., 1., 1., 1., 1., 1., 1., 1., 1., 1., 1., 1.],
       device='cuda:0')), ('bn3.num_batches_tracked', tensor(0, device='cuda:0'))])