OrderedDict([('conv1.bias', tensor([ 5.0394e-07, -7.9842e-09, -2.2865e-08,  5.6590e-10, -8.9653e-06,
        -2.1128e-08, -4.2800e-07, -1.3687e-08], device='cuda:0')), ('conv1.lin.weight', tensor([[ 1.0657e-04,  4.1762e-05, -1.3910e-05, -3.7120e-05,  4.3356e-07,
          5.8439e-05, -1.0345e-09,  9.4910e-17, -9.9832e-14, -6.2280e-15,
         -1.9555e-04,  1.6394e-03, -1.5587e-03,  1.2008e-04, -6.1810e-04,
          5.2463e-02,  1.2586e-04,  8.6371e-04,  1.8079e-03,  1.3982e-04,
         -1.0853e-03, -5.0375e-04,  1.2739e-03,  8.8911e-05, -3.4448e-04,
          5.1936e-05,  3.0511e-05, -7.0217e-04,  1.2795e-05,  9.7458e-05,
         -1.8384e-04, -8.0856e-04,  4.7996e-04, -2.1183e-04, -2.3171e-04,
          1.8997e-04, -5.5250e-14,  1.2299e-04,  1.3021e-01, -8.6064e-02,
         -8.0022e-05,  4.6671e-04,  6.2771e-04,  1.8116e-01, -8.2921e-02,
         -7.3738e-05, -1.5573e-03,  1.3522e-01, -1.7543e-04, -3.2986e-05,
         -7.8892e-05, -1.6213e-16,  1.3846e-09,  4.2108e-18,  5.5791e-06,
         -9.8081e-05, -2.0801e-05,  3.0528e-05,  6.9898e-06, -2.2354e-05,
         -1.2677e-04, -2.5752e-04, -1.0608e-03, -8.3156e-04, -5.6536e-03,
         -6.4620e-03,  3.2231e-02, -1.5388e-04],
        [-1.2959e-04,  1.9298e-05, -3.5738e-05, -6.2731e-05, -1.3553e-05,
         -2.5913e-04,  1.4080e-07, -5.3983e-14, -1.0545e-41, -2.6471e-42,
          1.0334e-04,  4.5523e-03, -1.9862e-02, -2.4236e-04,  9.0176e-05,
         -1.1181e-01, -1.4509e-04, -3.6737e-04, -8.3841e-04, -1.0836e-03,
          2.2243e-03, -7.6574e-03, -3.0734e-03, -9.6769e-05, -2.6259e-04,
          2.6044e-04, -1.2242e-04, -5.4059e-04, -7.0369e-05,  7.7065e-05,
         -4.1874e-04, -1.2850e-03,  2.2669e-04, -5.4629e-04,  1.5213e-04,
          8.4077e-05, -4.0832e-10,  3.3192e-04, -9.4976e-02,  1.1858e-02,
          1.5063e-04,  1.3778e-04, -3.7585e-04, -5.9305e-02, -8.3408e-02,
          2.6046e-05,  2.0346e-03, -8.1809e-02, -4.0924e-04, -8.5888e-05,
         -2.9490e-05, -7.9580e-42, -5.6795e-42, -8.1121e-42, -1.8483e-42,
         -3.0416e-04, -1.1617e-04, -4.3627e-06, -1.0852e-04, -3.0587e-04,
          3.4738e-06,  1.4199e-02,  3.9779e-02,  4.6633e-02, -2.2456e-01,
          1.0836e-01, -3.5197e-02,  1.1424e-04],
        [-2.0791e-04, -1.3572e-04, -1.6568e-04,  4.5002e-06,  3.8001e-05,
          8.6876e-05,  7.4476e-10, -6.5665e-42, -1.7306e-42,  2.2518e-13,
          1.0733e-04, -1.6490e-03, -1.4074e-03, -6.8611e-04, -9.3825e-04,
          3.1111e-02,  1.2011e-03, -1.0671e-03,  2.2719e-03, -8.6869e-04,
         -6.9137e-04, -2.2358e-03,  2.9763e-03, -6.9228e-05, -5.3739e-04,
          2.1453e-04, -1.0733e-04, -3.9879e-04,  8.5297e-05, -2.5611e-05,
         -7.9072e-04,  5.4856e-04,  3.1671e-04, -1.1236e-04,  2.1652e-04,
          5.4015e-04,  3.7743e-14,  4.0638e-04, -1.7346e-01, -1.8699e-01,
          1.0716e-03,  1.3512e-03,  1.5805e-03,  2.1796e-02,  8.5654e-03,
         -1.3618e-04, -3.1891e-03, -9.3570e-02,  1.2171e-03, -7.8509e-05,
          5.7266e-04, -8.1528e-42, -8.0781e-11,  1.1061e-10,  2.6681e-42,
         -4.6330e-04,  3.8550e-04,  3.5700e-04,  3.5459e-04,  4.2819e-04,
          1.6300e-04, -4.1109e-04,  6.1209e-05, -2.1118e-03,  4.2029e-03,
         -5.2348e-04, -2.4950e-02, -3.8479e-05],
        [-9.9080e-05,  5.9532e-05, -8.9597e-06,  1.9243e-05, -6.2276e-06,
          5.4015e-05, -1.0889e-41,  2.3994e-12, -3.2755e-17, -4.6847e-14,
         -8.6589e-06, -7.1662e-04, -1.6940e-02,  1.7002e-04,  1.7555e-04,
          1.8696e-01, -8.9730e-04,  6.6229e-04,  1.3893e-03,  3.4791e-04,
          1.3858e-03, -1.5727e-03,  1.1915e-03,  2.2573e-05,  6.0404e-04,
          4.0607e-05, -5.3256e-05,  1.8241e-04, -2.9948e-05,  9.9370e-05,
          2.8215e-04,  1.3902e-03, -5.5520e-06, -3.1882e-04,  9.4481e-05,
         -7.2484e-05,  6.1629e-42,  1.6799e-05, -7.4956e-02, -4.2882e-02,
         -4.0342e-04,  2.8651e-04, -4.9355e-04,  1.0867e-01,  1.3089e-01,
         -2.7865e-04,  1.0478e-04,  9.9050e-02,  4.7644e-05,  7.3795e-05,
         -3.5494e-04,  4.3750e-12,  1.0692e-42, -9.4740e-12, -4.2409e-07,
          9.5395e-05,  2.9093e-04,  1.9463e-06, -3.6054e-05,  7.8246e-05,
          2.9291e-06,  2.1680e-02, -4.3301e-03, -6.5713e-04,  1.3882e-01,
         -4.2784e-02,  3.3319e-02, -1.6167e-05],
        [ 2.0755e-04, -3.9303e-05,  1.2953e-04, -6.0372e-05, -3.1148e-05,
          7.4209e-05, -1.4521e-20, -2.9637e-22,  7.7898e-42,  7.0857e-13,
          5.5199e-05,  3.6841e-04, -5.2851e-03,  9.2488e-04, -1.1785e-03,
          8.9134e-03,  1.8807e-03,  1.3706e-03, -1.3194e-03,  1.1284e-04,
          1.9248e-04,  2.7605e-03,  1.3145e-03, -5.0592e-04, -9.6626e-04,
         -3.0929e-04,  2.1871e-05,  1.9506e-03, -1.6539e-05,  2.8700e-04,
          8.1992e-04,  1.8803e-04,  1.5006e-04,  2.0282e-04, -2.1833e-04,
          1.2453e-04, -3.2039e-14, -1.0351e-04, -2.1618e-01, -1.0411e-01,
         -7.8005e-04, -9.6602e-04, -1.2698e-03,  5.9273e-02,  4.8054e-02,
          1.6257e-05,  5.1671e-04, -7.5567e-02, -1.0421e-03, -1.2503e-04,
         -3.2112e-06,  2.6554e-15, -7.7632e-43,  1.5323e-25,  4.0522e-16,
         -6.2386e-05,  8.2528e-05,  1.3230e-04,  3.5546e-04,  1.3541e-04,
         -2.8543e-04,  1.8914e-03, -4.1334e-03,  2.4730e-03,  4.2498e-03,
          7.6815e-02, -1.8009e-02, -1.1955e-04],
        [ 1.7674e-04, -6.5066e-05,  9.9729e-05,  1.5881e-04, -8.3669e-06,
         -1.7459e-04, -1.7661e-20, -7.8711e-42, -3.5523e-42, -8.4836e-17,
         -1.4102e-04,  8.5250e-03, -1.9547e-02,  1.0219e-03,  2.0446e-04,
          7.6666e-03,  9.9566e-04, -2.0853e-04, -1.8560e-03, -3.0031e-03,
          2.6649e-03, -1.5742e-03, -2.3728e-03,  3.6188e-04, -6.6316e-04,
         -1.2049e-04,  2.3304e-04, -1.0423e-03, -7.6593e-06,  1.0920e-04,
         -3.0056e-04, -5.1776e-03, -5.6709e-04,  6.4081e-04,  2.4726e-04,
          1.1360e-04, -9.0103e-43,  5.3878e-05, -1.9316e-01, -4.7685e-02,
          1.9016e-04,  1.2227e-04,  1.7793e-03, -1.5572e-01, -5.9741e-02,
         -7.6934e-04, -4.3474e-03, -7.1565e-02, -4.3613e-04,  5.2859e-05,
          7.7904e-05,  7.3278e-10,  3.3757e-42,  3.3545e-14, -5.8041e-15,
          3.0874e-04, -2.2612e-04,  1.4392e-04,  4.1548e-04, -2.9004e-04,
         -1.1569e-06,  1.4829e-02, -6.6443e-03,  2.6649e-03,  1.8308e-02,
          9.6079e-02, -1.8014e-02, -7.3653e-05],
        [ 1.2846e-04, -9.7836e-05,  4.1945e-05,  3.8526e-05,  6.9977e-07,
          1.2897e-04, -1.5821e-42,  1.3621e-42,  4.5156e-18,  6.3510e-16,
         -4.0429e-05, -1.1206e-03,  3.4532e-03,  1.1109e-04,  3.8826e-05,
         -2.9827e-02, -3.4906e-04,  5.1245e-04, -1.6511e-04, -1.2215e-03,
          1.3369e-03,  1.6130e-03,  7.3498e-05,  1.9049e-05,  6.4008e-04,
          3.6150e-04, -1.3064e-04, -3.7925e-05, -5.2248e-05,  6.6413e-05,
          5.5266e-04, -7.9614e-05,  4.4717e-04, -2.1532e-04,  2.4387e-05,
          2.6817e-05, -2.1657e-32,  3.1749e-04,  1.1179e-01, -3.1502e-02,
          8.8383e-05,  5.2007e-05,  3.3894e-04,  1.0162e-01,  1.2547e-01,
          1.9653e-04, -8.8872e-04,  1.2712e-01,  2.2528e-04, -1.7742e-04,
          2.8174e-04,  4.0825e-06,  1.8227e-13, -4.0091e-42,  4.4127e-42,
          1.7363e-04,  9.0028e-05, -3.7323e-06, -7.1360e-05, -1.1993e-05,
          3.8625e-05,  2.1211e-03,  8.3626e-03, -3.9578e-03,  4.7992e-02,
         -3.1716e-02,  1.2310e-02, -3.1385e-04],
        [-2.1100e-05, -4.3108e-05, -1.4278e-05, -1.7262e-05, -2.5679e-06,
         -1.5464e-04,  3.3799e-42,  7.3038e-11, -5.8014e-43, -3.5691e-42,
         -8.5800e-06, -1.2657e-04,  8.9512e-02, -1.5995e-04, -9.4924e-05,
          6.7455e-03,  1.0068e-04,  7.0767e-04,  6.9215e-04, -2.6194e-03,
         -5.9775e-04,  1.1496e-02, -4.0178e-03, -3.3816e-05, -3.6629e-04,
          1.4514e-04,  3.6106e-05,  3.8264e-04,  1.8169e-05,  6.5194e-05,
         -5.2235e-05,  1.5760e-03,  1.3791e-05, -1.0417e-04, -9.1258e-05,
          1.6022e-05, -1.0636e-42, -1.2480e-04,  2.5429e-01, -1.8824e-02,
          2.4653e-04, -7.4340e-06, -2.0306e-04,  2.7732e-03,  2.3015e-01,
          9.5816e-05, -2.4089e-03,  1.6320e-01,  3.8024e-05,  1.1673e-04,
         -9.6318e-05,  8.5045e-42,  3.6252e-42,  4.7196e-42,  1.0849e-14,
         -3.2505e-05, -1.3289e-04,  1.3490e-05,  5.4902e-05, -4.1238e-05,
          2.9512e-06,  6.7610e-03,  9.9696e-04,  5.7860e-03,  8.7391e-02,
         -7.8564e-02,  1.7408e-02,  1.3947e-04]], device='cuda:0')), ('conv1.aggr.t', tensor([1.], device='cuda:0')), ('bn1.weight', tensor([0.7141, 0.8870, 0.7490, 0.9469, 0.7834, 0.7557, 0.8029, 0.9673],
       device='cuda:0')), ('bn1.bias', tensor([-0.0188,  0.1274,  0.0799,  0.1311,  0.1022,  0.0364,  0.0289,  0.0952],
       device='cuda:0')), ('bn1.running_mean', tensor([ 560.0309, -729.3628, -910.6989,  519.9935, -757.4107, -691.0663,
         411.0572,  876.2039], device='cuda:0')), ('bn1.running_var', tensor([1463737.0000, 1345179.2500, 1920411.2500, 2290046.2500, 1570541.0000,
        1145904.3750,  671143.6250, 2077619.5000], device='cuda:0')), ('bn1.num_batches_tracked', tensor(47024, device='cuda:0')), ('conv2.bias', tensor([-1.0604e-06, -2.6132e-06,  1.6018e-06,  1.2006e-06, -5.1453e-06,
        -4.5388e-06, -1.1632e-06,  2.8175e-06,  1.0160e-06, -6.5867e-07,
         4.9596e-06,  1.4440e-06,  1.2084e-06,  1.0097e-06, -2.4230e-07,
         1.5193e-06], device='cuda:0')), ('conv2.lin.weight', tensor([[ 0.0384,  0.1642, -0.2195,  0.2113, -0.1175, -0.1616,  0.2107,  0.4254],
        [-0.3159,  0.1918, -0.0111, -0.4025, -0.3779, -0.0350, -0.1663,  0.2260],
        [ 0.1855,  0.3024, -0.1595, -0.2383,  0.1210,  0.2304, -0.2374,  0.3564],
        [ 0.1866, -0.2862,  0.2073, -0.0952,  0.0326,  0.1775,  0.1497, -0.4974],
        [ 0.0616,  0.0802, -0.1096, -0.2165, -0.1435,  0.0841, -0.3420,  0.2034],
        [ 0.1165, -0.0143, -0.1387,  0.1158,  0.1178,  0.1289,  0.1003, -0.2171],
        [ 0.3322,  0.1748,  0.3310,  0.1582,  0.3316,  0.0652, -0.0323, -0.2675],
        [ 0.1044, -0.3156, -0.1612,  0.4099, -0.2827, -0.0715,  0.1690,  0.0458],
        [ 0.0698, -0.2906,  0.0217,  0.1689,  0.2508, -0.2574,  0.1811,  0.1303],
        [-0.1165,  0.0812,  0.0174, -0.1312, -0.1037, -0.2574, -0.1007,  0.0711],
        [-0.0846, -0.1984, -0.0161,  0.0361, -0.0456,  0.0022, -0.0334,  0.3282],
        [ 0.3018, -0.1347,  0.1956,  0.3379, -0.0880, -0.1443,  0.1847, -0.1595],
        [ 0.1639,  0.0889, -0.0063,  0.3938, -0.0922,  0.2058,  0.2562,  0.2647],
        [-0.1495,  0.2436,  0.0614, -0.1011, -0.0061, -0.1650,  0.2812,  0.4196],
        [ 0.2739,  0.1515, -0.0162, -0.4367,  0.1564,  0.0102, -0.2821, -0.2891],
        [-0.2984,  0.2675, -0.1137, -0.2534, -0.1692,  0.0072, -0.2349,  0.2933]],
       device='cuda:0')), ('conv2.aggr.t', tensor([1.], device='cuda:0')), ('bn2.weight', tensor([0.7808, 0.8039, 0.7001, 0.7594, 0.7430, 0.7187, 0.7400, 0.7491, 0.8266,
        0.8650, 0.7388, 0.9162, 0.7520, 0.6977, 0.7903, 0.7805],
       device='cuda:0')), ('bn2.bias', tensor([ 0.5615, -0.4356,  0.2953,  0.3377, -0.1556, -0.1957, -0.1843, -0.4510,
        -0.2815,  0.0592,  0.0913,  0.1670, -0.3992, -0.3496, -0.3901,  0.0523],
       device='cuda:0')), ('bn2.running_mean', tensor([ 0.2205, -0.2432,  0.2038, -0.1185, -0.1104,  0.0404,  0.3247, -0.0534,
         0.0862, -0.1458,  0.0115,  0.1246,  0.4142,  0.2421, -0.1681, -0.1047],
       device='cuda:0')), ('bn2.running_var', tensor([0.4073, 0.3190, 0.1734, 0.2110, 0.1152, 0.0543, 0.1914, 0.3611, 0.1718,
        0.0470, 0.1117, 0.2515, 0.4192, 0.2623, 0.3789, 0.2202],
       device='cuda:0')), ('bn2.num_batches_tracked', tensor(47024, device='cuda:0')), ('conv3.bias', tensor([ 2.3874e-06,  2.7365e-06,  2.4448e-06, -4.6440e-07, -1.3476e-06,
        -7.9156e-07,  1.4205e-06, -1.6397e-06, -9.2699e-07, -1.1458e-06,
         1.0427e-06, -1.3857e-07, -3.1962e-06, -1.0900e-06, -1.7557e-06,
        -6.8456e-07, -1.3174e-06, -1.5991e-06,  2.2819e-06, -1.7896e-06,
         6.5667e-07,  3.7838e-07,  1.4880e-07, -1.1710e-06, -4.6537e-07,
         1.6101e-06,  2.6995e-06,  1.2927e-06,  1.6830e-06,  1.6774e-06,
         2.8366e-06,  2.0731e-07], device='cuda:0')), ('conv3.lin.weight', tensor([[ 0.1469, -0.1484,  0.0904, -0.0721, -0.0953, -0.1134, -0.0342, -0.2825,
         -0.0259, -0.1037, -0.1872,  0.0655, -0.1709, -0.0872, -0.2415,  0.0733],
        [ 0.1680, -0.0346,  0.0488,  0.1920, -0.1579, -0.0517,  0.0891, -0.0455,
         -0.2333,  0.3093,  0.0179, -0.0605,  0.1272,  0.0801, -0.1243, -0.2042],
        [-0.0606, -0.1336,  0.1952, -0.0786,  0.0134,  0.2311, -0.1485, -0.0525,
          0.1817,  0.1647, -0.2013, -0.0829, -0.1030,  0.1242, -0.0399, -0.2165],
        [-0.1528, -0.0894,  0.0543, -0.2089,  0.0705, -0.1219, -0.0231,  0.0072,
          0.0337, -0.0859, -0.1365, -0.1234, -0.1369,  0.1269, -0.1044, -0.1540],
        [-0.0579,  0.2098,  0.0319, -0.2007,  0.1437,  0.2267, -0.0950,  0.1236,
          0.1674,  0.1000, -0.3397, -0.1543,  0.1083, -0.0993, -0.1687, -0.1860],
        [ 0.0332, -0.2114,  0.2716, -0.1626, -0.1667,  0.0441, -0.1238, -0.0733,
         -0.0108,  0.2051, -0.3202,  0.0307, -0.1484, -0.0393, -0.2228, -0.0560],
        [ 0.2191, -0.1622,  0.0479,  0.1407, -0.0816, -0.0366,  0.0532, -0.0014,
          0.1721,  0.0704, -0.0371, -0.2891, -0.2698, -0.1351, -0.2201, -0.0034],
        [ 0.0361,  0.1001,  0.0485,  0.1087,  0.1406,  0.0648,  0.0154,  0.0033,
         -0.1494, -0.1065,  0.0829, -0.1155,  0.1436,  0.0695,  0.0305, -0.1492],
        [ 0.2546, -0.0472,  0.0148,  0.1220,  0.0430, -0.1765,  0.0191, -0.1085,
          0.0554, -0.2743, -0.0093,  0.0037, -0.1540, -0.0675,  0.0763,  0.2061],
        [ 0.1317,  0.1505, -0.1201, -0.1496, -0.0382,  0.1287, -0.0606, -0.1444,
          0.1531,  0.1363,  0.1349,  0.1982, -0.0818, -0.2218,  0.2392,  0.0172],
        [ 0.2359,  0.2761, -0.0622,  0.1284,  0.1048, -0.0354,  0.1675, -0.0006,
         -0.1267, -0.0439, -0.0049,  0.0297,  0.1591, -0.0618,  0.0517, -0.1568],
        [-0.0333,  0.0738,  0.1620, -0.1328, -0.2051,  0.1776, -0.1450,  0.1058,
          0.0815, -0.2077, -0.0153, -0.0753, -0.2217, -0.1058,  0.0814,  0.1638],
        [ 0.0429,  0.1861, -0.0137,  0.0880, -0.0253, -0.1337, -0.1773, -0.2648,
          0.0518, -0.1832,  0.0011,  0.0793, -0.1336, -0.1760, -0.2474, -0.1231],
        [-0.2198, -0.0180, -0.2487, -0.1995,  0.0272, -0.0714,  0.1433, -0.0932,
          0.1900, -0.1050, -0.0639, -0.0688,  0.2023,  0.1187,  0.1654,  0.1494],
        [ 0.1819, -0.1783,  0.1315,  0.1582, -0.0176, -0.0759, -0.2213, -0.2347,
         -0.0754,  0.0188,  0.1485,  0.1845, -0.0875, -0.1715,  0.0063, -0.0520],
        [ 0.0603,  0.1402,  0.1594,  0.0093, -0.2039,  0.1578, -0.1859, -0.0169,
         -0.1831, -0.0890,  0.0213,  0.0250,  0.0980, -0.1752, -0.0555,  0.0312],
        [ 0.1697, -0.0389,  0.1292,  0.0504, -0.1943, -0.1342,  0.1259, -0.1667,
          0.2168,  0.2359, -0.0713, -0.2082,  0.1513, -0.1747,  0.0291, -0.2165],
        [ 0.1834, -0.1065,  0.1030,  0.1342, -0.0374,  0.1230,  0.1604, -0.0085,
         -0.0479,  0.2248,  0.0769, -0.0326, -0.0059,  0.0142, -0.0139,  0.1664],
        [ 0.0258,  0.1026, -0.0353,  0.1843, -0.0569, -0.1815,  0.1677, -0.1529,
         -0.1642, -0.0995,  0.2164,  0.1830, -0.1001,  0.0774, -0.1903,  0.0873],
        [ 0.1627, -0.2259,  0.0681, -0.0152,  0.2282,  0.1273, -0.0935, -0.3036,
         -0.0839, -0.0092, -0.0850,  0.1704, -0.2361,  0.0284, -0.3069, -0.0545],
        [-0.0489, -0.1367, -0.1279, -0.1398,  0.1101,  0.1149,  0.0123, -0.1006,
          0.2456, -0.1077,  0.0770, -0.0487,  0.0580, -0.1135,  0.2165,  0.2029],
        [-0.0474,  0.1140,  0.0187, -0.1086, -0.0867,  0.0642, -0.0420,  0.0492,
         -0.0035,  0.1142,  0.0518,  0.0230,  0.0287,  0.1537,  0.1558, -0.2035],
        [-0.0421, -0.3145,  0.0725,  0.1328, -0.1587, -0.1229, -0.0587,  0.0781,
         -0.1789,  0.1102, -0.0806, -0.1378,  0.2160, -0.0843, -0.0097,  0.1925],
        [-0.1651,  0.2172,  0.0864,  0.0742, -0.0492,  0.2432,  0.0315, -0.1399,
          0.0978, -0.0727,  0.0807,  0.0423,  0.0695,  0.1853, -0.0082,  0.0485],
        [-0.2463, -0.1330, -0.0872, -0.0138,  0.1018,  0.1073, -0.1108, -0.1853,
          0.0182,  0.0266,  0.1099, -0.1182, -0.0928,  0.1247, -0.1910, -0.1993],
        [ 0.2106, -0.1578, -0.1189,  0.1446,  0.3278, -0.0053, -0.0181, -0.3448,
          0.0240,  0.0190,  0.2036, -0.0024, -0.0620, -0.0950, -0.1380, -0.1843],
        [-0.1382, -0.0946, -0.0263, -0.1045,  0.0746, -0.1521,  0.0856,  0.0406,
         -0.2391,  0.1067, -0.0036,  0.1083, -0.0065,  0.0848, -0.0896, -0.0892],
        [ 0.0414, -0.0347,  0.1839,  0.1423, -0.1743, -0.0788, -0.0921,  0.1314,
         -0.2997,  0.0791,  0.0617, -0.1772,  0.0763,  0.0537, -0.1255, -0.2129],
        [ 0.0659,  0.0861,  0.1493,  0.1276, -0.0856, -0.0056, -0.1890,  0.0214,
          0.0217,  0.0473,  0.0455,  0.1477, -0.1161, -0.1375,  0.1003, -0.0639],
        [-0.1486,  0.2555,  0.1223,  0.0030, -0.0744,  0.0748,  0.1138,  0.1916,
          0.1031, -0.0581, -0.0443,  0.0157, -0.0394,  0.1839,  0.1304, -0.0949],
        [ 0.0166,  0.2204, -0.1360, -0.1762,  0.0924,  0.1449,  0.0023, -0.2535,
          0.1265, -0.1802,  0.0630, -0.1311,  0.1521, -0.1445, -0.0891, -0.0579],
        [ 0.3053, -0.2063,  0.2367, -0.0147, -0.2587,  0.0838, -0.1087, -0.0451,
         -0.1950,  0.0801,  0.0782,  0.1200, -0.2181, -0.1829,  0.0739,  0.1131]],
       device='cuda:0')), ('bn3.weight', tensor([1., 1., 1., 1., 1., 1., 1., 1., 1., 1., 1., 1., 1., 1., 1., 1., 1., 1.,
        1., 1., 1., 1., 1., 1., 1., 1., 1., 1., 1., 1., 1., 1.],
       device='cuda:0')), ('bn3.bias', tensor([0., 0., 0., 0., 0., 0., 0., 0., 0., 0., 0., 0., 0., 0., 0., 0., 0., 0., 0., 0., 0., 0., 0., 0.,
        0., 0., 0., 0., 0., 0., 0., 0.], device='cuda:0')), ('bn3.running_mean', tensor([0., 0., 0., 0., 0., 0., 0., 0., 0., 0., 0., 0., 0., 0., 0., 0., 0., 0., 0., 0., 0., 0., 0., 0.,
        0., 0., 0., 0., 0., 0., 0., 0.], device='cuda:0')), ('bn3.running_var', tensor([1., 1., 1., 1., 1., 1., 1., 1., 1., 1., 1., 1., 1., 1., 1., 1., 1., 1.,
        1., 1., 1., 1., 1., 1., 1., 1., 1., 1., 1., 1., 1., 1.],
       device='cuda:0')), ('bn3.num_batches_tracked', tensor(0, device='cuda:0'))])