OrderedDict([('conv1.bias', tensor([ 3.0263e-07,  3.3368e-06, -5.8136e-07, -4.0632e-07, -3.0990e-06,
        -7.0300e-06, -2.8787e-07,  1.5674e-06], device='cuda:0')), ('conv1.lin.weight', tensor([[-1.2495e-04,  1.4758e-04, -3.2258e-05,  6.5569e-05,  1.5531e-05,
          3.5051e-04,  2.5616e-42, -3.0885e-42, -1.5638e-42, -7.1046e-43,
          2.3010e-04,  5.0858e-03,  7.5069e-03,  6.6347e-04,  6.2456e-04,
         -1.1341e-02,  3.1056e-03,  3.5027e-04,  1.9919e-03,  1.9588e-03,
          3.3301e-03,  3.3489e-03,  1.6345e-03,  1.3721e-04,  2.4601e-04,
         -1.0257e-05,  2.7289e-04,  6.5304e-04, -1.7507e-04, -1.0257e-05,
          4.2146e-04, -1.7733e-03,  8.1005e-05, -3.1918e-04, -2.8407e-04,
         -2.6291e-04,  5.1002e-11,  8.9867e-05,  4.2702e-02,  3.6280e-02,
          1.5734e-04,  1.4792e-03,  1.2138e-03, -8.5869e-03, -3.0142e-03,
         -9.8780e-05,  4.6254e-03, -1.6351e-02,  5.1019e-04,  1.7561e-04,
          2.6965e-04,  6.4306e-42, -4.8205e-43,  1.1831e-19,  4.2361e-42,
          1.7029e-04,  1.9912e-04, -1.2495e-04,  1.3644e-04,  1.3644e-04,
         -1.7586e-04, -2.1796e-03,  4.7597e-03,  5.3207e-03,  7.7228e-03,
          1.0224e-02,  2.7660e-02,  1.3502e-04],
        [ 2.2592e-04,  6.3588e-05, -4.6616e-04, -2.0595e-04, -2.1579e-05,
         -1.6127e-03,  7.4969e-43, -8.3447e-42, -4.1212e-42,  1.4300e-21,
          3.4270e-04, -1.6752e-02, -6.2051e-02, -3.7639e-03, -3.0016e-03,
          5.6036e-02, -1.4153e-02, -1.1807e-02, -2.5291e-02, -3.6681e-02,
         -7.4897e-03, -2.1174e-02, -1.8459e-02, -1.8610e-04, -2.0990e-03,
         -8.0654e-04,  9.5013e-04, -3.4167e-03, -4.7746e-05, -8.0654e-04,
         -2.8391e-03, -3.0579e-02, -1.6862e-03,  2.5250e-03, -7.8823e-04,
         -9.8856e-04,  1.5896e-08, -4.0713e-03,  1.1368e-02, -9.9965e-03,
          7.2617e-04, -4.9240e-03, -4.2748e-03,  8.0610e-04, -7.1384e-03,
         -8.4572e-04, -1.8441e-02,  5.4472e-03, -2.7125e-03, -9.1136e-04,
         -1.1885e-03,  8.7222e-24, -4.0568e-42,  1.5771e-11,  2.6265e-41,
         -9.8062e-04, -8.0283e-04,  2.2592e-04, -5.9415e-04, -5.9415e-04,
         -6.7623e-05, -1.0304e-01, -3.0850e-02, -2.9567e-02, -5.8408e-02,
         -1.2223e-01, -1.4954e-02, -2.7269e-04],
        [-7.6413e-05, -4.3102e-05,  8.1526e-04, -7.7428e-04,  1.2413e-04,
         -1.4685e-03, -2.3079e-42,  4.2980e-09, -5.5015e-42, -5.6915e-19,
          9.0436e-05, -5.8271e-02, -3.9828e-02, -1.1683e-03, -2.9629e-03,
          7.7663e-02, -2.3916e-02,  2.2990e-03, -1.6433e-02, -6.8379e-03,
         -8.5179e-03, -1.1964e-02, -3.4852e-03, -3.2811e-04, -1.9425e-04,
         -7.4925e-04, -1.4821e-03, -4.3990e-03, -1.0377e-04, -7.4925e-04,
         -1.9007e-03,  3.6023e-02,  1.9819e-03, -6.8217e-05, -9.8253e-05,
         -1.9765e-04,  7.0679e-15,  4.3699e-04,  4.4049e-02, -3.5029e-02,
         -5.7959e-04, -5.8297e-03, -1.3461e-03,  2.2708e-02, -1.8236e-01,
         -2.2665e-03, -1.8910e-02,  1.1101e-01, -4.6785e-03, -8.7064e-05,
         -1.1570e-03,  1.4153e-42,  6.0844e-42, -7.2833e-06, -3.2804e-42,
         -5.5128e-05, -8.2798e-04, -7.6413e-05, -3.3796e-04, -3.3796e-04,
         -4.3799e-04,  5.8330e-02, -2.9163e-02, -1.1949e-02, -3.1920e-02,
         -5.3257e-02, -4.1766e-02, -5.7735e-05],
        [ 1.5860e-04, -1.6301e-04,  5.2226e-04, -3.8611e-04,  1.0815e-05,
         -1.0795e-03,  3.0001e-08, -2.9739e-17, -4.6775e-42,  2.9245e-42,
          2.3011e-04, -2.6621e-02, -2.0804e-02, -8.8123e-04, -1.9804e-03,
         -8.9319e-02, -1.2484e-02, -7.1200e-04, -6.9358e-03, -6.1210e-03,
         -7.3169e-03, -7.3178e-03, -6.2401e-03, -3.8245e-04, -4.4878e-04,
         -5.7733e-04, -1.0379e-03, -2.8332e-03,  6.9905e-05, -5.7733e-04,
         -1.3179e-03, -2.2219e-03,  1.2822e-03,  9.3577e-05, -2.9075e-04,
         -3.2578e-04, -1.3367e-23,  1.1548e-04, -8.0392e-02, -1.2055e-02,
         -1.5985e-04, -3.4694e-03, -1.2447e-03, -1.3377e-02, -1.5891e-02,
         -1.2111e-03, -1.2888e-02, -1.9359e-02, -2.4790e-03, -2.0151e-04,
         -8.9172e-04, -1.0991e-06,  5.4130e-15,  2.0459e-42,  2.4767e-11,
         -1.8032e-04, -6.7988e-04,  1.5860e-04, -5.3007e-04, -5.3007e-04,
         -2.6970e-04, -2.9270e-03, -1.8881e-02, -1.6691e-02, -2.1821e-02,
         -4.1665e-02,  2.3748e-02, -2.4744e-04],
        [ 9.5755e-05,  1.2173e-04, -8.7558e-05, -1.2211e-04, -3.1245e-05,
         -4.1054e-04,  7.9195e-17, -8.7315e-42,  3.7499e-42, -4.9371e-13,
         -1.5436e-05, -3.1102e-03, -1.2041e-03, -5.7184e-04, -6.7414e-04,
          3.1047e-02, -1.8079e-03,  1.0253e-04, -1.2780e-03, -1.1257e-03,
          1.0201e-03,  1.1026e-03, -1.1779e-03,  2.0664e-05,  2.7469e-04,
         -1.2645e-04,  3.8703e-05, -7.0959e-04,  1.5003e-05, -1.2645e-04,
         -3.9066e-04,  2.4004e-03,  2.5802e-04,  5.4309e-05, -9.2139e-05,
         -1.0543e-04, -4.6372e-10, -4.3287e-04,  8.5278e-02,  1.3527e-02,
          3.2906e-04, -9.7324e-04, -3.6763e-04,  7.2722e-03,  5.4142e-03,
         -3.1242e-04, -9.1933e-04,  2.6501e-02, -7.1951e-04,  7.1812e-06,
         -3.4803e-04,  6.6750e-30, -7.7625e-14, -4.3894e-33,  1.7516e-43,
         -5.7251e-05, -2.9360e-04,  9.5757e-05, -8.5582e-05, -8.5585e-05,
          1.2209e-05,  2.7207e-03, -1.6572e-03, -1.3184e-03, -1.3029e-03,
         -3.1608e-03, -2.4456e-02,  1.9447e-05],
        [-2.0399e-04,  1.0057e-04,  1.0494e-04,  1.1270e-04, -5.2645e-06,
         -1.2717e-04, -3.0173e-14,  3.7835e-42,  4.2187e-14, -4.2802e-14,
          4.0000e-05, -6.1840e-03, -7.5698e-03, -1.0496e-03, -4.2425e-04,
         -7.2065e-02, -3.3286e-03, -5.8110e-04, -2.8946e-03, -2.7859e-03,
         -3.1084e-03, -2.8847e-03, -2.5986e-03,  1.0923e-04, -1.3381e-04,
         -1.2299e-04, -3.3973e-05, -8.1961e-04, -7.1566e-05, -1.2293e-04,
         -8.9816e-04,  4.4230e-04, -5.1317e-04,  2.4710e-04, -1.7516e-04,
         -2.4606e-04, -4.7281e-11, -6.1333e-04, -5.4846e-02,  3.0503e-02,
         -3.9778e-04, -1.6543e-03, -1.3037e-03,  4.4205e-02,  3.2930e-02,
         -1.6494e-04, -4.9218e-03,  1.5678e-01, -6.7947e-04, -5.0846e-05,
         -7.7392e-05,  1.7902e-41, -1.8484e-18,  2.5221e-09, -6.2862e-06,
          6.6491e-06,  6.5327e-06, -2.0400e-04,  3.4362e-06,  3.4228e-06,
         -2.4147e-04,  4.7884e-04, -6.8796e-03, -6.2909e-03, -8.4627e-03,
         -2.1451e-02, -6.4912e-02,  3.3496e-05],
        [ 1.8793e-05, -6.3498e-05,  2.3219e-05,  2.1156e-05, -3.5586e-05,
         -1.1725e-04,  4.7017e-25, -8.6294e-35,  6.8790e-42,  1.7123e-06,
         -6.9510e-05, -5.6603e-04, -2.7145e-03,  4.4749e-05, -1.9105e-04,
         -1.5367e-01,  2.5119e-04, -1.2649e-03, -1.2751e-03, -1.3754e-03,
         -4.2338e-04, -2.2117e-04, -1.3161e-03, -1.1328e-04, -4.7437e-04,
         -7.8633e-05, -1.0003e-05, -1.7565e-04, -5.1203e-05, -7.8642e-05,
         -1.6109e-04, -5.6727e-03, -1.4630e-04,  1.8169e-04, -7.7705e-05,
         -9.3508e-05,  7.8271e-22, -7.7072e-05,  1.1789e-01,  1.2794e-01,
          9.5152e-05,  2.3358e-04,  2.5359e-04, -3.8873e-02, -1.0936e-02,
         -7.7915e-05, -9.1117e-04, -1.0984e-01,  5.7745e-05, -1.3443e-04,
         -1.1231e-04,  9.8811e-06,  1.0540e-06,  1.9898e-43,  7.3134e-24,
         -1.2178e-04, -8.3592e-05,  1.8793e-05, -9.2876e-05, -9.2875e-05,
         -5.3998e-05, -7.7423e-03, -2.8173e-03, -2.9592e-03, -2.9847e-03,
         -5.1134e-03,  7.7249e-02, -9.1568e-05],
        [ 1.1469e-04,  2.1179e-05,  5.6017e-06, -5.2900e-05, -3.6425e-06,
         -2.0031e-04, -3.7419e-35, -6.6176e-26, -5.8476e-42, -2.7977e-10,
         -8.1231e-04, -5.1445e-03, -6.4413e-03, -5.9005e-04, -5.5503e-04,
         -4.5498e-03, -2.2571e-03, -1.0646e-03, -2.5838e-03, -2.5596e-03,
         -1.7140e-03, -1.5079e-03, -2.3738e-03, -7.9061e-05, -2.4486e-04,
         -1.8013e-04,  1.0965e-04, -6.5125e-04,  5.9440e-06, -1.8013e-04,
         -5.0844e-04, -2.5710e-04, -3.0739e-04,  1.9054e-04, -1.4778e-04,
         -1.3992e-04, -8.7007e-42, -4.9877e-04, -3.3322e-03, -1.0140e-02,
         -2.5627e-05, -1.0663e-03, -7.5122e-04, -1.1419e-03, -1.0774e-02,
         -1.0418e-04, -3.5582e-03, -3.6555e-03, -3.5705e-04, -2.1707e-04,
         -1.2891e-04, -3.0829e-42, -6.0321e-12, -1.9049e-27,  2.2869e-42,
         -1.5537e-04, -8.4134e-05,  1.1469e-04, -1.7699e-04, -1.7699e-04,
         -8.9731e-06, -2.2599e-04, -5.8284e-03, -5.8015e-03, -6.8997e-03,
         -1.3317e-02,  1.1071e-02, -2.7754e-05]], device='cuda:0')), ('conv1.aggr.t', tensor([1.], device='cuda:0')), ('bn1.weight', tensor([0.6532, 0.6594, 0.6127, 0.6538, 0.5138, 0.7910, 0.5500, 0.4981],
       device='cuda:0')), ('bn1.bias', tensor([-0.0505, -0.0913, -0.0966, -0.0318, -0.0645,  0.0072, -0.1346, -0.0606],
       device='cuda:0')), ('bn1.running_mean', tensor([ 317.9219,  -82.6791,  -95.2806, -247.0084,  116.7555, -426.9700,
         590.5425,   25.3475], device='cuda:0')), ('bn1.running_var', tensor([ 8539.8418,   141.2424,   188.8147,  4890.2993, 22267.2324, 76130.9375,
        68479.4766,  3695.5967], device='cuda:0')), ('bn1.num_batches_tracked', tensor(47024, device='cuda:0')), ('conv2.bias', tensor([-8.2896e-06,  2.7982e-06,  5.3268e-06, -1.5090e-06,  2.5402e-06,
        -4.8198e-06,  1.3018e-05,  2.7311e-06, -3.2357e-06, -2.1602e-06,
        -2.4233e-06, -1.1358e-05,  4.2217e-06, -8.5339e-06, -4.2488e-06,
        -1.2039e-05], device='cuda:0')), ('conv2.lin.weight', tensor([[-0.1428, -0.0169,  0.0639, -0.1888, -0.0143,  0.0602, -0.0646,  0.0811],
        [ 0.1421,  0.1966, -0.1579,  0.0058, -0.0396, -0.0791, -0.0273, -0.0597],
        [ 0.2239,  0.1300, -0.1756,  0.0677,  0.1667,  0.2269, -0.1289,  0.0478],
        [-0.0988,  0.0335,  0.1167, -0.0509, -0.1377,  0.0665,  0.0052, -0.0221],
        [-0.0568, -0.1715, -0.1423, -0.1597, -0.0229,  0.2459,  0.1778,  0.0212],
        [ 0.0120, -0.2165, -0.0329, -0.2266, -0.1689,  0.0327, -0.1150, -0.0677],
        [-0.0345,  0.0656, -0.1351,  0.0500,  0.0387,  0.1992, -0.1079,  0.1007],
        [ 0.1058, -0.1748,  0.0846, -0.0060,  0.1149,  0.2181, -0.0884, -0.0771],
        [-0.1915, -0.0090, -0.0650, -0.1846,  0.0980,  0.1827, -0.0857, -0.0306],
        [-0.0201,  0.0714, -0.0262,  0.0621, -0.2233, -0.1155,  0.2901,  0.0605],
        [-0.0946,  0.0924, -0.1052, -0.2152,  0.1050,  0.1350,  0.0202, -0.0373],
        [-0.2746, -0.1637, -0.1989,  0.0996, -0.0612, -0.2642, -0.0081, -0.0921],
        [ 0.2006,  0.0238,  0.1901,  0.1293,  0.1718, -0.1160,  0.0205,  0.0587],
        [-0.1008, -0.1516,  0.0034,  0.1935, -0.1144, -0.1154, -0.1082,  0.0599],
        [-0.1384, -0.0842, -0.0676, -0.1432, -0.0699, -0.2940,  0.0394,  0.2391],
        [ 0.0719, -0.1979,  0.0040, -0.1241, -0.1087,  0.0405,  0.0189, -0.1838]],
       device='cuda:0')), ('conv2.aggr.t', tensor([1.], device='cuda:0')), ('bn2.weight', tensor([0.5845, 0.6341, 0.5961, 0.5606, 0.6155, 0.6203, 0.6224, 0.7049, 0.6936,
        0.5960, 0.5577, 0.5716, 0.5558, 0.5610, 0.5792, 0.5978],
       device='cuda:0')), ('bn2.bias', tensor([ 0.2949, -0.2354,  0.3876,  0.0180,  0.3118, -0.1967, -0.3759, -0.6470,
        -0.6260, -0.4317,  0.2382, -0.1127, -0.2174,  0.3109, -0.3567,  0.1663],
       device='cuda:0')), ('bn2.running_mean', tensor([-0.0505, -0.0037,  0.1501, -0.0188,  0.0078, -0.1431,  0.0618,  0.0665,
        -0.0448,  0.0034, -0.0139, -0.2117,  0.1190, -0.0698, -0.1440, -0.0806],
       device='cuda:0')), ('bn2.running_var', tensor([0.0104, 0.0090, 0.0222, 0.0057, 0.0360, 0.0150, 0.0132, 0.0181, 0.0294,
        0.0143, 0.0251, 0.0285, 0.0178, 0.0223, 0.0390, 0.0116],
       device='cuda:0')), ('bn2.num_batches_tracked', tensor(47024, device='cuda:0')), ('conv3.bias', tensor([ 3.0530e-06,  3.2671e-06, -5.9604e-07, -2.3703e-06,  3.1601e-06,
         9.8126e-07, -3.0093e-06,  4.4413e-06, -8.4964e-07, -1.1109e-06,
        -2.9722e-06, -7.7510e-07,  1.8694e-06,  1.9302e-06, -4.0057e-06,
        -7.8656e-07, -3.0244e-07,  1.5069e-08, -3.2699e-07, -1.7543e-06,
        -7.6343e-07,  2.0055e-06,  6.4898e-07, -2.2561e-06, -2.8174e-06,
         1.2857e-06, -6.7339e-07, -2.6403e-07,  1.7282e-06, -1.3355e-06,
         3.9544e-07, -3.6211e-06], device='cuda:0')), ('conv3.lin.weight', tensor([[ 1.0841e-01, -3.2059e-02, -3.0360e-02, -7.2557e-02, -7.7724e-02,
          4.0493e-02,  9.2325e-02,  3.9768e-02, -7.2905e-02,  1.0275e-01,
          5.7217e-03, -1.0611e-01,  2.3064e-02, -1.6129e-01,  9.7540e-02,
         -5.4028e-02],
        [ 1.0597e-01,  1.1453e-01,  1.1461e-01,  1.3928e-01,  7.8833e-03,
         -1.0204e-01, -3.3722e-02, -5.4507e-02,  4.7308e-02,  1.0891e-01,
          4.7725e-02, -7.2821e-02,  7.9493e-02, -1.7361e-02, -4.4827e-02,
          2.8639e-02],
        [-3.9460e-02,  8.9384e-02, -1.5091e-01, -6.5796e-02, -5.8668e-02,
          8.2577e-02,  1.7659e-01,  5.4254e-02,  2.8997e-01,  1.6170e-01,
         -1.3530e-01, -2.7642e-02,  5.2832e-02,  2.0317e-02,  1.3383e-01,
         -3.7796e-02],
        [ 6.3417e-02, -5.8406e-02, -3.0360e-02,  2.8346e-02,  4.0227e-03,
         -1.7617e-02, -7.7653e-02, -4.4431e-02, -1.3721e-01,  2.6263e-02,
         -1.0453e-01, -1.1954e-01, -6.2865e-02,  3.6021e-02, -5.0644e-02,
         -2.8097e-02],
        [ 1.6114e-01, -7.3120e-03,  1.3290e-01, -7.2328e-02,  1.5158e-01,
         -3.8331e-02, -1.2916e-01, -2.4419e-01, -2.1985e-01, -1.0029e-01,
          1.0343e-01,  5.7336e-02, -4.8702e-02,  1.4710e-01, -1.5855e-01,
          1.0083e-01],
        [ 9.3998e-02,  8.3224e-02, -1.2980e-01, -1.5445e-01,  8.4414e-02,
         -5.1239e-02,  1.3726e-01,  2.7251e-02,  1.1519e-01,  6.6902e-02,
         -1.3600e-01,  7.2950e-02,  2.1452e-02, -1.2632e-01,  1.3650e-01,
          1.4111e-02],
        [-8.5066e-02,  1.0960e-02, -8.4315e-02, -8.1663e-02, -9.9017e-02,
          1.1093e-02, -6.4185e-02,  1.5688e-01,  1.4865e-01, -5.6036e-02,
          1.2500e-02,  1.1139e-01,  6.6569e-02, -4.1876e-02,  9.5979e-02,
         -4.5078e-02],
        [ 1.4913e-02,  1.1826e-01,  3.0857e-02, -3.8152e-02,  1.2730e-01,
         -1.1442e-02,  1.0364e-02,  1.5517e-01,  3.2400e-02,  8.2240e-02,
         -6.9869e-02, -4.0565e-02,  4.8528e-02, -2.1251e-02,  3.1128e-02,
          1.9316e-02],
        [ 1.1961e-01, -1.1519e-01,  6.8572e-02, -5.3614e-02, -1.0343e-01,
         -1.3644e-02,  1.0312e-01,  3.3908e-02, -7.6926e-03, -2.4976e-02,
         -3.5366e-03,  9.4958e-02, -1.9823e-02,  2.8755e-02,  1.4761e-02,
          2.0795e-02],
        [-7.9133e-03, -1.1189e-01, -6.7993e-03,  4.3095e-02,  7.8573e-02,
         -8.1668e-02,  8.6980e-02, -1.0689e-01,  3.1052e-03,  6.5262e-02,
         -7.1105e-02, -8.4340e-02,  1.2547e-01, -2.8017e-03, -2.6733e-02,
          3.4141e-03],
        [ 1.0222e-01,  2.3485e-02,  3.2610e-03, -1.0027e-01, -8.7143e-02,
         -3.0724e-02, -4.0710e-03, -7.2927e-02,  2.0169e-02, -1.3912e-01,
          1.1857e-01, -5.9431e-02, -6.4143e-02,  6.1828e-02,  3.6182e-02,
         -7.0403e-02],
        [-9.8236e-02,  4.5562e-02,  1.4774e-01, -5.0929e-02,  8.8019e-02,
         -5.6719e-03, -5.0180e-02, -1.6152e-01,  4.8520e-02,  3.2460e-02,
          1.4349e-01,  1.0042e-01, -1.8046e-01,  7.8870e-02, -5.1383e-02,
         -5.9344e-02],
        [-4.9068e-02, -7.2977e-03,  8.9998e-02, -6.8491e-02, -1.8730e-01,
          5.5796e-02,  2.0120e-02,  1.0389e-01,  8.7521e-02,  1.0431e-01,
         -4.1441e-03,  2.3405e-02,  9.4429e-02, -2.1057e-02, -2.2885e-02,
         -1.7118e-02],
        [ 9.4324e-02,  5.6752e-02, -4.1716e-02,  9.0806e-02, -8.6763e-02,
         -1.2362e-01,  5.3161e-03, -1.7216e-01, -5.9853e-02, -1.6818e-01,
          5.0782e-03, -3.2673e-02,  2.1700e-02,  3.5875e-02, -9.1716e-02,
          9.2818e-02],
        [ 1.7960e-02,  1.3535e-01, -3.9189e-02,  3.6361e-02,  2.8693e-02,
         -1.3033e-01, -6.5161e-02, -2.1459e-02,  8.7399e-02, -2.7808e-02,
          3.8829e-02, -8.3830e-03,  1.3095e-01, -9.6438e-02, -2.3884e-02,
          3.6610e-02],
        [-7.3312e-02,  2.7942e-02, -1.2804e-01, -6.4692e-02, -9.6188e-02,
         -1.4786e-01, -4.3402e-02,  1.3146e-01, -7.0536e-03, -6.3351e-03,
          3.5366e-02,  2.3878e-02, -1.4655e-01, -8.1467e-02, -7.0365e-02,
         -1.3475e-01],
        [ 8.0986e-02,  3.2437e-02,  1.9040e-02, -2.3761e-02, -1.1984e-01,
          1.1717e-01, -8.3387e-03,  1.6046e-01,  1.6217e-01,  5.8672e-02,
         -1.1439e-01,  6.3429e-02,  2.0463e-01, -1.3547e-02,  1.0820e-01,
          9.1396e-02],
        [-1.6101e-01,  1.8143e-01, -1.8726e-02, -6.5910e-02,  2.6978e-02,
         -8.9202e-03,  1.9013e-01, -1.6652e-02,  1.9520e-01,  4.1395e-02,
         -3.3305e-02,  1.2441e-01, -1.6131e-02, -1.1034e-01,  1.2684e-01,
         -1.7552e-02],
        [-1.6626e-01,  1.2733e-01, -7.2876e-02, -6.5741e-02, -8.6802e-03,
          1.4826e-02,  1.3983e-01,  1.5460e-01,  1.1401e-01,  2.1228e-02,
         -2.1997e-02,  9.1467e-03, -1.8584e-03, -9.6557e-02,  1.8296e-01,
         -1.3148e-01],
        [ 8.4468e-02,  9.5403e-02, -1.2227e-01,  1.0087e-01, -5.2536e-02,
          1.0309e-02,  4.6214e-02,  1.1938e-01, -2.1334e-02, -7.5749e-02,
         -6.9815e-02, -9.8261e-02,  7.1424e-02,  9.6321e-03,  7.4648e-02,
         -1.3122e-01],
        [ 1.4468e-01, -5.3997e-02,  2.2279e-01, -2.9130e-02,  1.7653e-01,
         -1.0255e-01, -4.9470e-02, -1.8024e-01, -1.9561e-01, -1.4455e-01,
         -1.3713e-02, -2.7663e-03,  5.3781e-03,  1.4941e-01,  3.8956e-02,
          1.2470e-01],
        [-5.0019e-02, -1.8234e-01,  8.6858e-02, -8.3858e-02,  4.1945e-02,
          1.6817e-02, -8.9232e-02, -7.6118e-02, -1.7514e-01, -1.4515e-01,
          3.8675e-02, -1.0468e-01,  1.8723e-02,  7.5632e-02,  2.2565e-02,
          8.7365e-02],
        [ 1.5161e-01, -1.6776e-01,  1.0769e-01, -1.1161e-01,  1.0379e-01,
         -1.3431e-01, -3.9127e-03, -2.9906e-01, -2.2750e-01, -1.3980e-01,
         -7.1129e-02, -7.5898e-02, -1.8032e-01,  5.2523e-03, -1.8274e-01,
          4.9098e-02],
        [-3.1320e-03, -6.0157e-02, -2.7512e-02,  2.1839e-02, -1.2673e-01,
         -8.2675e-02, -9.1176e-02,  8.5552e-02,  1.4604e-01,  8.7142e-02,
          6.7135e-03, -4.3189e-03, -1.8371e-02,  8.8857e-03,  4.1156e-02,
         -1.6770e-01],
        [-6.0118e-03,  1.7902e-03, -1.1132e-01,  1.9998e-05, -1.3869e-01,
          6.2927e-02,  2.4744e-01,  1.6113e-01, -8.4826e-02,  3.4573e-02,
         -6.0457e-02,  1.2714e-01,  2.7988e-02, -1.1632e-02,  4.7494e-02,
          1.1450e-01],
        [-1.8392e-02, -2.8721e-02, -1.0559e-01, -3.5216e-02,  4.3511e-02,
         -1.0978e-01,  1.7421e-03,  1.2088e-01,  1.5259e-01,  9.0013e-02,
         -6.6659e-02,  8.9197e-02,  2.1677e-01, -4.8895e-02,  3.0116e-02,
          1.3893e-01],
        [ 4.9939e-02, -2.0006e-01, -1.1973e-01, -6.4272e-02,  2.4637e-03,
         -4.1819e-02,  2.1617e-03,  5.3237e-02,  1.6653e-02, -7.9830e-03,
         -8.6597e-02, -4.6004e-02,  8.8736e-02, -4.7212e-02,  5.8407e-02,
         -3.1933e-02],
        [ 3.0307e-02, -5.5307e-02, -2.4344e-02,  6.2290e-02,  1.1711e-01,
          4.7056e-02,  1.5152e-02,  8.5798e-02, -8.6931e-02,  1.3976e-01,
         -7.4956e-02,  2.2902e-02,  3.7921e-02, -1.8608e-02,  1.2758e-01,
          1.5889e-02],
        [-3.0907e-02, -8.8124e-02, -6.8269e-02,  1.3933e-01, -3.6608e-02,
          2.2917e-02, -3.8997e-02,  2.0065e-03,  8.7025e-02, -1.0745e-01,
          1.3131e-02, -6.0138e-02,  7.8579e-02,  1.2968e-01, -4.8081e-02,
         -2.1317e-02],
        [ 1.2518e-01,  6.2019e-02,  1.4481e-01,  3.7888e-02,  1.0661e-01,
         -1.2711e-01, -1.5284e-01, -2.3259e-01, -1.7107e-01, -2.3066e-01,
          1.2975e-01,  3.9491e-02, -3.0807e-02,  1.3115e-01, -7.1846e-02,
          6.3848e-02],
        [ 1.9255e-03,  1.2841e-01,  3.2315e-02,  8.2065e-02, -7.6385e-02,
          8.6439e-02,  1.7248e-01,  7.0550e-02,  5.2364e-02,  2.9049e-02,
         -2.9151e-02,  4.2646e-02, -5.4569e-02, -1.2231e-01,  7.9805e-02,
         -6.5041e-02],
        [ 1.3037e-01, -1.1170e-01,  9.4205e-02, -1.0013e-02,  1.4943e-01,
         -2.2230e-02, -1.3347e-01, -1.6067e-01, -2.2005e-01, -2.0243e-01,
          1.2628e-01, -3.7026e-02, -8.5399e-04,  2.9031e-02, -2.9806e-02,
         -2.1982e-02]], device='cuda:0')), ('bn3.weight', tensor([1., 1., 1., 1., 1., 1., 1., 1., 1., 1., 1., 1., 1., 1., 1., 1., 1., 1.,
        1., 1., 1., 1., 1., 1., 1., 1., 1., 1., 1., 1., 1., 1.],
       device='cuda:0')), ('bn3.bias', tensor([0., 0., 0., 0., 0., 0., 0., 0., 0., 0., 0., 0., 0., 0., 0., 0., 0., 0., 0., 0., 0., 0., 0., 0.,
        0., 0., 0., 0., 0., 0., 0., 0.], device='cuda:0')), ('bn3.running_mean', tensor([0., 0., 0., 0., 0., 0., 0., 0., 0., 0., 0., 0., 0., 0., 0., 0., 0., 0., 0., 0., 0., 0., 0., 0.,
        0., 0., 0., 0., 0., 0., 0., 0.], device='cuda:0')), ('bn3.running_var', tensor([1., 1., 1., 1., 1., 1., 1., 1., 1., 1., 1., 1., 1., 1., 1., 1., 1., 1.,
        1., 1., 1., 1., 1., 1., 1., 1., 1., 1., 1., 1., 1., 1.],
       device='cuda:0')), ('bn3.num_batches_tracked', tensor(0, device='cuda:0'))])