OrderedDict([('conv1.bias', tensor([ 2.4986e-07, -8.2658e-07, -9.5498e-07, -8.5479e-09,  1.9365e-06,
        -1.2624e-07, -2.9319e-06,  7.7983e-08], device='cuda:0')), ('conv1.lin.weight', tensor([[-1.1836e-06,  2.5750e-05,  1.2621e-04, -6.0396e-05, -8.7343e-05,
          3.4760e-06,  1.4020e-17, -1.3485e-08,  8.4400e-42, -1.9643e-15,
          3.2282e-04, -3.2635e-03, -4.8153e-03, -4.5900e-04,  2.9191e-04,
          7.4097e-03, -1.9245e-03,  5.4563e-04, -1.5133e-04, -1.6943e-04,
         -4.2210e-03, -4.3307e-03,  6.8673e-05, -4.5230e-05, -1.8637e-04,
         -2.9991e-04, -3.3079e-04, -4.2072e-04,  9.1632e-06, -2.9989e-04,
         -5.3775e-04,  1.7463e-04, -1.6219e-04,  9.0626e-05, -9.2023e-05,
         -1.5503e-04,  8.5241e-42, -3.9952e-05, -1.0983e-02,  1.4459e-02,
         -8.2784e-04, -9.9352e-04, -1.2175e-03,  2.3245e-03, -2.8651e-03,
         -5.4893e-04, -3.4310e-03,  7.0085e-03, -4.7912e-04, -1.0777e-04,
         -1.9886e-04,  7.3288e-43,  1.5821e-42, -4.4996e-19,  3.1605e-10,
         -2.0316e-04, -2.8396e-04, -1.1708e-06, -1.0156e-04, -1.0153e-04,
         -1.6491e-04,  2.9542e-04, -3.1392e-03, -3.2769e-03, -5.0227e-03,
         -9.4363e-03, -5.5377e-02, -4.5645e-05],
        [ 1.9970e-05,  2.2796e-04, -1.2767e-04,  1.5448e-04,  1.3076e-05,
          1.4236e-03, -8.9879e-42, -9.3717e-31,  5.1603e-06, -1.2570e-08,
          3.1571e-04,  1.1502e-02,  1.5355e-02,  2.1690e-03,  2.6693e-03,
          2.2017e-02,  7.3532e-03,  4.2449e-03,  9.2334e-03,  9.0992e-03,
          5.1073e-03,  4.3666e-03,  8.7810e-03,  3.5884e-04,  1.5945e-03,
          5.1746e-04,  2.1205e-04,  2.9532e-03,  3.4697e-05,  5.1747e-04,
          2.1284e-03,  2.4368e-03,  5.1917e-04, -1.3831e-03,  4.0107e-04,
          5.5071e-04, -2.8488e-42,  1.9849e-03,  1.0093e-01,  4.3229e-02,
         -4.1781e-04,  3.5279e-03,  2.1569e-03,  1.1294e-02,  2.5555e-02,
          8.7133e-04,  1.0242e-02,  4.3816e-02,  2.0425e-03,  5.5056e-04,
          1.0210e-03,  6.9841e-42,  7.1761e-13, -8.7765e-13, -1.0313e-18,
          5.5994e-04,  6.1271e-04,  2.0014e-05,  3.2878e-04,  3.2878e-04,
          2.9569e-04,  2.7830e-03,  1.4741e-02,  1.4972e-02,  1.6114e-02,
          2.3388e-02, -2.5612e-02,  2.7818e-04],
        [ 1.6179e-04,  7.6425e-05,  2.0272e-03, -2.2754e-03, -7.2414e-04,
         -1.0554e-02, -2.1818e-42, -1.2401e-42, -1.7880e-19, -3.2384e-42,
          8.5520e-04, -2.2664e-01, -1.4151e-01, -9.2398e-03, -2.1984e-02,
         -2.2496e-01, -9.9490e-02,  1.1019e-03, -5.9240e-02, -5.5191e-02,
         -4.6612e-02, -4.3650e-02, -5.3169e-02, -1.7378e-03,  5.1165e-04,
         -4.7339e-03, -7.6661e-03, -2.8699e-02, -5.5119e-04, -4.7339e-03,
         -1.3547e-02,  7.4797e-03,  1.1250e-02, -3.4536e-03, -1.9933e-03,
         -2.5100e-03,  4.8345e-42,  7.2151e-04, -8.9667e-02,  2.8981e-02,
          7.2291e-04, -3.1312e-02, -6.3375e-03, -3.8149e-02, -2.3168e-03,
         -1.1223e-02, -9.9408e-02, -1.6052e-01, -2.0853e-02,  4.3724e-04,
         -8.5536e-03, -2.8979e-42, -1.2753e-07, -8.8884e-42, -9.6017e-42,
          3.6370e-04, -6.6699e-03,  1.6179e-04, -2.1389e-03, -2.1389e-03,
         -1.9081e-03,  8.5917e-03, -1.4107e-01, -1.1715e-01, -1.5163e-01,
         -1.7584e-01,  9.5741e-02, -7.7585e-05],
        [ 1.1458e-04,  2.3813e-05, -4.4474e-05, -3.2629e-05, -2.4118e-05,
         -2.7646e-04,  5.3880e-42,  2.6189e-07, -5.0438e-12, -4.6243e-43,
         -7.7315e-05, -9.4201e-03, -1.0657e-02, -7.9532e-04, -9.0917e-04,
          2.4531e-02, -4.3316e-03, -1.0607e-03, -4.4370e-03, -4.2461e-03,
         -2.4528e-03, -2.0561e-03, -4.0823e-03, -4.1217e-05, -1.1048e-04,
         -8.7660e-05,  4.8415e-05, -1.0663e-03,  3.6916e-05, -8.7473e-05,
         -5.9844e-04, -9.8237e-05, -3.2048e-04,  1.4229e-04, -1.7326e-04,
         -1.5987e-04,  4.8912e-13, -4.9096e-04, -1.2386e-01, -9.8852e-02,
         -8.9229e-05, -1.7333e-03, -1.0456e-03,  1.5934e-04, -2.0293e-02,
         -5.6238e-06, -5.7450e-03,  1.1350e-01, -7.2824e-04, -1.6882e-05,
         -1.1001e-04, -8.7619e-35, -2.8923e-42,  3.4783e-18,  9.3369e-42,
          3.0193e-05,  1.5893e-05,  1.1460e-04, -1.1870e-04, -1.1875e-04,
         -6.9614e-05, -1.6954e-04, -1.0144e-02, -9.8379e-03, -1.1525e-02,
         -2.5111e-02, -1.3063e-01, -1.1769e-04],
        [ 4.3150e-05,  7.0458e-05,  2.2757e-03, -2.4906e-03, -8.5464e-04,
         -1.0462e-02,  4.6635e-42,  7.8585e-42, -1.1368e-29,  1.2166e-41,
          3.3929e-04, -8.4290e-02, -5.3334e-02, -6.8371e-03, -1.9807e-02,
         -1.3043e-02, -5.0630e-02, -8.3274e-03, -3.5377e-02, -3.3050e-02,
         -9.0028e-03, -4.9492e-03, -3.3063e-02, -1.6864e-03, -1.6848e-03,
         -3.4883e-03, -8.5362e-03, -2.3725e-02, -4.1699e-04, -3.4883e-03,
         -9.2142e-03, -2.8484e-03,  1.4537e-02, -1.7161e-03, -6.2547e-04,
         -8.0554e-04, -2.6639e-42,  4.0890e-03, -1.0077e-02, -3.1675e-03,
          6.5741e-03, -1.8795e-02, -1.0274e-03, -1.1349e-02, -3.7941e-02,
         -1.0736e-02, -4.8816e-02, -2.1881e-02, -1.8315e-02,  7.2175e-04,
         -8.1430e-03,  1.1416e-41, -3.1936e-42,  5.4623e-42, -3.9699e-42,
          1.1574e-04, -6.2056e-03,  4.3150e-05, -1.3705e-03, -1.3705e-03,
         -1.5062e-03, -3.3090e-03, -5.3127e-02, -4.8611e-02, -5.4337e-02,
         -7.5296e-02,  9.8076e-03,  3.3176e-04],
        [ 4.5047e-05,  2.1590e-05,  2.6362e-03, -2.7499e-03, -7.5710e-04,
         -8.8101e-03, -4.9200e-42,  1.1072e-12,  4.3580e-43,  8.8898e-42,
          1.1542e-03, -2.0502e-01, -8.3376e-02, -4.5449e-04, -1.7685e-02,
         -1.7598e-01, -8.2149e-02,  8.9531e-03, -3.5769e-02, -3.0966e-02,
         -1.8346e-02, -1.5740e-02, -3.2371e-02, -1.8190e-03,  5.0120e-03,
         -3.8699e-03, -1.2408e-02, -2.6919e-02, -1.9759e-04, -3.8699e-03,
         -8.1808e-03,  9.4421e-03,  2.0740e-02, -1.1166e-02, -3.0591e-04,
         -2.9221e-04, -7.5369e-15,  1.3864e-02, -2.5028e-02, -1.4719e-03,
         -9.2746e-05, -2.1161e-02,  3.6505e-03, -1.0609e-01, -5.3131e-04,
         -1.3111e-02, -6.5505e-02,  9.2905e-02, -1.9068e-02,  3.2210e-03,
         -7.8693e-03, -4.2450e-11,  1.8917e-15, -1.8629e-41, -1.1170e-20,
          3.1844e-03, -6.7702e-03,  4.5046e-05, -1.2177e-03, -1.2177e-03,
         -1.5768e-03,  2.9139e-02, -8.5509e-02, -5.8584e-02, -8.0886e-02,
         -1.6793e-01,  3.2607e-02,  7.6712e-04],
        [ 1.8765e-04, -7.2487e-05, -1.1176e-03,  1.5571e-03, -3.1285e-04,
          2.1213e-03,  2.8694e-08, -3.3883e-42,  2.5821e-19,  1.4412e-10,
         -8.7469e-04,  7.0273e-02,  5.6331e-02,  7.7419e-04,  4.9613e-03,
         -1.0852e-01,  3.2599e-02,  7.0068e-03,  3.2655e-02,  2.9472e-02,
         -2.0547e-03, -5.0628e-03,  3.1440e-02,  4.1652e-04,  1.4755e-04,
          1.0726e-03,  2.5686e-03,  6.3669e-03,  1.5161e-04,  1.0726e-03,
          1.9740e-03, -5.7999e-03, -4.5127e-03,  7.6697e-04,  2.5195e-04,
          3.2935e-04,  2.6611e-42, -1.9915e-03,  1.1147e-02, -3.0557e-03,
         -9.9998e-04,  7.4654e-03,  3.1900e-04, -1.1388e-02,  7.4188e-02,
          4.1375e-03,  2.2586e-02,  8.0014e-02,  7.1694e-03, -1.9788e-04,
          1.7490e-03, -1.0157e-14, -2.8390e-42, -3.7919e-07,  5.0690e-26,
         -1.8482e-04,  1.3293e-03,  1.8765e-04,  3.5808e-04,  3.5808e-04,
          6.5597e-04, -6.7452e-03,  6.8321e-02,  6.2593e-02,  6.4135e-02,
          1.4955e-01,  1.2324e-02, -1.0513e-04],
        [-2.1943e-04, -3.4270e-05,  1.3384e-03, -1.1340e-03,  1.1972e-05,
         -2.1986e-03, -1.2519e-07, -3.8396e-13, -3.6924e-42,  6.3395e-42,
          9.6942e-05, -3.2072e-01, -5.4485e-02,  9.5077e-03, -6.2386e-03,
         -9.6655e-02, -1.3661e-01,  2.8013e-02, -2.5276e-03, -6.3514e-04,
         -4.2007e-02, -9.8408e-02, -1.4665e-02, -6.2754e-04,  9.1563e-03,
         -6.4730e-04, -4.8188e-03, -8.2152e-03,  9.9666e-06, -6.4730e-04,
         -4.0648e-04, -7.6327e-02,  1.2956e-02, -9.2052e-03,  4.7502e-04,
          6.0357e-04, -1.1351e-43,  1.0278e-02, -5.2221e-02,  5.2435e-02,
         -5.1668e-03, -1.5531e-02,  1.1891e-02, -7.9735e-02,  1.2281e-01,
         -5.0395e-03, -2.3995e-02,  2.1739e-01, -1.3397e-02,  1.7753e-03,
         -2.0469e-03,  2.1986e-42, -5.8995e-43, -2.4867e-27, -6.0620e-42,
          2.2802e-03, -1.7323e-03, -2.1943e-04, -8.9158e-05, -8.9158e-05,
         -5.5059e-04, -5.9779e-02, -6.8471e-02, -3.7202e-02, -6.3866e-02,
         -1.0121e-01, -1.8754e-02,  3.6873e-04]], device='cuda:0')), ('conv1.aggr.t', tensor([1.], device='cuda:0')), ('bn1.weight', tensor([0.4964, 0.5677, 0.6254, 0.5529, 0.6029, 0.6177, 0.5960, 0.6637],
       device='cuda:0')), ('bn1.bias', tensor([-0.1007, -0.0872, -0.1310, -0.0410,  0.0095, -0.1810, -0.3481, -0.3803],
       device='cuda:0')), ('bn1.running_mean', tensor([ -372.9709,   234.9788,  -270.8810, -1191.3741,  -106.3417,  -174.8352,
          143.0484,  -108.7877], device='cuda:0')), ('bn1.running_var', tensor([ 60280.8281,  22990.9141,   2616.6638, 163429.7344,    399.6341,
          1067.2654,    720.9545,    413.6692], device='cuda:0')), ('bn1.num_batches_tracked', tensor(47024, device='cuda:0')), ('conv2.bias', tensor([-1.1694e-05,  2.7081e-06,  6.8123e-06, -1.5105e-05, -8.7142e-07,
        -7.6254e-07, -1.5660e-06, -4.2816e-06,  9.4106e-06, -3.6612e-06,
        -8.1871e-07,  4.7928e-06, -2.6130e-06,  6.7433e-07,  4.2715e-06,
        -6.2805e-06], device='cuda:0')), ('conv2.lin.weight', tensor([[ 0.0640, -0.1241, -0.0179, -0.1556, -0.0330,  0.2288, -0.1569,  0.0457],
        [-0.1037, -0.1578,  0.2383,  0.0075, -0.1094, -0.2066,  0.1549,  0.3325],
        [-0.0449, -0.0306,  0.0217,  0.0058,  0.1826, -0.1271, -0.1129,  0.1419],
        [-0.2429, -0.1142, -0.2214,  0.0889, -0.1984, -0.2674, -0.0347,  0.2412],
        [ 0.2351,  0.0316, -0.0677, -0.1103,  0.0654,  0.1612,  0.0832,  0.1764],
        [-0.1150,  0.1533,  0.1946, -0.0503, -0.2115,  0.0456, -0.2071, -0.0796],
        [-0.1138, -0.0350,  0.0314,  0.0188, -0.0288, -0.1772,  0.1818, -0.1853],
        [-0.1509, -0.1254,  0.0519, -0.0234, -0.3075,  0.1163,  0.2452,  0.1615],
        [ 0.0941, -0.0275,  0.1228,  0.1310, -0.0332,  0.0442,  0.0165, -0.2158],
        [ 0.0989, -0.0832,  0.0711, -0.0159, -0.1084,  0.1434, -0.0555,  0.0645],
        [-0.2360,  0.0800, -0.1740,  0.1382,  0.0513,  0.1651,  0.0207, -0.0049],
        [-0.0039,  0.1967,  0.2534,  0.1496,  0.1041,  0.0523,  0.0895,  0.1844],
        [ 0.1179,  0.1595, -0.0242, -0.1786, -0.1871, -0.1886,  0.1989,  0.1348],
        [ 0.1104, -0.1156, -0.0241,  0.1208, -0.0246,  0.0666, -0.1932,  0.2398],
        [ 0.0255,  0.1642, -0.1465, -0.0170,  0.1840,  0.0204,  0.0171,  0.1926],
        [-0.1074, -0.0617, -0.0779, -0.0248, -0.0638,  0.1969, -0.1437,  0.1574]],
       device='cuda:0')), ('conv2.aggr.t', tensor([1.], device='cuda:0')), ('bn2.weight', tensor([0.5605, 0.6327, 0.5476, 0.5923, 0.4781, 0.5385, 0.6072, 0.5192, 0.5786,
        0.3663, 0.5553, 0.6048, 0.6481, 0.6438, 0.4986, 0.5373],
       device='cuda:0')), ('bn2.bias', tensor([-0.2155,  0.1997, -0.1944, -0.5696, -0.4496, -0.3756, -0.0460, -0.4901,
        -0.3362,  0.1897,  0.2127, -0.0151,  0.4030,  0.1911, -0.3519,  0.3228],
       device='cuda:0')), ('bn2.running_mean', tensor([-0.0468, -0.0124,  0.0042, -0.1433,  0.0660, -0.0451, -0.0207, -0.0421,
         0.0387, -0.0060,  0.0155,  0.1544, -0.0118, -0.0079,  0.0642, -0.0478],
       device='cuda:0')), ('bn2.running_var', tensor([0.0052, 0.0074, 0.0030, 0.0121, 0.0046, 0.0070, 0.0034, 0.0107, 0.0033,
        0.0020, 0.0042, 0.0112, 0.0100, 0.0051, 0.0049, 0.0034],
       device='cuda:0')), ('bn2.num_batches_tracked', tensor(47024, device='cuda:0')), ('conv3.bias', tensor([-7.4224e-07,  6.4100e-07, -8.3970e-07,  1.4128e-06, -2.0400e-06,
        -5.3179e-06, -1.1151e-07,  1.3446e-06,  1.5966e-07, -2.8868e-07,
         2.8771e-06,  2.1077e-06, -1.0775e-06, -2.0383e-06, -6.6863e-07,
        -4.7600e-07,  3.0867e-06, -4.0111e-06,  1.1192e-06,  1.4082e-06,
         2.8752e-06, -1.6122e-06,  3.9040e-07,  4.9516e-07, -3.4924e-06,
        -1.2749e-06, -2.0644e-06,  8.5339e-07,  2.3535e-07,  1.4496e-06,
         7.2455e-07,  3.9110e-07], device='cuda:0')), ('conv3.lin.weight', tensor([[ 0.0616,  0.1983, -0.0381,  0.0594,  0.1143, -0.0330, -0.0064,  0.0209,
         -0.0993, -0.0877, -0.1414,  0.1780,  0.0053,  0.1457,  0.0873,  0.1285],
        [-0.0417,  0.0768,  0.1070,  0.2664,  0.1546,  0.1006, -0.0736,  0.1535,
          0.1116, -0.0207, -0.1014,  0.0470, -0.1145, -0.0052,  0.1955, -0.0903],
        [-0.1430,  0.1388,  0.0198, -0.0709, -0.0428, -0.0334, -0.1075, -0.1035,
         -0.0602,  0.1035,  0.1317,  0.0340,  0.1114, -0.1214,  0.0245,  0.0395],
        [-0.1320,  0.0023,  0.1139,  0.1185,  0.0419, -0.1367,  0.0302, -0.0607,
         -0.1543,  0.0719,  0.0306, -0.0109,  0.1879,  0.1617, -0.0811,  0.0154],
        [ 0.0310,  0.1165,  0.0448, -0.0138,  0.0534,  0.0208,  0.1457, -0.0430,
         -0.0327, -0.1363,  0.0193, -0.0846,  0.0036, -0.0142,  0.0282,  0.0466],
        [-0.1029,  0.0764,  0.0416,  0.0346, -0.1575,  0.1006,  0.0533, -0.1076,
         -0.1042, -0.0278, -0.1204,  0.0201, -0.0368,  0.0840,  0.0169, -0.0687],
        [ 0.0020,  0.1286,  0.0052, -0.2053, -0.1715,  0.0336, -0.0171, -0.1475,
         -0.1160,  0.0095,  0.0363,  0.1342,  0.1791,  0.0611, -0.0861,  0.0331],
        [-0.0452,  0.0014, -0.1617, -0.1961, -0.1445, -0.1504,  0.0596, -0.1277,
          0.0278,  0.0785,  0.0046, -0.0120,  0.1285,  0.0344, -0.1291,  0.1127],
        [-0.0865,  0.0523, -0.0053,  0.0188, -0.1479, -0.0799, -0.0651, -0.1160,
          0.0533, -0.0037,  0.0921, -0.0956,  0.1505,  0.0709, -0.0936,  0.1552],
        [ 0.1244, -0.1738, -0.0261,  0.0427,  0.1068,  0.0965,  0.1146,  0.1242,
          0.0896, -0.0038,  0.1139, -0.0860, -0.1372, -0.1631,  0.0435, -0.1587],
        [-0.0470, -0.0315,  0.0067, -0.2021, -0.0347, -0.0792, -0.0604, -0.0811,
         -0.0487, -0.0064,  0.1103, -0.0295, -0.0424,  0.0175, -0.1832,  0.1736],
        [ 0.0766,  0.0578,  0.0793,  0.0725,  0.1079, -0.1793, -0.1005,  0.1262,
         -0.0804,  0.0204,  0.0837, -0.0007,  0.0997,  0.0730,  0.0812, -0.0716],
        [ 0.0570,  0.0408,  0.0617, -0.0629, -0.0195,  0.0117, -0.0636,  0.0394,
         -0.0052, -0.0712,  0.1392,  0.1129, -0.0583, -0.0347,  0.0724,  0.0657],
        [-0.0760, -0.1368,  0.0088,  0.1755,  0.0606, -0.0869,  0.0105,  0.0893,
          0.0748, -0.0696, -0.0799, -0.1046, -0.0703, -0.0144,  0.1417, -0.1163],
        [-0.1281,  0.0460, -0.1639, -0.0246, -0.0866, -0.0115, -0.0789, -0.0308,
         -0.1339,  0.0132,  0.1139,  0.0889,  0.1372,  0.1214, -0.0944,  0.0757],
        [ 0.0778, -0.0939, -0.1657, -0.0573,  0.0797, -0.0974,  0.1418,  0.0103,
          0.0498,  0.0150, -0.0768, -0.0873, -0.0191, -0.0053,  0.0195, -0.0619],
        [-0.0066, -0.0615,  0.1067,  0.0932,  0.0590,  0.0488, -0.0419,  0.0093,
         -0.0571, -0.0177,  0.0412,  0.0453,  0.0405, -0.1090,  0.0979, -0.0194],
        [ 0.1510, -0.0798,  0.0029,  0.0626, -0.0203,  0.0101, -0.0858, -0.0257,
          0.0055, -0.0227, -0.0376,  0.0889, -0.0107,  0.1087, -0.0164, -0.0330],
        [ 0.1240,  0.0795, -0.0143, -0.1135, -0.0089,  0.0894,  0.0542,  0.0759,
          0.0229,  0.0338,  0.0211, -0.0713, -0.1171, -0.1205, -0.0281, -0.0576],
        [ 0.1024,  0.0304,  0.1271, -0.0561,  0.0125,  0.0033,  0.0947, -0.0719,
          0.0261, -0.0325, -0.0842,  0.0201, -0.1243, -0.0870, -0.0525, -0.1126],
        [ 0.1428, -0.0324, -0.0202,  0.0416,  0.1028,  0.0271, -0.0197,  0.1516,
         -0.0796,  0.0551, -0.0397,  0.0535, -0.0338,  0.0128,  0.1012,  0.0540],
        [ 0.0095,  0.1103,  0.0230, -0.0829, -0.0362, -0.0393, -0.0679, -0.2502,
         -0.1837,  0.0444,  0.0082, -0.0147,  0.0802, -0.0426, -0.0315,  0.0623],
        [-0.0751, -0.0053, -0.1072, -0.2076, -0.0979, -0.1905,  0.0559, -0.1237,
         -0.1092,  0.0717,  0.0779, -0.1173, -0.1048, -0.0228,  0.0039,  0.0692],
        [ 0.0241, -0.0408, -0.1120,  0.1461, -0.1117,  0.0382, -0.0252, -0.0788,
          0.0021, -0.1214, -0.0422, -0.0408, -0.0189, -0.1243, -0.0337,  0.0474],
        [ 0.0296,  0.0319, -0.0735, -0.1769, -0.0550, -0.1376,  0.0090, -0.1003,
         -0.0806, -0.0697, -0.1234, -0.0176, -0.0520,  0.0420, -0.0519, -0.1292],
        [-0.0937, -0.1090, -0.0052, -0.0999, -0.1986, -0.1140,  0.0596, -0.1768,
         -0.1008,  0.0306, -0.0455, -0.1082,  0.0151,  0.0663, -0.0995, -0.0011],
        [-0.0604,  0.0279, -0.0362, -0.2843, -0.1533, -0.1297,  0.0594, -0.2015,
          0.0336,  0.0767,  0.1696, -0.0388,  0.1145, -0.0278, -0.1823,  0.1946],
        [-0.0483,  0.1716, -0.1076, -0.1018, -0.0654, -0.1670,  0.0107, -0.0437,
         -0.1719,  0.1099,  0.0582,  0.0809,  0.1051,  0.1527, -0.0220,  0.0793],
        [-0.0757,  0.1334,  0.0329, -0.1994, -0.1305, -0.1598, -0.1446,  0.0055,
         -0.1205,  0.1063,  0.1283,  0.0840,  0.1640,  0.0718,  0.0145,  0.0629],
        [ 0.0627,  0.0712, -0.0785, -0.0992, -0.1085,  0.0165, -0.0795, -0.0483,
         -0.1206,  0.0548, -0.0131, -0.0979,  0.1266, -0.0519, -0.0155, -0.0543],
        [ 0.0527, -0.0557,  0.0171, -0.0726, -0.0194,  0.0958,  0.0501, -0.1296,
         -0.0549,  0.0128, -0.1343, -0.0368,  0.0981,  0.0498, -0.0422, -0.0122],
        [ 0.0966, -0.1281, -0.0592,  0.0252, -0.0789, -0.1025, -0.0021, -0.0888,
         -0.0840,  0.0034, -0.0015, -0.0827,  0.1363,  0.1292,  0.0198, -0.0369]],
       device='cuda:0')), ('bn3.weight', tensor([1., 1., 1., 1., 1., 1., 1., 1., 1., 1., 1., 1., 1., 1., 1., 1., 1., 1.,
        1., 1., 1., 1., 1., 1., 1., 1., 1., 1., 1., 1., 1., 1.],
       device='cuda:0')), ('bn3.bias', tensor([0., 0., 0., 0., 0., 0., 0., 0., 0., 0., 0., 0., 0., 0., 0., 0., 0., 0., 0., 0., 0., 0., 0., 0.,
        0., 0., 0., 0., 0., 0., 0., 0.], device='cuda:0')), ('bn3.running_mean', tensor([0., 0., 0., 0., 0., 0., 0., 0., 0., 0., 0., 0., 0., 0., 0., 0., 0., 0., 0., 0., 0., 0., 0., 0.,
        0., 0., 0., 0., 0., 0., 0., 0.], device='cuda:0')), ('bn3.running_var', tensor([1., 1., 1., 1., 1., 1., 1., 1., 1., 1., 1., 1., 1., 1., 1., 1., 1., 1.,
        1., 1., 1., 1., 1., 1., 1., 1., 1., 1., 1., 1., 1., 1.],
       device='cuda:0')), ('bn3.num_batches_tracked', tensor(0, device='cuda:0'))])