OrderedDict([('conv1.bias', tensor([ 1.0571e-08, -1.0681e-07, -9.0617e-08, -7.2507e-07,  4.1273e-06,
         2.2609e-06, -1.4376e-07, -1.7418e-07], device='cuda:0')), ('conv1.lin.weight', tensor([[ 1.8837e-04,  9.8048e-05, -1.0173e-04, -1.1595e-04,  5.7456e-05,
          6.3531e-04,  4.0484e-42,  1.1771e-42, -3.0408e-43, -3.1995e-06,
         -1.2189e-03,  3.9935e-03,  1.7562e-03,  1.2808e-04,  4.7331e-04,
          1.8030e-01,  1.7233e-03, -1.8251e-03, -1.7518e-04, -4.0707e-04,
          1.0501e-03,  3.5407e-04,  5.3707e-04,  1.6502e-04, -5.6003e-05,
          2.2198e-04,  2.9782e-04,  8.3291e-04, -8.5722e-05, -4.8016e-06,
          2.6822e-04, -1.5769e-02,  1.1594e-04, -2.9283e-04,  9.1365e-05,
          5.7216e-05, -5.5379e-11,  4.2322e-04, -1.2763e-01,  1.3916e-01,
          1.1585e-03,  8.7391e-04,  3.8328e-04, -1.1823e-01, -1.5873e-02,
         -2.0996e-04,  1.7835e-03, -1.7804e-01,  1.2211e-04,  1.9534e-04,
          2.1374e-04, -1.0790e-42, -3.7362e-06,  1.0535e-17, -1.0193e-14,
          2.3385e-04, -8.4791e-05,  2.0321e-04,  3.1140e-05, -6.6359e-05,
          1.1520e-04, -1.8213e-02,  1.9097e-03,  8.4314e-04,  1.9066e-03,
          3.5152e-05,  1.3869e-01,  1.3940e-04],
        [-2.0939e-04,  3.6468e-05,  7.7999e-05,  1.1568e-05, -4.2991e-06,
         -1.5138e-04,  4.9549e-10, -3.7005e-15,  3.3306e-19,  2.1342e-42,
         -8.0962e-04,  7.1004e-04,  7.1289e-03, -4.0200e-05, -1.6376e-04,
          6.5620e-02,  9.6950e-04,  1.9411e-03,  1.2645e-03,  1.4807e-03,
          1.4543e-03,  1.4093e-03,  9.3462e-04, -1.5195e-04,  6.0083e-04,
         -9.9328e-06, -7.9270e-05,  3.7578e-05,  4.2134e-06, -3.7175e-05,
         -5.0631e-05, -5.9962e-03,  5.3127e-05,  7.9286e-05, -1.4613e-04,
         -1.7317e-04, -2.4060e-42,  9.0984e-05, -1.4329e-01,  1.8067e-01,
          6.1435e-04, -7.1141e-04, -2.2086e-04, -4.7994e-03,  1.0307e-02,
         -7.3264e-05,  1.2562e-03,  4.8404e-03,  3.8508e-04, -1.7441e-04,
         -2.2487e-04,  9.6942e-42,  1.1115e-41,  4.0161e-42,  2.9562e-41,
         -1.3275e-04, -2.4084e-04, -2.3445e-04,  4.4453e-05,  5.2185e-05,
         -1.3304e-04,  1.4673e-02,  9.6419e-03,  5.4092e-03,  4.1290e-03,
          4.8516e-02,  1.2101e-01,  1.8356e-05],
        [-8.1032e-07,  4.8057e-06,  7.8927e-05, -8.9282e-05, -4.2677e-07,
         -1.6268e-04,  8.5073e-42, -1.3966e-06, -1.9317e-18,  1.7039e-24,
         -5.4870e-04,  1.6759e-03,  8.2425e-03,  7.0115e-04, -5.5621e-06,
          1.0479e-01,  1.0026e-03,  1.7148e-03,  1.7963e-03,  2.1938e-03,
          4.7060e-03,  4.5227e-03,  1.4216e-03, -6.3119e-06,  5.1363e-04,
          5.3827e-05, -1.4167e-04,  6.0605e-04,  4.2372e-05,  5.6185e-05,
          7.1632e-04, -2.4141e-04,  6.2962e-04, -2.4772e-04,  1.9984e-04,
          8.4681e-05, -9.6563e-42,  3.9947e-04,  1.4754e-01, -6.3343e-02,
          6.8124e-04,  1.0326e-03,  1.1029e-03,  3.6909e-02,  9.9063e-02,
          3.7158e-05,  4.4488e-03,  4.1609e-02,  4.7984e-04,  9.2501e-05,
         -7.0653e-05,  6.0592e-42, -6.6450e-42, -2.5953e-30, -2.7703e-12,
          6.5968e-05, -1.1935e-04,  3.8035e-05,  5.1226e-05,  7.3715e-05,
          4.5996e-05,  9.3465e-03,  5.5772e-03,  6.2797e-03,  8.1685e-03,
          1.8211e-02,  5.6785e-02,  7.0465e-05],
        [-1.9726e-04,  7.7807e-05,  1.7763e-05,  5.9332e-05, -2.8354e-05,
          6.5534e-05, -4.6009e-15, -6.6371e-14,  5.0287e-11,  1.7821e-05,
         -1.5871e-04,  3.7448e-03,  8.8701e-03,  3.5565e-04,  2.1846e-04,
          2.0275e-01,  1.6352e-03,  2.5096e-03,  2.6873e-03,  2.8184e-03,
          6.5157e-03,  6.1802e-03,  2.5525e-03,  1.6305e-04,  1.3950e-03,
         -1.5044e-05,  2.4209e-05,  1.1436e-04,  4.9385e-05,  3.0294e-05,
          5.0734e-04,  4.6933e-03,  1.1410e-04, -2.3319e-04, -4.8964e-05,
          3.5799e-05,  9.5810e-15, -1.3567e-05,  3.7747e-02,  1.3978e-01,
          7.1729e-04,  5.1634e-04,  1.0419e-03,  1.5836e-02,  4.2023e-02,
          1.9345e-05,  5.5030e-03, -1.2849e-02, -5.6355e-05,  1.7021e-04,
          9.7128e-05,  2.4987e-16, -6.1139e-42, -5.8953e-42,  2.7234e-18,
          1.3895e-04,  1.1087e-04, -1.8073e-04,  6.6660e-05,  3.9316e-05,
         -3.8955e-05,  6.5016e-03,  6.7890e-03,  7.3328e-03,  9.0167e-03,
          1.4454e-02,  7.7287e-02,  9.2399e-05],
        [-8.2881e-04, -7.8351e-04,  1.3432e-03, -2.8006e-04,  1.2137e-04,
          8.3372e-03, -3.1725e-42,  7.9580e-42, -9.5008e-43, -5.9718e-15,
         -7.7848e-03,  6.4585e-02,  2.4989e-02,  5.4700e-03,  2.3367e-02,
         -3.5148e-03,  1.1151e-02,  1.6661e-02,  3.4403e-02,  2.6869e-02,
         -7.5768e-02, -7.4047e-02,  7.4564e-02, -3.4821e-04,  3.5949e-03,
          4.4506e-04, -2.9048e-03,  9.5108e-03, -4.2969e-04,  1.4224e-04,
          1.0581e-03,  1.7970e-02, -5.1790e-03, -4.1542e-03,  2.9651e-04,
          5.5933e-04, -4.3174e-42,  9.3407e-03, -6.0888e-02, -1.5156e-01,
         -2.4226e-02,  6.7149e-03, -1.8559e-02, -1.0013e-02, -9.0727e-02,
          2.1184e-04, -1.7504e-02,  1.0299e-03,  8.9199e-03,  1.1942e-03,
          4.6925e-03, -3.0422e-42, -1.6867e-13, -3.9626e-08, -9.9156e-42,
          2.1067e-03,  3.4310e-03, -8.9494e-04,  3.1062e-04,  4.3153e-04,
         -3.2535e-04,  9.4490e-02,  1.0331e-01,  1.2451e-01,  1.2077e-01,
         -7.3181e-02, -9.4643e-04, -3.2523e-04],
        [-4.4141e-04, -9.7789e-04,  6.9585e-04,  7.1568e-04,  1.5910e-05,
          4.8975e-03,  6.4600e-43,  5.7846e-42, -9.4482e-13, -1.5014e-40,
         -2.7458e-03,  4.0360e-02,  2.5172e-02,  5.9099e-03,  1.0202e-02,
         -3.2467e-02,  2.2253e-02,  1.6403e-04,  2.5103e-02,  1.9932e-02,
         -2.3545e-02, -2.7129e-02,  2.3497e-02,  1.4103e-04, -3.3599e-03,
          1.7202e-03, -1.6443e-03,  7.7453e-03,  1.1649e-04,  1.6751e-03,
          3.0606e-03, -3.5956e-02, -2.5011e-03, -1.3195e-03,  1.2633e-03,
          1.2968e-03, -4.8834e-16,  7.1299e-03, -1.2712e-01, -1.3567e-01,
         -6.8937e-03,  1.0930e-02,  2.2263e-04, -1.3087e-01, -5.5220e-02,
          2.0118e-03,  1.2089e-02, -3.6516e-02,  7.0584e-03,  7.9182e-04,
          3.8865e-03,  2.8821e-24, -7.5013e-09,  9.3509e-09, -1.6900e-42,
          1.1769e-03,  2.9921e-03, -4.9955e-04,  9.5518e-04,  9.4134e-04,
          3.4719e-04, -4.6169e-02,  3.3159e-02,  2.5571e-02,  2.8143e-02,
          2.5787e-02, -1.2648e-02, -3.3582e-04],
        [-1.1574e-04,  8.8815e-05,  3.2850e-05,  2.5291e-05,  1.2427e-05,
          3.7761e-05, -2.0515e-42, -7.7422e-42,  4.6240e-22, -5.5374e-13,
          8.6275e-05,  4.4462e-03,  1.3686e-02,  3.4329e-04, -3.8162e-06,
          1.5742e-01,  2.4346e-03,  3.6125e-03,  4.3009e-03,  4.8130e-03,
          7.0725e-03,  6.9539e-03,  4.2229e-03,  1.3379e-04,  1.2484e-03,
          7.1349e-05,  1.9733e-04,  4.5470e-04,  4.1448e-05,  1.5061e-04,
          5.9172e-04,  1.1349e-02,  1.3640e-04, -1.2519e-04,  3.8970e-05,
          3.0397e-05, -4.9326e-43,  5.2540e-05,  6.4565e-02,  1.2728e-01,
          5.8232e-04,  1.0384e-03,  7.0820e-04,  9.2822e-02,  8.8217e-02,
          2.1571e-04,  7.0658e-03,  4.4461e-02,  1.9583e-04,  1.7329e-04,
          1.2788e-04, -3.4973e-19,  1.3788e-10, -6.0730e-09,  2.3206e-42,
          2.0015e-05, -6.8377e-05, -1.0598e-04,  1.1200e-04,  9.7481e-05,
          5.7764e-06,  1.6392e-02,  1.1795e-02,  1.2645e-02,  1.4620e-02,
          2.5430e-02,  5.6185e-02,  1.0082e-04],
        [ 2.7389e-04, -1.2195e-05, -1.2039e-04, -1.2205e-04, -7.9232e-05,
         -2.3053e-03, -1.1835e-14, -6.3657e-16, -1.6514e-06, -2.0069e-15,
          2.9385e-04, -1.4881e-02, -2.7601e-03, -1.6929e-03, -4.1150e-03,
          5.1437e-02, -3.7983e-03, -2.9755e-03, -1.2293e-02, -1.1099e-02,
          1.2596e-02,  1.3216e-02, -1.3037e-02, -2.6025e-04,  4.5115e-04,
         -6.0596e-04, -1.9550e-04, -3.9385e-03, -2.6623e-05, -6.5497e-04,
         -2.4429e-03,  1.1375e-02,  9.1120e-04,  1.0732e-03, -2.7998e-04,
         -4.9622e-04, -8.5579e-41, -2.0094e-03,  1.8021e-01,  1.1837e-01,
          1.6422e-03, -2.6193e-03,  3.5579e-03, -8.9799e-02, -2.4068e-02,
         -1.4551e-03,  1.4138e-03,  1.5538e-02, -3.2710e-03, -4.3910e-04,
         -1.6711e-03, -1.0570e-17,  2.9263e-15,  8.9028e-06,  5.1653e-06,
         -3.3748e-04, -1.0905e-03,  2.7233e-04, -3.5445e-04, -3.2648e-04,
         -2.4935e-06,  1.1277e-02, -1.2695e-02, -1.0711e-02, -3.0627e-03,
          2.3761e-02, -1.2952e-02, -1.6004e-04]], device='cuda:0')), ('conv1.aggr.t', tensor([1.], device='cuda:0')), ('bn1.weight', tensor([0.8562, 0.7517, 0.6856, 0.7653, 0.8683, 0.7273, 0.7022, 0.6493],
       device='cuda:0')), ('bn1.bias', tensor([ 0.1028,  0.0007, -0.0098,  0.0959,  0.0042, -0.0895,  0.0227, -0.0173],
       device='cuda:0')), ('bn1.running_mean', tensor([ 982.5140, 1003.5745,  830.4996, 1204.0631, -361.7415, -656.3871,
        1127.9884,  506.2523], device='cuda:0')), ('bn1.running_var', tensor([379986.8438, 330514.6875, 150676.1406, 255277.8438,  32030.4355,
         35963.5703, 185952.2656,  58675.5273], device='cuda:0')), ('bn1.num_batches_tracked', tensor(47024, device='cuda:0')), ('conv2.bias', tensor([ 1.8202e-05,  1.0898e-05,  1.0294e-05, -1.8498e-06, -5.6989e-06,
        -1.5479e-06, -6.9859e-07,  7.9367e-06,  4.1751e-06, -1.8416e-06,
        -3.4104e-07,  3.8121e-06,  5.4025e-06,  6.6615e-06, -1.7318e-06,
        -2.9937e-06], device='cuda:0')), ('conv2.lin.weight', tensor([[ 0.1961, -0.1718, -0.0590, -0.1066,  0.2640,  0.1910,  0.0961, -0.1972],
        [-0.2732,  0.0529,  0.3175,  0.3081,  0.3370, -0.0297, -0.2076,  0.1472],
        [ 0.3483, -0.2201, -0.0126,  0.1772, -0.1233,  0.0562,  0.2489,  0.0250],
        [-0.0698, -0.0030,  0.0238, -0.0176, -0.1878, -0.0371, -0.1951,  0.3632],
        [-0.3461, -0.3147,  0.1456,  0.1801, -0.2187,  0.0152,  0.1117, -0.0304],
        [ 0.2236, -0.2106, -0.0374,  0.1338,  0.3354, -0.2869, -0.1710, -0.2213],
        [ 0.3132, -0.1981,  0.0591,  0.3282, -0.2442,  0.0570,  0.1826, -0.2055],
        [ 0.1161,  0.2784,  0.0416, -0.1945,  0.2549,  0.2626,  0.2011, -0.0012],
        [ 0.1542, -0.2179,  0.2684,  0.1855, -0.3681,  0.0499, -0.3365,  0.2216],
        [ 0.2612, -0.2774, -0.2377,  0.0333,  0.2832,  0.1598, -0.3772, -0.0190],
        [ 0.0303,  0.2613,  0.1968, -0.0652,  0.0397,  0.0090,  0.0384,  0.1183],
        [-0.0145,  0.0939, -0.0468,  0.2427, -0.0537,  0.1358, -0.2946,  0.1731],
        [ 0.3674,  0.1569,  0.0725,  0.1792, -0.1446,  0.1911,  0.0155, -0.1456],
        [ 0.1191, -0.2577,  0.1354,  0.2449, -0.0106,  0.1874,  0.2670, -0.3443],
        [-0.3608, -0.1385, -0.1203, -0.1723,  0.3888, -0.1243,  0.3443, -0.1567],
        [-0.2779,  0.1916, -0.2136, -0.2195,  0.2887,  0.0595, -0.0038,  0.1982]],
       device='cuda:0')), ('conv2.aggr.t', tensor([1.], device='cuda:0')), ('bn2.weight', tensor([0.7251, 0.6320, 0.7593, 0.7191, 0.6987, 0.6725, 0.7488, 0.6239, 0.6906,
        0.6641, 0.6797, 0.6523, 0.6867, 0.6776, 0.6706, 0.7338],
       device='cuda:0')), ('bn2.bias', tensor([ 0.4392, -0.1207, -0.3930,  0.2638,  0.2703,  0.3962,  0.6930,  0.0332,
         0.0025, -0.3317,  0.1185, -0.0260, -0.0304, -0.1435, -0.2729,  0.5368],
       device='cuda:0')), ('bn2.running_mean', tensor([ 0.0678,  0.1829,  0.1831, -0.0613, -0.1606, -0.0034,  0.1358,  0.2640,
        -0.0149, -0.0399,  0.1789,  0.0614,  0.2365,  0.1238, -0.1165, -0.0385],
       device='cuda:0')), ('bn2.running_var', tensor([0.0802, 0.0959, 0.0877, 0.0848, 0.0939, 0.0843, 0.1342, 0.1189, 0.0991,
        0.1160, 0.0445, 0.0340, 0.1438, 0.1192, 0.1117, 0.1027],
       device='cuda:0')), ('bn2.num_batches_tracked', tensor(47024, device='cuda:0')), ('conv3.bias', tensor([-8.9772e-07, -6.1436e-08, -4.4190e-07, -3.1265e-06,  2.8448e-06,
         1.9565e-06, -2.1521e-07,  2.5196e-06, -2.0125e-06, -2.9695e-06,
        -3.9196e-06, -3.3939e-06, -1.1754e-06,  2.3851e-06, -3.5875e-06,
        -9.4515e-07, -3.2012e-06, -2.1314e-06, -2.3520e-07,  7.1386e-07,
        -6.1880e-08,  2.0675e-06,  3.2591e-06,  9.5819e-07,  1.1013e-06,
         2.4672e-06, -8.9670e-07, -3.0233e-06,  9.8928e-07, -9.4999e-07,
         2.6917e-06, -1.4891e-06], device='cuda:0')), ('conv3.lin.weight', tensor([[-3.4888e-02,  1.3900e-01, -7.6234e-02, -3.7352e-02, -2.8717e-02,
         -1.4018e-01, -1.4296e-01, -9.2162e-02, -7.9880e-02,  4.5598e-02,
         -1.2733e-02, -4.0495e-02,  1.6840e-01,  2.7358e-02,  9.9797e-02,
         -1.2725e-01],
        [-1.3914e-01,  2.7350e-02, -2.2617e-01,  1.3750e-01, -1.5012e-01,
         -3.9554e-02, -1.0771e-01,  6.3707e-02,  1.3720e-01,  5.9614e-02,
          6.3336e-02, -1.5861e-01,  7.2187e-02,  2.1957e-01,  1.1234e-01,
         -8.7826e-02],
        [-1.7858e-01,  1.0849e-01, -6.7878e-03,  7.6736e-02,  1.1458e-01,
          9.6574e-04, -1.7786e-01, -5.2275e-02,  5.4659e-02,  2.8739e-01,
          7.9285e-02, -1.7867e-01,  2.0794e-01,  1.5265e-01,  1.2269e-01,
         -4.4231e-02],
        [ 2.0277e-01, -1.4914e-01, -1.8114e-01,  1.0562e-01,  1.4931e-01,
          1.3661e-01,  5.2997e-02, -5.4205e-02, -1.0619e-01,  5.4969e-02,
          1.3202e-01,  6.3910e-02, -5.0735e-02, -1.7092e-02, -5.8818e-02,
         -1.9497e-01],
        [ 1.5377e-01,  3.1706e-02, -2.0342e-01, -9.1479e-02, -6.2013e-02,
         -5.6458e-02,  8.8746e-02, -1.7832e-01, -9.0771e-02, -1.4244e-01,
         -4.9303e-02, -6.1084e-02,  1.9119e-02, -1.5884e-01, -2.1443e-01,
         -8.3992e-02],
        [ 2.1210e-01,  6.6054e-02, -9.9683e-02,  2.0031e-01,  1.5654e-01,
          1.4295e-01,  2.2924e-01, -3.8689e-03, -1.2744e-01, -5.7742e-02,
          1.3584e-01, -5.6698e-02, -1.2636e-02, -7.3889e-02, -1.3960e-01,
          1.4146e-01],
        [ 7.2576e-02, -1.7456e-01, -2.1986e-02, -4.7833e-02,  1.5217e-01,
          1.2027e-01, -1.0347e-01, -1.6410e-01,  8.9138e-02, -1.6553e-01,
          6.0693e-02,  5.4330e-02,  2.3195e-01, -1.2688e-02,  1.7925e-01,
          3.7701e-02],
        [-3.0752e-02, -1.9663e-02,  1.5171e-01, -5.1392e-02,  1.3129e-01,
          1.3780e-03, -3.7413e-01,  7.9387e-03,  1.0083e-01,  2.1239e-02,
          1.1658e-01, -5.7036e-02,  1.3203e-01,  9.3737e-02,  1.3559e-01,
         -1.5980e-01],
        [ 9.0857e-02, -3.8154e-02,  2.6390e-01,  8.6295e-02, -5.4873e-02,
         -1.2925e-02, -1.6421e-01, -4.5320e-02, -2.8262e-02, -1.7067e-01,
         -1.7781e-01,  3.3747e-02,  9.5302e-03,  5.3083e-02, -6.5085e-02,
          1.7390e-01],
        [-6.3036e-02,  8.2256e-02,  6.5815e-02,  1.5785e-01,  4.0219e-02,
         -1.8747e-02,  1.7071e-01,  1.4674e-01, -1.4105e-01,  2.9224e-02,
         -5.1202e-02, -1.5624e-01, -1.0067e-01,  7.6616e-02, -9.5943e-02,
          1.6986e-02],
        [ 1.4431e-01, -8.2466e-02, -2.1635e-01,  1.6198e-01,  6.4641e-03,
          1.3272e-02, -5.8501e-02,  1.8750e-01,  1.1881e-01, -4.5412e-02,
         -7.4973e-02,  7.2281e-02, -6.9968e-02,  1.5946e-01, -2.0091e-02,
         -2.0455e-01],
        [ 1.3109e-01, -8.3275e-02, -1.2463e-01,  1.6076e-01,  1.0466e-01,
          7.3662e-02,  4.9126e-02,  1.2527e-01,  3.7995e-02, -4.5334e-03,
          1.0063e-01,  5.2111e-02,  8.6198e-02,  1.6011e-01,  6.3660e-02,
          6.1365e-02],
        [-1.4193e-01, -1.3623e-01, -8.8152e-02,  1.2901e-01,  1.0717e-01,
          5.6598e-02,  6.1115e-02,  8.8956e-02, -1.0621e-01,  1.0867e-01,
         -3.3521e-02, -1.1322e-01,  1.3288e-01,  1.3442e-01,  1.3540e-02,
          1.6124e-01],
        [ 2.6262e-02, -4.8012e-02, -8.2877e-02,  1.2354e-01,  1.0218e-01,
          1.0412e-02, -1.3520e-01,  1.3946e-01,  4.6972e-02,  1.1609e-01,
          1.0264e-01, -1.9181e-02,  1.5642e-02,  8.5184e-02,  7.1105e-02,
         -6.5763e-02],
        [ 5.8565e-02,  2.5426e-02,  2.3745e-02, -8.5683e-02,  1.9822e-01,
          4.6357e-02, -2.9056e-02,  9.1825e-02,  2.0024e-01, -5.8206e-02,
          1.1253e-01, -5.9512e-02,  3.6679e-03, -2.2750e-01,  1.0364e-01,
         -9.4831e-02],
        [ 1.5317e-02,  9.9162e-02, -3.4521e-03,  5.5666e-02,  1.7293e-01,
          9.7060e-02,  1.8386e-01,  4.7764e-02,  4.6854e-02,  4.0739e-02,
          8.3405e-03, -4.7220e-02,  1.1389e-01,  3.5748e-02, -4.3710e-02,
          2.4853e-01],
        [ 2.7910e-01, -3.9451e-02, -9.0091e-02,  1.5451e-01,  3.5598e-02,
          1.1357e-01,  1.6942e-01, -9.0711e-02,  1.2049e-01, -1.2989e-01,
          1.4039e-01, -5.8827e-02, -1.3147e-01, -7.6383e-02, -1.7203e-02,
          6.0220e-02],
        [-4.9320e-02,  1.3593e-01,  1.4605e-01,  8.1242e-02, -1.1031e-01,
         -1.0934e-01, -1.6027e-01,  1.1602e-01, -1.2392e-01,  6.2226e-02,
         -1.4811e-01, -8.9422e-02, -6.6728e-02,  1.1428e-01,  1.0991e-02,
         -1.7206e-01],
        [-1.9139e-01,  1.5600e-01,  7.8387e-02, -1.9028e-01,  8.3389e-02,
         -5.9945e-02, -1.1631e-02,  1.0736e-01,  1.3902e-01,  1.6648e-01,
          2.6389e-02, -3.4102e-03,  6.6860e-02, -2.0995e-01,  1.4565e-01,
         -1.6378e-01],
        [-1.1577e-02, -4.2881e-02,  7.1461e-02,  1.0180e-01,  9.8665e-02,
         -9.6768e-03,  1.0820e-01,  4.2592e-02, -3.7944e-03,  1.4855e-01,
          6.3771e-02, -1.0287e-01, -8.9044e-02, -1.2392e-01,  1.1293e-01,
         -1.4292e-01],
        [-1.1230e-01, -3.6352e-02,  1.1915e-01, -1.1599e-01, -2.0871e-01,
         -9.3501e-02, -2.4365e-01, -7.7391e-02, -3.4196e-02,  1.3312e-01,
         -9.0254e-03,  8.2457e-02, -1.3869e-01,  5.6108e-02,  1.1576e-01,
         -3.0858e-01],
        [-9.6121e-02, -9.5161e-02,  3.8578e-02, -1.4831e-01,  1.6194e-02,
         -1.3648e-01, -2.0298e-01,  5.2771e-02,  6.8326e-02,  2.2001e-02,
          6.7931e-02,  1.3411e-01, -2.5503e-02, -2.2586e-02,  1.1335e-01,
         -2.1345e-01],
        [-1.2873e-01, -7.2477e-02,  1.7437e-01, -7.1744e-02,  3.5751e-02,
          1.1618e-01,  4.0368e-02,  6.0328e-02, -4.1334e-02,  7.5938e-03,
          1.3881e-01,  9.8456e-02, -1.3890e-01, -5.2633e-02, -8.0313e-02,
          1.0994e-01],
        [ 2.4113e-05, -5.0173e-02, -4.2739e-03, -1.0434e-01, -1.8614e-01,
         -1.2218e-01, -2.2716e-01, -1.8940e-01, -1.2385e-02,  1.6184e-01,
          1.2435e-01, -3.1067e-02, -4.9131e-02,  1.1464e-01, -1.9269e-02,
         -1.6127e-01],
        [-1.6934e-01, -7.5456e-02, -1.8358e-01, -1.7916e-01,  5.4909e-02,
          8.4258e-02,  1.4263e-01,  1.4532e-01,  7.1032e-02,  1.1644e-01,
         -3.8994e-02,  1.5845e-01, -2.7734e-02, -6.3632e-02,  9.4538e-02,
         -1.2991e-01],
        [ 3.4158e-02,  1.5767e-01,  1.5353e-01,  1.3494e-01, -1.2967e-01,
         -9.2796e-02, -2.2434e-01,  1.8057e-03,  1.2420e-01,  9.0772e-02,
         -6.4127e-02, -1.9137e-01,  2.5722e-02,  1.4671e-01, -2.9576e-02,
          1.8799e-02],
        [-1.0676e-01,  1.2755e-01, -1.3513e-02,  9.8713e-02, -7.2706e-02,
          6.4035e-02,  1.6313e-01,  4.3843e-02, -1.6826e-01, -9.4370e-03,
         -1.8456e-01,  7.6734e-02, -3.6170e-02, -9.6782e-02,  1.0159e-01,
         -6.0310e-02],
        [ 1.2207e-01, -3.5175e-02, -2.2958e-01,  1.3560e-01, -4.5215e-02,
          1.1636e-01,  2.5446e-01, -7.6302e-02,  1.6023e-01,  6.0204e-02,
          1.9377e-01, -9.3418e-02, -3.6479e-02,  8.6987e-02, -3.6921e-02,
          2.2306e-01],
        [-9.6364e-02,  2.3404e-03,  1.7121e-01,  5.5747e-02, -6.2771e-02,
          2.3203e-02, -1.5502e-01, -1.7534e-01, -1.5222e-01,  1.2230e-01,
          8.3602e-02,  1.0366e-01, -1.6120e-01,  7.3044e-02,  5.6598e-02,
         -1.6052e-01],
        [-3.9768e-02, -8.0904e-02, -9.5287e-02,  7.7755e-02, -6.1701e-02,
          2.6920e-01,  4.1557e-02,  4.7977e-02,  9.4532e-02, -1.6354e-01,
          4.5592e-02, -9.4437e-02, -6.6048e-02,  1.4545e-01, -4.6101e-02,
          1.9027e-01],
        [-1.6827e-01, -7.5880e-02,  1.4213e-02, -1.4095e-01, -4.5524e-02,
          1.0661e-01, -7.3718e-02, -1.5286e-02,  8.0199e-02,  1.5806e-01,
          1.6698e-01, -8.4040e-02, -9.2686e-02, -4.7786e-02,  5.2463e-02,
         -1.0907e-01],
        [-3.8231e-02, -4.6168e-02,  1.8887e-03,  8.7075e-02, -9.8696e-02,
          1.1130e-01,  3.4673e-02,  1.1198e-02, -2.0756e-02, -4.6569e-02,
         -9.9996e-03,  9.3486e-02, -8.9762e-02,  2.5296e-02,  1.9564e-01,
          3.3446e-02]], device='cuda:0')), ('bn3.weight', tensor([1., 1., 1., 1., 1., 1., 1., 1., 1., 1., 1., 1., 1., 1., 1., 1., 1., 1.,
        1., 1., 1., 1., 1., 1., 1., 1., 1., 1., 1., 1., 1., 1.],
       device='cuda:0')), ('bn3.bias', tensor([0., 0., 0., 0., 0., 0., 0., 0., 0., 0., 0., 0., 0., 0., 0., 0., 0., 0., 0., 0., 0., 0., 0., 0.,
        0., 0., 0., 0., 0., 0., 0., 0.], device='cuda:0')), ('bn3.running_mean', tensor([0., 0., 0., 0., 0., 0., 0., 0., 0., 0., 0., 0., 0., 0., 0., 0., 0., 0., 0., 0., 0., 0., 0., 0.,
        0., 0., 0., 0., 0., 0., 0., 0.], device='cuda:0')), ('bn3.running_var', tensor([1., 1., 1., 1., 1., 1., 1., 1., 1., 1., 1., 1., 1., 1., 1., 1., 1., 1.,
        1., 1., 1., 1., 1., 1., 1., 1., 1., 1., 1., 1., 1., 1.],
       device='cuda:0')), ('bn3.num_batches_tracked', tensor(0, device='cuda:0'))])