OrderedDict([('conv1.bias', tensor([ 1.4717e-07, -2.5714e-07, -9.4184e-07,  7.8536e-07, -4.0307e-08,
         1.5906e-06,  6.1562e-07,  5.5478e-07], device='cuda:0')), ('conv1.lin.weight', tensor([[ 4.5134e-05, -1.0086e-05, -6.6176e-05,  8.1293e-05, -3.2902e-05,
         -1.1918e-03, -4.3889e-42,  1.0955e-41, -1.7332e-16, -1.3768e-09,
          2.8959e-04, -6.9439e-03, -7.5943e-03, -1.2587e-03, -2.8913e-03,
         -9.5267e-02, -1.5929e-03, -5.9036e-03, -1.1084e-02, -1.0462e-02,
          7.3406e-03,  1.0967e-02, -1.0692e-02, -4.2898e-05, -1.0441e-03,
         -2.3798e-04,  3.2498e-04, -1.8658e-03,  9.2330e-05,  3.8736e-05,
         -1.3458e-03, -1.9112e-02,  5.9061e-05,  5.1717e-04, -3.2953e-05,
         -2.5360e-04,  5.9709e-42, -1.5830e-03, -1.9736e-02,  1.4610e-03,
          2.2370e-03, -8.4725e-04,  1.4389e-03,  4.3547e-02,  1.6452e-02,
          4.9198e-05, -3.4414e-03, -9.1206e-02, -1.3758e-03, -2.0389e-04,
         -9.5521e-04, -1.9226e-42,  6.7449e-18,  6.4880e-43, -1.4433e-42,
         -3.9150e-04, -6.7549e-04,  9.9853e-05, -9.6116e-05, -9.2735e-05,
          2.3256e-04, -2.1926e-02, -1.6308e-02, -1.4885e-02, -3.5966e-03,
         -2.9177e-02, -6.6427e-02, -2.3080e-07],
        [-2.2791e-05,  2.1212e-04, -2.0209e-04,  9.6165e-05,  9.5307e-06,
          2.0345e-04,  1.2451e-10,  2.2386e-41, -1.5681e-38, -3.9685e-42,
          3.3010e-04,  9.1031e-03,  2.0213e-02, -1.9586e-03,  2.1127e-03,
          1.2344e-01, -4.7802e-04,  9.4147e-03,  1.1434e-02,  1.0725e-02,
          4.2320e-03,  3.6850e-04,  1.0940e-02,  8.5885e-04,  3.8133e-03,
         -3.7938e-05,  2.1782e-04,  1.5469e-03, -2.7294e-05,  6.5867e-05,
          3.5252e-04,  3.0808e-02, -5.4525e-04, -3.6487e-04,  2.3724e-05,
          9.0347e-05,  1.8984e-16, -3.3009e-04,  1.7535e-01, -6.5745e-02,
          2.6241e-04, -2.4206e-03, -2.3978e-03,  1.3876e-01,  9.8462e-02,
          2.6792e-04,  6.7154e-03,  1.0516e-01, -1.3671e-03,  1.7747e-04,
          1.0060e-03,  3.2945e-42, -1.8271e-06, -8.3259e-26, -3.0527e-28,
          1.3921e-03,  6.5797e-04, -6.9073e-06,  2.2605e-04,  2.8486e-04,
          1.9409e-04,  3.1149e-02,  2.3881e-02,  2.0854e-02,  2.1743e-02,
          3.5719e-02,  4.0041e-02,  2.6339e-04],
        [-9.9723e-04, -4.0004e-04,  1.4632e-03, -1.4894e-04, -7.0172e-05,
          5.8029e-03, -3.2095e-13,  2.6970e-13,  3.2412e-42, -3.6616e-42,
         -3.9035e-03,  2.6154e-02,  4.2721e-02,  3.6727e-03,  1.1068e-02,
          2.2913e-02,  3.6987e-03,  3.7273e-02,  2.1448e-02,  4.2230e-02,
         -4.3511e-02, -2.0249e-02,  2.7693e-02,  4.9081e-04,  5.4857e-03,
          1.2343e-03, -2.6766e-03,  7.0246e-03, -4.1761e-06,  1.1799e-03,
          2.2933e-03,  7.3299e-02, -1.1983e-03, -3.8458e-03,  1.3105e-03,
          1.0440e-03, -9.0664e-43,  8.9735e-03,  7.2375e-03, -1.4000e-02,
         -9.9829e-03,  6.9745e-04, -8.5460e-03,  1.1295e-01,  2.2526e-01,
          9.6778e-04,  1.2225e-02, -1.0937e-02,  4.5444e-03,  1.6716e-03,
          3.9849e-03,  2.8895e-42, -3.1086e-09, -1.5522e-17,  1.2411e-06,
          2.3782e-03,  3.1706e-03, -9.2744e-04,  1.2000e-03,  1.1448e-03,
         -2.2245e-04, -4.7619e-03,  8.1007e-02,  1.3222e-02,  2.5469e-02,
          1.3523e-01,  2.2711e-03,  3.0140e-04],
        [ 1.5792e-04, -1.5093e-05, -3.1742e-05,  1.1456e-04,  8.2895e-06,
          5.6355e-04, -2.8278e-42, -2.6414e-42, -1.2448e-06, -1.1613e-41,
         -2.4828e-04,  8.4246e-03,  1.6494e-02, -5.6979e-05,  1.4852e-03,
          1.0867e-01,  1.8276e-03,  5.5213e-03,  1.0142e-02,  8.2332e-03,
         -9.5134e-04, -3.5051e-03,  9.6375e-03,  5.3070e-05,  1.3770e-03,
          2.2049e-04,  1.9527e-04,  1.2527e-03,  6.8420e-05,  1.5553e-04,
          9.5312e-04,  7.1652e-03,  5.0200e-05, -4.8093e-04,  2.0161e-04,
          3.0928e-04, -9.3266e-13,  5.3071e-04,  7.1291e-02, -1.2389e-02,
         -7.3451e-04, -2.9666e-04, -3.2001e-04,  4.2257e-02,  2.1419e-01,
          3.8252e-04,  4.9761e-03,  7.7193e-02,  6.8027e-04,  1.3302e-04,
          2.5772e-04, -2.2146e-08,  7.8161e-27, -9.7563e-18, -3.5854e-09,
          3.2290e-04,  2.4278e-05,  1.5741e-04,  6.7259e-05,  8.1479e-05,
          1.7571e-04,  3.7170e-02,  2.2607e-02,  2.1825e-02,  1.9718e-02,
          3.5534e-02,  3.5745e-02,  4.2580e-05],
        [ 7.0067e-04, -9.2447e-04, -1.5448e-04, -2.8357e-04,  3.6831e-06,
         -5.1943e-03,  7.6429e-10,  6.6085e-42, -2.5434e-42,  2.7387e-19,
         -2.4901e-04, -1.2094e-02, -1.8623e-02,  3.0411e-03, -1.0393e-02,
         -1.4970e-01,  2.0762e-03, -6.1473e-03, -2.7054e-02, -7.1855e-03,
          2.2339e-02,  3.2694e-02, -1.6825e-02, -2.2673e-03, -7.5838e-03,
         -8.4652e-04, -2.0986e-05, -4.4269e-03,  4.8500e-05, -7.5443e-04,
          1.0024e-03,  4.7988e-02,  3.7041e-03,  3.8264e-03, -5.7575e-04,
         -6.4884e-04, -1.8960e-42, -2.3923e-03,  2.8790e-01,  2.1296e-01,
          9.6400e-03,  6.7061e-03,  1.0067e-02, -7.3277e-02, -6.6635e-02,
         -1.0354e-03,  1.0864e-02,  1.8588e-01,  1.1735e-03, -2.4178e-03,
         -3.2024e-03,  7.9496e-42,  9.1084e-43, -3.7555e-42, -1.0014e-41,
         -3.6516e-03, -2.4415e-03,  6.9485e-04, -1.4302e-03, -1.4460e-03,
          2.1748e-04,  4.2165e-02, -2.4102e-02, -5.0274e-02, -3.7747e-02,
         -3.6474e-02, -2.5083e-02, -1.1338e-03],
        [-3.7098e-03, -3.9800e-05,  2.2162e-03,  4.2378e-04,  3.1225e-05,
          1.4403e-02, -2.2911e-42,  1.0218e-20,  2.7914e-42, -4.7994e-42,
         -5.5736e-03,  4.1106e-03, -4.0749e-02,  1.2222e-03,  2.6411e-02,
         -4.0699e-03, -1.4165e-02,  2.7001e-02,  5.4331e-02,  5.2094e-02,
         -1.0343e-01, -1.2973e-01,  5.7015e-02,  3.0382e-03,  2.7424e-03,
          2.0435e-03, -5.0368e-03,  6.6866e-03, -3.5682e-04,  1.9843e-03,
         -5.0443e-03, -1.4092e-02, -8.3706e-03, -9.5554e-03,  6.7891e-04,
          1.1107e-03, -9.4896e-42,  1.6240e-02, -1.0543e-01, -1.3905e-01,
         -3.2163e-02, -8.8867e-03, -2.7047e-02, -9.9825e-03,  2.5909e-03,
          2.5815e-04, -4.7146e-02, -1.1893e-02,  2.1584e-03,  5.5276e-03,
          1.0543e-02,  4.9847e-34, -5.8448e-42,  2.6782e-19,  1.2649e-06,
          6.0850e-03,  9.6460e-03, -3.9060e-03,  2.7534e-03,  3.0854e-03,
         -1.6589e-03, -1.3092e-02,  1.0334e-02,  9.8278e-04, -2.9285e-02,
         -3.9484e-02, -1.3870e-03,  8.4412e-04],
        [ 7.4205e-05, -2.3986e-05, -7.4579e-05,  5.1435e-05, -3.8715e-05,
         -2.8080e-04,  5.5632e-43,  3.1515e-42,  6.0813e-09,  3.9559e-42,
          2.2739e-04,  3.1010e-03, -3.0961e-02, -5.4694e-04, -1.4055e-03,
         -1.6200e-01,  3.1469e-04, -2.7843e-03, -2.6967e-03, -3.8639e-03,
         -3.3375e-03, -4.9502e-03, -1.7116e-03, -7.2491e-05, -1.0914e-03,
          4.1562e-06,  1.8544e-04, -9.7617e-04,  3.3060e-05,  1.0927e-04,
         -7.1057e-04, -1.0158e-02, -1.8172e-04,  2.5145e-04,  1.9443e-04,
         -1.4113e-04,  4.8261e-42, -7.9925e-04, -7.4070e-02,  9.4998e-03,
          8.5634e-04,  9.5379e-05,  6.6195e-04, -1.7162e-01, -6.4400e-02,
          2.2908e-04, -5.4214e-03, -1.4168e-01, -4.8411e-04, -1.1773e-04,
         -6.7824e-04,  1.1346e-41,  1.2834e-13,  7.8702e-11, -1.4784e-42,
         -3.5985e-04, -4.6729e-04,  3.6990e-05,  1.9854e-05, -3.1084e-05,
          1.5137e-04, -1.0301e-02,  3.7552e-04, -2.4553e-02, -1.8476e-02,
          2.2402e-02, -5.7992e-02,  2.0358e-05],
        [-1.3494e-03,  7.4539e-04,  7.1544e-04,  2.7221e-04,  3.8148e-06,
          1.1315e-02, -6.4148e-09, -4.2991e-26, -8.9512e-10, -3.4762e-12,
         -2.0301e-03,  8.5482e-02, -2.4799e-02,  4.9828e-03,  2.2715e-02,
          1.2071e-01,  2.4209e-02,  4.0560e-02,  5.3292e-02,  9.7209e-02,
         -3.8550e-02, -6.4384e-02,  3.0508e-02,  2.5513e-03,  8.7996e-03,
          3.0350e-03, -6.3881e-04,  1.4477e-02,  1.3386e-04,  1.9329e-03,
          6.1065e-03, -6.6489e-02, -2.5640e-03, -8.0786e-03,  2.2488e-03,
          2.8093e-03, -2.8675e-30,  1.1151e-02, -3.2715e-01, -3.0068e-01,
         -1.7294e-02,  3.8708e-03, -1.4648e-02,  1.2235e-02,  1.3229e-01,
          3.6780e-03,  1.1784e-02, -1.7415e-01,  7.2120e-03,  4.3298e-03,
          7.0314e-03,  4.2671e-12,  3.0590e-42, -2.0092e-08, -2.2925e-42,
          5.5061e-03,  5.9056e-03, -1.3181e-03,  1.3975e-03,  2.6282e-03,
          1.3563e-04,  2.9664e-02,  5.0710e-02,  8.3900e-02, -7.5706e-05,
          1.5034e-01,  2.4985e-03,  1.6075e-03]], device='cuda:0')), ('conv1.aggr.t', tensor([1.], device='cuda:0')), ('bn1.weight', tensor([0.8165, 0.6989, 0.9490, 0.7689, 1.0562, 0.7387, 0.7105, 0.8111],
       device='cuda:0')), ('bn1.bias', tensor([ 0.0137, -0.0450,  0.1371,  0.0489,  0.2309, -0.2110, -0.1436,  0.0930],
       device='cuda:0')), ('bn1.running_mean', tensor([ -795.3386,   967.1682,   210.1102,   789.7523,   590.1285,  -483.5190,
        -1105.6835,  -944.3178], device='cuda:0')), ('bn1.running_var', tensor([193574.8281, 153536.8281,   7377.4531, 122278.1641, 244039.1250,
         38172.5234, 306537.4375, 284573.8125], device='cuda:0')), ('bn1.num_batches_tracked', tensor(47024, device='cuda:0')), ('conv2.bias', tensor([ 2.9270e-07,  1.3757e-05,  1.7800e-06, -3.0933e-07, -7.0128e-06,
         6.3240e-06, -3.6001e-07, -1.3727e-06, -9.6817e-06,  2.3043e-06,
         2.7086e-06,  1.6236e-06,  6.0082e-06, -1.6737e-05,  4.0295e-06,
         8.3936e-06], device='cuda:0')), ('conv2.lin.weight', tensor([[ 0.0544, -0.0957,  0.4184,  0.2343,  0.3133,  0.0103, -0.0346,  0.0956],
        [ 0.1501,  0.2375,  0.3111,  0.1844,  0.1293,  0.0908, -0.1456,  0.0540],
        [ 0.1781,  0.1824, -0.1793,  0.0295,  0.1475, -0.1582,  0.0079, -0.3715],
        [-0.2993,  0.1541,  0.4577, -0.2517,  0.0815, -0.2645, -0.2721,  0.2722],
        [ 0.0188, -0.1065, -0.3313,  0.2110, -0.1435, -0.0694, -0.1252, -0.2763],
        [-0.0031, -0.1435, -0.1727, -0.2293, -0.0287,  0.1108,  0.2026,  0.1828],
        [-0.1174,  0.1789,  0.2510, -0.0671, -0.1848,  0.1512, -0.2274, -0.1473],
        [-0.2438, -0.0830,  0.2535, -0.3150,  0.3195,  0.2341, -0.1382, -0.1986],
        [ 0.0157, -0.1844, -0.3011, -0.3464,  0.0615, -0.0456,  0.1690,  0.3024],
        [-0.0061,  0.2752, -0.3046, -0.3149,  0.5576, -0.1157, -0.1359,  0.1697],
        [-0.3538,  0.4220,  0.2738,  0.1053, -0.0579, -0.0794,  0.1007, -0.1997],
        [ 0.1485, -0.0717, -0.0879, -0.1846,  0.4029, -0.0861, -0.1711,  0.1346],
        [-0.1609,  0.0602,  0.3034, -0.1663,  0.5730, -0.0617, -0.1508,  0.0869],
        [-0.0130, -0.1180, -0.1974, -0.2345, -0.1895, -0.1077,  0.1782,  0.1234],
        [ 0.2422,  0.0503,  0.2100, -0.0961,  0.3756,  0.2027, -0.0646, -0.2174],
        [-0.3205,  0.1721,  0.0844,  0.0193, -0.3598,  0.1258, -0.2283, -0.2459]],
       device='cuda:0')), ('conv2.aggr.t', tensor([1.], device='cuda:0')), ('bn2.weight', tensor([0.7312, 0.8111, 0.7653, 0.8019, 0.6972, 0.8095, 0.8062, 0.6610, 0.8089,
        0.8045, 0.7403, 0.8332, 0.8278, 0.7768, 0.7371, 0.8051],
       device='cuda:0')), ('bn2.bias', tensor([-0.3473,  0.8167, -0.7458, -0.5269,  0.6413,  0.2396,  0.4726, -0.4861,
         1.1161, -0.9046,  1.0059,  1.0840,  0.4894, -0.6967, -0.2652,  0.6218],
       device='cuda:0')), ('bn2.running_mean', tensor([ 0.4724,  0.4034, -0.0362,  0.1287, -0.3113, -0.1074, -0.0505,  0.0470,
        -0.1598,  0.1397,  0.0899,  0.1398,  0.3671, -0.2665,  0.3139, -0.2948],
       device='cuda:0')), ('bn2.running_var', tensor([0.1767, 0.1400, 0.1505, 0.2251, 0.1029, 0.0737, 0.1386, 0.1365, 0.1778,
        0.3773, 0.1991, 0.1994, 0.2673, 0.0854, 0.1784, 0.2644],
       device='cuda:0')), ('bn2.num_batches_tracked', tensor(47024, device='cuda:0')), ('conv3.bias', tensor([ 3.7535e-06, -2.4950e-06, -2.0162e-06,  2.1752e-06, -2.1081e-06,
        -7.9039e-07, -6.6856e-07, -1.1398e-06,  2.7828e-06,  5.6836e-06,
         1.6746e-06, -2.0095e-06, -1.7467e-07,  4.4905e-07,  1.2932e-06,
        -5.8372e-06, -3.4241e-07,  1.6283e-06, -9.0067e-07, -1.5692e-06,
         1.3293e-06, -1.4328e-06,  7.7386e-08,  1.5124e-06,  1.3345e-06,
        -1.5000e-06,  5.2038e-07, -4.2209e-06, -4.2929e-06,  5.3283e-07,
        -6.5567e-06,  3.9823e-07], device='cuda:0')), ('conv3.lin.weight', tensor([[-1.1656e-01, -2.3043e-01, -7.6990e-02,  7.0402e-02,  1.7063e-02,
         -1.6129e-01,  3.4894e-02, -2.2138e-02,  1.0221e-01, -5.8804e-02,
          2.0741e-01, -4.1043e-02,  7.0697e-02,  6.4707e-02,  1.8203e-01,
         -1.2503e-01],
        [-7.3290e-02,  6.7263e-02,  9.8206e-02,  1.4643e-01, -9.7302e-02,
          7.9301e-02, -1.2433e-01, -2.8695e-03,  9.0750e-02,  7.4012e-02,
          1.2859e-01, -1.0969e-01, -1.9120e-02, -1.0249e-02,  3.3415e-02,
          6.7970e-02],
        [ 1.5308e-01, -4.7379e-02,  1.5337e-01,  1.7420e-01,  7.6241e-02,
         -1.2046e-01,  4.9062e-02, -1.2349e-01,  1.6492e-01,  8.7957e-02,
         -1.3087e-01,  1.9382e-02, -5.8352e-02, -4.3640e-02, -1.1299e-01,
          1.2873e-01],
        [ 7.0246e-02,  2.2773e-02,  1.3413e-01,  1.0726e-01, -2.6032e-02,
         -1.7289e-01, -2.3551e-01, -1.4097e-01,  5.0836e-03, -2.7577e-01,
          1.9337e-04,  1.3594e-01,  1.0505e-01,  2.0930e-01,  2.0209e-02,
          8.6129e-02],
        [ 1.9994e-01, -1.0874e-01, -1.0900e-01,  1.4082e-02,  5.9504e-02,
         -1.3753e-01, -1.7171e-01,  1.4592e-01, -1.7937e-01, -1.1750e-01,
          3.5763e-02,  2.2899e-01, -9.4625e-02,  1.7461e-01, -1.1785e-01,
          2.7061e-02],
        [ 9.3211e-02, -1.2195e-01, -1.1078e-01, -2.4613e-01, -1.2326e-02,
          1.6489e-01,  1.1937e-01,  4.6122e-02, -1.3501e-01,  2.3523e-02,
          5.6281e-02, -1.4985e-01,  1.9759e-01,  1.1817e-02, -1.2790e-01,
         -1.0619e-01],
        [ 1.9530e-01, -2.5430e-02, -1.2406e-01, -2.1809e-01, -4.1412e-02,
         -4.1312e-02,  1.1437e-01,  4.9587e-02, -7.9352e-02, -3.0194e-02,
         -1.7984e-02, -1.2631e-02,  1.6467e-02,  2.6872e-01,  1.4396e-01,
          8.1333e-02],
        [-2.1998e-01,  2.9754e-02,  8.5650e-02, -9.6385e-02, -1.5547e-01,
         -2.3830e-01, -8.4732e-02,  1.3378e-02, -1.6599e-02, -1.5416e-01,
          1.1460e-01,  1.4418e-01,  8.4440e-03,  1.3023e-01,  8.9119e-02,
          1.0577e-02],
        [ 2.0079e-01, -5.8355e-01,  3.9378e-01,  2.8344e-01, -3.3479e-01,
         -2.1970e-01, -2.9572e-01,  2.6148e-01, -7.5960e-01,  5.6337e-01,
         -6.4032e-01, -7.6469e-01, -2.7525e-01,  4.8904e-01,  1.6138e-01,
         -3.6646e-01],
        [-8.4427e-02, -1.7702e-01, -1.0665e-01, -9.6988e-02, -1.3138e-01,
         -1.2200e-01,  1.9825e-01, -1.1278e-01,  1.9204e-01,  7.1848e-02,
          8.6964e-02,  7.0830e-02, -1.9539e-01, -7.5846e-02,  2.8283e-01,
         -1.3050e-02],
        [ 1.4479e-01, -1.0155e-02,  9.9413e-02,  2.1703e-01,  1.5341e-01,
          9.6547e-02, -2.1166e-01, -1.1662e-01,  3.8682e-02, -1.8912e-01,
         -1.5768e-01,  1.0725e-01,  1.1383e-01, -3.2740e-02, -4.9085e-02,
          2.1840e-01],
        [-4.5389e-02,  2.0420e-01,  5.1222e-02, -1.1461e-02,  3.9727e-02,
         -2.0727e-01,  3.1803e-02,  9.1615e-02,  6.5374e-02,  1.6773e-01,
         -1.6705e-01, -2.6090e-02, -8.1913e-02,  7.7545e-02, -9.8114e-02,
          1.1508e-01],
        [ 1.1313e-01,  6.2142e-02, -2.8413e-02, -2.5677e-01, -8.1488e-02,
         -4.7138e-02,  8.0136e-02,  7.0525e-02, -3.7942e-02,  1.7412e-01,
          2.2398e-02,  9.2278e-02, -1.6744e-01, -5.8020e-02, -8.6989e-02,
          2.5578e-02],
        [-3.9903e-03,  1.4757e-02, -1.3286e-03, -1.9875e-01,  5.4378e-02,
          8.1331e-02,  1.8821e-01, -2.7771e-02,  6.0547e-02,  2.8559e-01,
          1.2629e-01, -1.5046e-01,  2.2173e-02, -1.2275e-01, -1.0111e-01,
         -9.0492e-02],
        [ 5.9418e-03, -1.5219e-01, -1.8649e-01, -1.7660e-02,  8.7072e-02,
          1.5886e-01,  8.2693e-02,  9.5058e-02, -2.6794e-01,  1.7678e-01,
          5.3400e-02, -2.3207e-02, -2.5954e-02, -1.9461e-01, -1.0315e-01,
         -1.9954e-01],
        [ 1.6779e-01,  1.7399e-01,  1.8589e-01, -5.2301e-02, -6.8727e-02,
         -1.9307e-01, -2.1076e-01, -1.1921e-01,  2.4122e-01, -8.2756e-02,
          7.7241e-02, -8.9911e-02,  8.9341e-02,  3.0261e-01, -3.0760e-02,
          1.8959e-01],
        [ 1.2809e-01,  5.0501e-02, -4.5618e-02,  5.2694e-02,  3.1740e-02,
          7.0536e-02,  2.3109e-01,  4.2724e-02,  1.1654e-01,  9.6691e-02,
         -1.5422e-01, -3.7668e-02, -2.0994e-01, -1.5976e-01,  2.7803e-03,
         -1.4560e-01],
        [-1.3349e-01, -1.5774e-01, -2.1131e-01, -1.4257e-01,  1.8057e-01,
          6.7872e-02, -2.7691e-02, -6.8727e-02, -1.5913e-01, -1.3439e-01,
          1.7291e-01, -1.3320e-01,  3.2468e-01, -1.4671e-02,  1.3757e-01,
         -2.7057e-01],
        [ 1.7219e-02, -1.1559e-01, -1.6762e-01, -1.7384e-01, -1.1923e-02,
          1.5926e-01, -2.4477e-01, -8.4195e-04, -1.5457e-01,  1.0511e-01,
          1.3093e-01, -9.0948e-02,  1.0820e-02, -1.8558e-01,  1.2060e-01,
          1.7808e-01],
        [ 8.1942e-02,  1.4016e-01, -1.5679e-01,  1.9342e-02,  1.2131e-01,
         -1.0252e-01,  5.8748e-02,  1.7738e-02,  2.5305e-02,  2.1210e-01,
          1.4935e-02, -1.7152e-01,  6.4670e-03,  1.4823e-01,  5.6142e-02,
         -1.5442e-01],
        [ 9.5791e-03, -2.1770e-01, -1.2969e-01, -2.0990e-01, -1.9792e-01,
         -3.6700e-01, -2.5330e-02, -2.8496e-02,  1.4056e-01, -1.2575e-01,
         -6.8802e-03,  2.0587e-01,  4.8294e-02,  1.3493e-01,  2.7451e-01,
          2.6534e-01],
        [-2.0097e-01, -1.7164e-01, -1.3817e-02, -1.1241e-01, -1.9790e-01,
         -2.8415e-01, -6.6940e-02,  5.8909e-02,  1.9980e-01, -1.4374e-01,
          3.5342e-02, -9.3684e-02,  1.7162e-01, -6.4681e-02,  1.5401e-01,
          6.9595e-02],
        [-1.4674e-01,  1.5865e-01,  2.1389e-01,  1.8557e-01, -1.5939e-01,
         -1.2317e-02, -5.2311e-02, -6.6103e-02,  1.4261e-01, -1.0829e-01,
          6.1782e-03,  8.4537e-02, -9.4278e-02,  2.3113e-02,  7.8263e-02,
          3.7996e-02],
        [ 1.5463e-01,  2.3016e-03, -1.1339e-02,  1.1952e-01,  5.1361e-02,
         -2.1270e-01, -1.7182e-01,  3.9466e-02,  1.3331e-01, -2.0477e-01,
          2.8491e-01,  1.4297e-01, -2.1446e-01,  2.3381e-01,  1.1860e-01,
         -1.9257e-01],
        [ 1.3197e-01, -6.6768e-02,  6.2057e-02,  4.0775e-03,  7.2245e-02,
          7.5266e-03,  5.9479e-02, -1.4926e-02,  3.8816e-02, -1.5535e-01,
         -2.0468e-01,  1.4470e-01,  4.1998e-03, -5.0835e-02, -6.3009e-02,
          1.2608e-01],
        [-2.1909e-02, -1.3745e-01, -3.8465e-02, -1.1138e-01, -9.9808e-02,
         -7.4893e-02,  1.3815e-01, -3.8402e-02, -1.3923e-01, -1.4991e-02,
         -1.8013e-01,  1.5482e-01, -5.8705e-02, -1.2518e-01,  1.0116e-01,
          9.7921e-02],
        [ 4.3788e-02,  1.4489e-01,  1.3460e-01, -1.6238e-02, -2.0359e-02,
         -9.8186e-02, -8.7591e-02,  6.4921e-02,  7.1391e-02, -7.7954e-02,
          1.5503e-01, -1.5714e-01, -9.2419e-03,  1.8290e-01, -9.8166e-02,
         -1.5102e-01],
        [ 1.8087e-01,  5.5210e-02, -1.1476e-01, -8.6115e-02, -5.1063e-03,
          2.0658e-01,  1.6226e-01, -1.5811e-02, -1.5695e-01,  9.9879e-02,
          2.7378e-02,  1.4525e-01, -1.9169e-01,  1.2804e-01,  1.1227e-01,
          4.6520e-03],
        [ 3.6892e-02, -3.6766e-04, -2.2365e-02,  5.1164e-02,  9.8597e-02,
         -2.9026e-02, -8.8905e-02,  7.1719e-03, -7.7128e-03, -8.3523e-02,
          2.9253e-02,  5.1004e-02,  1.0829e-01,  4.3934e-02,  8.1565e-02,
          2.1056e-02],
        [ 1.9114e-01,  1.7807e-01, -8.4821e-02, -1.2052e-01,  1.0231e-01,
          1.0699e-01, -9.4555e-02, -9.5252e-02, -1.5003e-01,  2.9339e-01,
          1.1254e-02, -6.6712e-02,  4.4992e-02,  1.2505e-01, -1.2228e-01,
          1.2064e-01],
        [ 1.8647e-01, -1.1475e-01, -1.2262e-01,  6.1664e-03,  1.0482e-01,
         -1.1451e-02,  1.3124e-01, -1.2119e-01,  1.8971e-01,  4.3701e-02,
         -3.2309e-02, -8.2061e-02,  1.6369e-01,  5.1704e-02,  4.9131e-02,
         -2.9814e-02],
        [ 4.0627e-02,  1.2462e-01, -7.4525e-02, -9.3371e-02,  5.3465e-02,
          4.8061e-02, -1.4681e-01, -5.7758e-02, -1.4761e-03,  1.8989e-01,
         -3.2112e-02,  1.2065e-02,  1.2890e-01,  7.5396e-02, -8.9433e-02,
          2.5424e-01]], device='cuda:0')), ('bn3.weight', tensor([1., 1., 1., 1., 1., 1., 1., 1., 1., 1., 1., 1., 1., 1., 1., 1., 1., 1.,
        1., 1., 1., 1., 1., 1., 1., 1., 1., 1., 1., 1., 1., 1.],
       device='cuda:0')), ('bn3.bias', tensor([0., 0., 0., 0., 0., 0., 0., 0., 0., 0., 0., 0., 0., 0., 0., 0., 0., 0., 0., 0., 0., 0., 0., 0.,
        0., 0., 0., 0., 0., 0., 0., 0.], device='cuda:0')), ('bn3.running_mean', tensor([0., 0., 0., 0., 0., 0., 0., 0., 0., 0., 0., 0., 0., 0., 0., 0., 0., 0., 0., 0., 0., 0., 0., 0.,
        0., 0., 0., 0., 0., 0., 0., 0.], device='cuda:0')), ('bn3.running_var', tensor([1., 1., 1., 1., 1., 1., 1., 1., 1., 1., 1., 1., 1., 1., 1., 1., 1., 1.,
        1., 1., 1., 1., 1., 1., 1., 1., 1., 1., 1., 1., 1., 1.],
       device='cuda:0')), ('bn3.num_batches_tracked', tensor(0, device='cuda:0'))])