OrderedDict([('conv1.bias', tensor([-6.8544e-07,  2.1179e-08,  1.0160e-08, -2.4235e-08,  2.5602e-07,
        -1.0467e-09, -1.0105e-06, -1.1529e-07], device='cuda:0')), ('conv1.lin.weight', tensor([[-5.5320e-05,  1.4015e-04, -5.0542e-05,  7.9820e-06, -1.3839e-06,
          4.5938e-04, -1.9201e-06,  1.1975e-12, -7.0303e-42, -5.7344e-07,
          7.0642e-05,  6.4759e-04, -4.4285e-04,  1.5283e-04,  3.0880e-04,
          4.7757e-02,  2.8829e-04, -1.4661e-05, -1.9434e-04,  1.3810e-05,
         -1.3953e-03, -1.7640e-03,  2.1000e-03, -1.0746e-04, -3.1513e-04,
         -3.8831e-05, -1.3048e-04,  2.3732e-04, -2.0806e-05,  2.5849e-04,
         -6.0938e-04,  2.9013e-03, -4.7257e-04, -8.1505e-04,  2.5880e-04,
         -2.2965e-04, -8.1865e-21,  7.2905e-05, -7.0472e-02, -4.0019e-02,
          8.4559e-05,  1.5770e-04, -1.0200e-04,  8.1823e-03,  3.0016e-03,
         -1.7067e-04,  1.8377e-03, -1.0553e-01, -7.2912e-05, -1.5297e-04,
          3.1767e-04, -1.6517e-23,  4.5458e-42,  4.5515e-07, -7.3833e-12,
          8.1028e-05, -1.1737e-04, -3.7438e-05,  4.1642e-05, -4.9629e-06,
         -1.4559e-04,  1.1968e-03,  2.3457e-03,  1.5047e-03,  1.7000e-03,
          3.4184e-03,  7.2074e-02, -1.2513e-04],
        [ 2.3879e-05,  8.9050e-05,  1.8347e-05, -3.0942e-05, -9.7366e-06,
          1.4924e-04, -9.9899e-11, -7.9945e-26,  1.1774e-22,  9.5476e-08,
         -2.8439e-05,  1.5338e-03,  1.3628e-03,  4.0839e-04,  1.3376e-04,
         -9.1047e-02,  1.9943e-03, -4.7616e-04,  2.1841e-04, -5.2487e-04,
         -8.5766e-04, -7.9898e-04, -7.9119e-04, -2.0149e-05, -5.7979e-04,
          2.1106e-04,  1.3515e-04,  3.3057e-04, -8.6603e-05,  1.0500e-04,
          8.6056e-04, -2.3545e-03,  3.8663e-04,  2.6702e-04,  2.1709e-06,
         -5.3059e-05, -1.1482e-23,  1.9817e-05,  1.3766e-01, -1.1193e-01,
          2.0530e-06,  1.0639e-03, -1.3091e-04, -1.2533e-02, -7.4335e-03,
          1.5177e-04,  2.2316e-03, -2.6848e-02,  5.8263e-04,  9.9250e-05,
          7.7552e-05,  3.2098e-35, -1.7336e-19, -3.8550e-42, -1.4799e-21,
          3.7885e-04, -1.8848e-04,  1.2852e-04, -1.9356e-04, -1.7781e-05,
          9.8346e-05, -2.8960e-03, -1.5706e-03, -5.8872e-04,  2.2076e-04,
         -5.1919e-04, -1.6695e-01, -6.4724e-05],
        [-2.5267e-04, -2.5050e-04,  7.5900e-05,  4.2983e-05, -3.3585e-05,
         -3.6831e-04, -3.5831e-42, -7.2279e-42,  1.4770e-10, -6.2232e-42,
         -4.6192e-04,  9.6996e-03, -4.2365e-03,  2.8020e-03,  3.3261e-04,
         -4.8795e-02,  7.4223e-03, -7.8155e-03, -2.8959e-03, -7.6141e-03,
         -4.5319e-04,  2.5484e-03, -2.8182e-03, -2.1096e-05, -4.0594e-03,
          2.7574e-04, -5.8873e-04,  1.4309e-03, -1.3378e-04,  2.6222e-04,
          1.5516e-03, -3.0318e-02, -2.9596e-04,  1.8718e-03,  1.4784e-04,
         -2.2609e-04,  8.9389e-42,  1.1801e-03, -5.4773e-02, -4.1591e-02,
          7.8933e-04,  5.2014e-03,  5.9500e-03, -9.4449e-02, -3.8807e-02,
          1.0550e-03,  9.2761e-04, -7.0534e-02,  1.7300e-03, -1.0827e-03,
          1.0162e-03,  4.2296e-07,  4.8220e-14,  7.4521e-42,  1.7391e-14,
         -1.0704e-03, -2.3276e-05,  3.5511e-04,  3.1649e-04, -6.3134e-05,
          2.6852e-04, -3.0738e-02, -6.5932e-03, -9.5541e-03, -1.9647e-03,
         -4.8634e-03, -1.0362e-02,  1.8492e-04],
        [ 7.8651e-05, -1.8970e-04,  1.6160e-04,  8.6762e-05, -6.0542e-05,
          2.1230e-04,  1.1439e-15,  1.1029e-16,  3.4192e-42, -2.7447e-25,
          1.0092e-04,  5.8991e-03, -2.0859e-03,  1.9805e-03,  6.2939e-04,
         -1.2891e-01,  7.1063e-03, -5.7534e-03, -2.8212e-03, -4.0955e-03,
          3.0638e-03,  2.2360e-03, -1.2084e-03, -1.2202e-04, -3.9759e-03,
          4.9218e-04, -1.9848e-04,  6.0164e-04, -4.0396e-05, -3.0199e-05,
          1.1546e-03, -2.2481e-02, -5.2705e-04,  9.2983e-04, -3.0552e-04,
          1.4065e-04,  4.4225e-42,  1.4213e-03, -9.1759e-02, -9.0896e-02,
          1.0900e-03,  4.3390e-03,  1.7179e-03, -8.8777e-02, -6.8199e-02,
         -1.9225e-04,  9.6491e-04, -1.0700e-01,  2.1635e-03, -6.5540e-04,
          3.6372e-04,  1.1681e-14, -9.5821e-42,  3.2608e-42, -1.1012e-17,
         -4.9635e-04,  5.5929e-04, -5.3203e-05, -1.0891e-04, -4.5529e-04,
          1.1664e-04, -2.0596e-02, -5.3150e-03, -4.5665e-03, -6.7683e-05,
          6.4505e-04, -8.8260e-03, -2.5870e-04],
        [-3.4990e-04,  5.4274e-05, -1.6267e-05, -6.1371e-05,  1.2945e-05,
          1.3228e-03,  8.7044e-27,  2.5974e-07, -5.8798e-42,  1.0543e-14,
          1.3879e-04,  3.5638e-03,  7.7307e-03, -8.4813e-04,  3.0286e-03,
         -8.8302e-02, -8.3841e-04,  7.3985e-03,  8.2690e-03,  7.1244e-03,
         -9.1408e-03, -1.1924e-02,  6.0837e-03,  4.1888e-04,  2.1852e-03,
         -3.5255e-04,  1.6054e-04,  2.3548e-03, -1.4567e-04,  5.3893e-04,
         -9.7855e-04,  1.3747e-02, -5.9475e-04, -6.8293e-04, -8.4449e-05,
          4.3990e-04,  4.1906e-08,  1.1483e-03, -6.7707e-02, -1.2021e-01,
         -1.6184e-03, -2.2367e-03, -4.6527e-03,  9.2030e-02,  6.4682e-02,
         -4.2856e-04, -5.8034e-04,  4.2393e-02,  1.5800e-04,  4.9569e-04,
          5.5416e-04, -2.0196e-11, -4.0495e-28,  3.5889e-11,  2.3641e-10,
          7.1834e-04,  5.3982e-04, -3.3872e-04,  7.0724e-04,  6.5065e-04,
         -4.6695e-05,  1.3358e-02,  1.4584e-02,  1.1166e-02,  3.6178e-03,
          2.1794e-02, -2.9441e-02,  3.1341e-04],
        [-6.1688e-05, -1.4521e-04, -8.9017e-05,  1.5963e-05, -1.0951e-05,
         -4.3244e-04, -5.6449e-08, -1.3691e-10, -2.4315e-15, -1.1000e-16,
          1.5117e-04, -3.2563e-03, -3.6749e-03,  1.3091e-03, -2.5681e-03,
         -1.0902e-01,  1.3902e-03, -3.6342e-03, -4.1890e-03, -5.4340e-03,
          6.0196e-03,  5.2679e-03, -3.9955e-03, -4.3563e-04, -1.1947e-03,
         -1.3500e-04, -5.4069e-05,  9.8340e-04,  1.8998e-05,  3.0808e-06,
          1.2178e-05, -9.8216e-03,  2.7759e-04,  3.5033e-04,  1.7125e-04,
          2.1933e-05, -3.0716e-42,  1.0489e-03,  7.6445e-02,  1.3499e-01,
          1.5551e-03,  1.8781e-03,  3.0297e-03, -4.8701e-02, -3.8397e-02,
          1.2467e-04,  1.0683e-03, -1.2288e-01,  4.4598e-04, -5.3045e-04,
         -2.8518e-04, -4.5108e-42, -7.0219e-42,  8.4372e-42, -1.4340e-16,
         -5.5290e-04, -6.3355e-04,  8.4558e-05,  1.0933e-04, -9.5303e-05,
          2.9503e-05, -1.0111e-02, -5.4597e-03, -2.7307e-03, -5.7748e-03,
         -7.7711e-03, -1.1838e-01, -2.6323e-04],
        [ 1.6900e-04, -8.6925e-05,  3.4635e-05,  4.0316e-05,  4.6687e-06,
          4.5903e-04,  4.7056e-42,  2.1637e-18,  1.0858e-06,  5.1049e-18,
         -6.7223e-05,  5.2540e-04,  9.2395e-04,  3.2472e-04,  2.9755e-04,
          2.5994e-02, -9.3084e-04,  2.7272e-03,  3.5692e-03,  2.2417e-03,
         -1.2518e-03, -3.9414e-04,  2.5964e-03,  1.6456e-04,  1.5009e-04,
          8.6582e-05,  1.9432e-04,  1.1794e-04,  1.6064e-05,  2.0890e-04,
         -1.5866e-04,  5.7558e-03, -4.6022e-04, -7.5158e-04, -2.4907e-04,
         -2.2222e-04,  6.0648e-42, -4.5883e-04, -9.5868e-02,  7.5139e-03,
         -1.0750e-03, -7.7957e-04, -7.7061e-04,  1.7831e-02,  1.4744e-02,
          1.0173e-04,  6.3517e-04,  1.1592e-01, -3.9970e-04, -6.6701e-05,
         -2.1739e-05,  2.8050e-11,  1.2688e-11,  1.2568e-15, -1.5365e-22,
          3.2637e-04, -8.8438e-05,  1.8552e-04,  1.0018e-04,  9.9734e-06,
          4.2758e-06,  4.2717e-03,  4.2931e-03,  3.0061e-03,  1.8515e-03,
         -1.0867e-03,  5.0233e-02, -1.1669e-04],
        [-2.5926e-04,  5.5788e-06,  7.8234e-05,  5.3097e-05, -1.2390e-05,
          7.4207e-04,  1.4377e-42,  2.4803e-42,  4.4435e-42, -3.0700e-30,
         -2.2839e-04,  1.8242e-03,  6.1009e-03, -8.8630e-04,  1.1617e-03,
          1.0816e-01, -3.7905e-03,  5.1170e-03,  8.4584e-03,  7.8622e-03,
         -8.0752e-03, -9.4433e-03,  7.0967e-03,  1.8346e-04,  2.5606e-03,
         -1.7980e-05, -5.8439e-05,  5.0124e-04,  4.4450e-05,  4.8503e-06,
         -5.6054e-04,  1.4021e-02, -8.3484e-05, -7.6987e-04,  8.2963e-05,
         -1.0902e-04,  4.9270e-42, -6.2266e-04, -1.0158e-01, -7.9231e-02,
         -2.1050e-03, -2.5400e-03, -5.9591e-03,  7.1287e-02,  6.8364e-02,
          7.6652e-05, -1.1117e-03,  2.3712e-02, -3.0886e-04,  5.5013e-04,
          5.4249e-04,  1.6451e-42,  1.1347e-05, -7.7898e-42, -9.3998e-25,
          7.7696e-04,  5.6352e-04, -1.8228e-04,  1.8493e-04, -6.8075e-05,
         -3.7865e-05,  1.7212e-02,  6.5517e-03,  1.0442e-02,  8.4492e-03,
          2.0788e-02, -1.8107e-01,  2.2106e-04]], device='cuda:0')), ('conv1.aggr.t', tensor([1.], device='cuda:0')), ('bn1.weight', tensor([0.8987, 0.7205, 0.6976, 0.7510, 0.7189, 0.7301, 0.9414, 0.7536],
       device='cuda:0')), ('bn1.bias', tensor([ 0.1190,  0.1073,  0.0867,  0.0275,  0.0762,  0.0642,  0.1362, -0.0337],
       device='cuda:0')), ('bn1.running_mean', tensor([  310.7637, -1510.2025,  -520.7131,  -893.8844,  -625.2732, -1010.5903,
          483.9317, -1448.2205], device='cuda:0')), ('bn1.running_var', tensor([ 2264102.7500, 11265885.0000,   316349.9688,  1092257.3750,
          978218.2500,  6697851.5000,  1473867.2500, 12156552.0000],
       device='cuda:0')), ('bn1.num_batches_tracked', tensor(47024, device='cuda:0')), ('conv2.bias', tensor([-1.0014e-06,  3.2135e-06, -9.1084e-06, -6.9608e-07, -7.9689e-06,
         1.5331e-06, -4.4251e-06,  8.3745e-07,  6.5923e-06,  2.0581e-06,
        -1.3984e-06,  1.6056e-07,  1.2720e-06, -1.0000e-06, -4.7558e-06,
        -6.6488e-06], device='cuda:0')), ('conv2.lin.weight', tensor([[ 0.1986,  0.0089,  0.1059,  0.0783,  0.0719, -0.0617,  0.1991,  0.1534],
        [-0.2792, -0.0070,  0.1842,  0.3016, -0.0949,  0.0082, -0.2099, -0.1748],
        [-0.0922,  0.2609,  0.0418, -0.0443,  0.0450, -0.2384, -0.1763, -0.2717],
        [-0.2349, -0.0916, -0.0800,  0.1487, -0.0034,  0.1222, -0.1017,  0.0603],
        [ 0.0981, -0.1489, -0.1999, -0.0279,  0.1317,  0.0124,  0.0586, -0.3404],
        [ 0.2842, -0.2755, -0.1535, -0.2307,  0.0133,  0.0586,  0.1368,  0.0294],
        [-0.1875, -0.0130, -0.2810, -0.0486,  0.0145, -0.0192, -0.2727,  0.2097],
        [ 0.2929, -0.0427, -0.0597, -0.1519,  0.0596,  0.0064, -0.3572, -0.0381],
        [-0.2796,  0.0998,  0.2065,  0.0282,  0.1519,  0.0333, -0.1647, -0.1849],
        [-0.2272, -0.0793, -0.0818,  0.2349, -0.2580,  0.0057, -0.2470, -0.0632],
        [-0.0490, -0.0639,  0.0451, -0.1411,  0.1481,  0.2722, -0.1602, -0.0043],
        [ 0.1424, -0.0240, -0.0032, -0.0056, -0.1929, -0.0216,  0.1277,  0.0101],
        [ 0.1712, -0.2284, -0.1700, -0.0019,  0.1741, -0.2739,  0.0627,  0.1224],
        [-0.2395,  0.1011,  0.2154, -0.2195,  0.0062, -0.1171, -0.0105, -0.0922],
        [-0.1302, -0.2360,  0.2131, -0.0875, -0.1427, -0.0309, -0.3201,  0.0375],
        [ 0.1341,  0.0855, -0.2480, -0.2976,  0.1835, -0.0059, -0.1831, -0.0424]],
       device='cuda:0')), ('conv2.aggr.t', tensor([1.], device='cuda:0')), ('bn2.weight', tensor([0.6258, 0.6710, 0.7050, 0.6430, 0.7253, 0.7206, 0.6678, 0.5669, 0.7347,
        0.5865, 0.7407, 0.5426, 0.7661, 0.7183, 0.7176, 0.6298],
       device='cuda:0')), ('bn2.bias', tensor([-0.4005, -0.6220,  0.2176,  0.3411, -0.1212, -0.4171, -0.6270,  0.0366,
        -0.3871,  0.2897,  0.3195,  0.0334,  0.3166,  0.0191, -0.0741, -0.1089],
       device='cuda:0')), ('bn2.running_mean', tensor([ 0.2276, -0.0837, -0.1212, -0.0746, -0.0862, -0.0300, -0.2186, -0.0967,
        -0.0291, -0.2297, -0.0007,  0.0186, -0.0395, -0.0966, -0.2292, -0.1138],
       device='cuda:0')), ('bn2.running_var', tensor([0.0864, 0.1765, 0.0563, 0.0777, 0.0454, 0.1621, 0.1236, 0.0822, 0.1547,
        0.1325, 0.0479, 0.0547, 0.0776, 0.0574, 0.1258, 0.0428],
       device='cuda:0')), ('bn2.num_batches_tracked', tensor(47024, device='cuda:0')), ('conv3.bias', tensor([ 1.1432e-06, -4.0734e-06,  3.8667e-06,  1.2751e-08,  1.6284e-06,
        -1.2922e-06, -4.1829e-06,  9.0144e-07,  3.4360e-06, -1.8415e-07,
         1.1810e-06, -4.8467e-07,  1.4865e-06,  2.9422e-06, -6.7110e-07,
        -2.1713e-06, -7.7242e-07,  9.1009e-07, -2.4308e-06, -2.2930e-06,
        -3.3913e-06, -2.0304e-06, -4.8435e-07,  5.7067e-07,  1.5681e-06,
         1.6956e-06, -1.1896e-06,  1.8476e-06, -2.6150e-06,  1.7677e-06,
         1.9157e-06, -5.0772e-06], device='cuda:0')), ('conv3.lin.weight', tensor([[-6.5434e-02, -1.6286e-01,  1.1883e-01, -2.1077e-02, -4.6514e-02,
          1.0486e-01, -1.2059e-01, -7.8948e-02, -1.2585e-01,  1.4863e-01,
          1.6631e-02,  1.8224e-01, -1.3551e-01,  4.6268e-02,  5.6440e-02,
         -1.9010e-02],
        [-6.5664e-02, -1.2875e-01, -1.1489e-02, -2.6179e-02, -1.1310e-01,
         -4.9688e-02, -1.1525e-01,  1.2052e-01,  9.5315e-02,  1.1901e-01,
          6.2613e-02,  1.5290e-01,  5.5081e-02,  1.4070e-01, -6.0033e-02,
         -1.4010e-01],
        [ 2.6580e-03, -1.1761e-01,  1.3509e-01,  1.2828e-01, -2.7959e-02,
         -1.0468e-01, -1.6052e-01, -7.3234e-02, -8.1561e-02, -7.3469e-02,
          2.4287e-01, -2.5962e-02, -2.7237e-02, -9.2957e-02, -1.7139e-01,
          4.9918e-02],
        [-1.0030e-01, -1.5550e-01,  1.3690e-01,  1.6786e-01,  1.7552e-01,
         -1.1064e-01, -2.3626e-01,  9.0428e-03, -8.7980e-02,  1.0549e-01,
          1.3454e-01,  9.3786e-02, -2.4170e-02, -4.8908e-02,  8.2249e-02,
         -6.8760e-02],
        [-1.3677e-01,  9.6762e-02,  9.8595e-02,  6.6754e-02,  1.0576e-01,
          2.0577e-01, -1.1820e-01, -1.1008e-01, -1.7397e-01,  6.6836e-02,
         -1.1966e-01, -5.3071e-03, -9.8457e-02,  1.9300e-01,  7.7853e-02,
          6.0100e-02],
        [-2.3183e-01, -2.4640e-01, -3.7438e-02,  1.3168e-01,  3.5436e-02,
         -6.9312e-02, -1.4584e-01,  5.8551e-02, -1.8234e-01,  1.5195e-01,
         -7.0808e-02, -1.2634e-01, -8.4723e-02, -2.2189e-02, -8.4772e-02,
         -7.0063e-02],
        [-1.7541e-01, -2.6583e-02, -6.8580e-02, -4.2660e-02, -1.2201e-01,
         -6.5354e-02, -5.1918e-02,  4.8629e-02, -7.6594e-02, -1.6784e-01,
          1.3343e-01,  1.4805e-01,  2.7191e-01,  1.5389e-01,  1.1330e-01,
         -6.3244e-02],
        [-9.2668e-02,  2.2414e-02,  2.2083e-02,  7.0018e-02,  3.9368e-02,
         -4.4114e-02,  1.4283e-01,  4.9713e-02, -2.7702e-02, -1.1062e-02,
         -1.7256e-01, -5.5345e-02, -1.6042e-01, -1.5883e-01, -6.9065e-02,
         -6.4240e-02],
        [ 1.1856e-01, -1.2932e-01, -1.4856e-01,  8.8490e-02, -4.3967e-02,
         -1.7344e-02,  1.4326e-01, -1.6593e-01, -4.0659e-02,  1.1156e-01,
          1.2172e-01,  2.4396e-02,  7.5867e-02,  6.6126e-02,  3.3049e-02,
          1.1617e-01],
        [ 7.8694e-02, -1.6990e-01,  1.2169e-01, -1.6827e-02, -1.1279e-01,
         -2.5897e-01, -7.8711e-02, -1.3201e-01, -1.6175e-01,  1.1368e-01,
          2.2956e-02, -3.5439e-02,  4.1005e-02, -9.1251e-02, -9.5924e-02,
          1.0995e-01],
        [ 3.0292e-02,  2.5616e-01, -1.4694e-01,  7.2596e-03, -4.3473e-03,
          8.5075e-02, -4.4311e-02,  3.5503e-02, -7.0206e-02, -1.3402e-01,
         -8.7906e-02, -5.9296e-02, -4.3812e-02,  1.2962e-01,  1.8943e-01,
         -3.3442e-02],
        [ 1.4209e-01,  1.4946e-01,  7.5641e-02,  1.2123e-01,  1.1927e-01,
          2.5868e-02,  2.4245e-01, -1.0671e-01, -6.8715e-02, -1.5353e-01,
          1.1582e-02,  1.4822e-01, -1.7980e-01,  2.3455e-02, -1.7985e-01,
          4.2003e-02],
        [-4.1757e-02, -8.3686e-02, -8.8820e-02,  7.2586e-02, -1.5214e-01,
          1.4535e-02,  1.6910e-01, -6.1370e-02, -7.0517e-02, -6.3464e-02,
          5.8202e-03,  2.3766e-02, -2.7653e-02,  5.7282e-02, -6.7833e-02,
          1.2927e-01],
        [-2.1474e-01,  3.0702e-02,  3.7942e-02, -9.5227e-02,  1.9320e-01,
         -9.0927e-02, -1.7218e-01, -4.8357e-02, -1.7277e-01,  1.9190e-01,
          1.0539e-01,  3.4140e-02,  6.7463e-02,  1.6076e-01, -4.8381e-02,
         -1.1220e-01],
        [-1.2825e-01, -2.0508e-02, -2.2244e-01,  3.1106e-02,  3.9244e-02,
          8.1584e-02,  8.3042e-02,  4.7753e-02, -1.3899e-02,  8.6909e-02,
         -5.7113e-02,  1.5584e-01, -6.3708e-02,  7.0906e-02,  4.3542e-02,
         -4.6890e-02],
        [ 8.3465e-02,  1.0102e-01, -3.9897e-02, -1.8924e-01,  3.7291e-02,
          1.3165e-01,  2.0649e-01,  5.1829e-02,  7.9970e-02,  5.3195e-02,
         -1.9012e-01,  3.4109e-02, -2.3571e-01, -6.1612e-02,  1.0658e-01,
         -7.0489e-02],
        [-1.4698e-01, -6.3449e-02,  1.7651e-01,  7.3305e-02, -9.2973e-02,
         -2.0352e-01, -4.8518e-03, -1.3749e-01, -1.5548e-01,  5.1288e-02,
         -3.5154e-02,  1.1285e-01,  1.2209e-01, -9.8917e-02, -1.0984e-01,
          7.1031e-02],
        [ 8.0632e-02,  1.1111e-01,  1.5562e-01, -5.9977e-02,  4.9218e-02,
          6.6787e-02,  6.1371e-03,  1.7223e-02,  1.3679e-01, -1.4944e-01,
         -4.4648e-02,  8.3768e-02, -1.4386e-01,  5.7406e-02, -6.6117e-02,
          7.3125e-02],
        [ 7.4402e-03,  5.3886e-02, -1.7114e-02, -1.1557e-01, -4.5682e-02,
          7.3281e-02,  1.6276e-01,  1.1760e-01,  4.7810e-02,  1.2757e-01,
         -1.1753e-01,  1.1629e-01, -1.8738e-01, -9.9002e-02, -1.0764e-01,
          4.0182e-02],
        [ 7.8848e-02,  1.5125e-01, -1.5079e-01, -1.4874e-01,  6.4878e-02,
          1.7683e-04, -3.0066e-02, -3.8613e-02,  1.6591e-01,  6.6214e-02,
          2.7494e-01, -7.7436e-02,  1.1598e-01, -4.7445e-02, -1.2638e-01,
         -6.5227e-02],
        [-1.3227e-01, -5.4404e-02, -6.2631e-03, -5.3783e-02,  1.2228e-01,
          1.8492e-01, -1.0123e-01,  1.8486e-02,  1.6935e-01,  8.9274e-02,
         -2.0192e-01,  5.3760e-03, -7.0477e-02,  1.1464e-01,  1.1577e-01,
          1.6159e-01],
        [-8.3201e-02,  1.3279e-01, -8.9775e-02, -2.3953e-02,  1.4673e-01,
          1.0899e-01,  1.2774e-01, -6.3993e-03,  1.3900e-01,  1.6416e-01,
         -4.8727e-02,  2.8303e-02,  1.3020e-01,  1.5321e-02,  2.3234e-03,
         -4.3410e-03],
        [-8.1913e-02, -1.4566e-01, -1.1292e-01,  1.8265e-04, -1.5858e-01,
         -2.1917e-01, -2.4744e-02,  5.9245e-02, -2.2197e-01, -2.5639e-02,
          1.9671e-02,  6.6011e-02, -8.5020e-02, -9.1894e-04,  6.9441e-02,
          1.1032e-01],
        [-7.6741e-02,  1.9157e-03,  1.3042e-01,  6.5597e-02,  4.6339e-02,
         -1.7596e-01, -4.8518e-02,  2.2426e-02,  3.4215e-02, -7.6086e-02,
          4.4004e-02,  4.6444e-02,  1.6004e-01, -9.9315e-03, -2.5961e-02,
          4.1106e-02],
        [ 1.8364e-01,  8.7994e-02, -1.4467e-01, -1.1470e-01, -7.8488e-02,
          5.0451e-02,  1.3001e-01, -1.1377e-01,  1.7115e-01, -6.1597e-02,
         -1.2088e-01, -4.6722e-02, -1.9937e-01, -4.9518e-02, -7.3312e-02,
          1.3753e-01],
        [-1.6392e-01, -1.7876e-01, -1.0107e-01, -1.3436e-01,  4.8769e-02,
          7.2518e-02, -1.2987e-01, -2.5861e-03,  7.6764e-02,  1.7205e-01,
          9.4882e-02, -1.2718e-01,  2.4224e-02,  9.1907e-02,  2.8888e-03,
          1.0470e-01],
        [-6.4913e-02,  2.6375e-01, -1.6958e-01, -9.3752e-02,  9.3639e-02,
         -1.6806e-01,  8.1162e-02, -6.9650e-02, -7.5879e-02, -8.7016e-03,
         -1.3347e-01, -4.9233e-02,  1.9657e-01,  1.5124e-01, -6.7160e-02,
          1.0607e-01],
        [ 7.7824e-02,  2.4828e-01, -3.9895e-02, -1.6232e-01,  1.4961e-02,
          6.1860e-02,  2.5338e-01,  2.0992e-02, -1.3288e-02, -7.5746e-02,
         -2.0576e-01, -1.2727e-01,  3.8166e-02, -9.6216e-03,  3.3414e-02,
          3.9049e-02],
        [ 8.6783e-02, -6.4464e-02,  3.5046e-02, -2.3301e-01, -2.8882e-02,
          1.2060e-01,  2.1282e-01, -1.2051e-01,  9.9467e-02, -8.8621e-02,
          2.8397e-02,  8.0215e-02, -2.0011e-01,  4.8648e-02,  5.7210e-02,
          8.4758e-02],
        [ 1.5454e-01,  2.9712e-01, -9.7533e-02, -1.4116e-01,  1.1427e-01,
          1.2588e-01,  2.6345e-01, -1.3379e-01,  8.7807e-02, -1.2420e-01,
          6.8059e-02,  5.6070e-02, -9.5541e-02,  1.9252e-02, -6.9138e-02,
          4.6555e-02],
        [ 1.0357e-02, -7.4038e-02, -5.6178e-02,  1.6976e-01, -1.3934e-01,
         -1.8752e-01,  4.2475e-02,  1.5534e-02, -2.3216e-01,  1.5745e-01,
          1.2769e-01,  4.0699e-03,  1.4714e-01,  5.5085e-02, -2.1558e-01,
         -4.1293e-02],
        [-6.8167e-02,  1.7010e-01, -1.8147e-01, -1.2698e-01,  1.5284e-01,
         -3.0522e-01,  4.4203e-02,  9.8276e-02,  1.7415e-01,  6.1867e-02,
          3.6647e-02,  1.7211e-01,  2.5892e-02, -1.8981e-01, -1.3733e-01,
          2.9583e-02]], device='cuda:0')), ('bn3.weight', tensor([1., 1., 1., 1., 1., 1., 1., 1., 1., 1., 1., 1., 1., 1., 1., 1., 1., 1.,
        1., 1., 1., 1., 1., 1., 1., 1., 1., 1., 1., 1., 1., 1.],
       device='cuda:0')), ('bn3.bias', tensor([0., 0., 0., 0., 0., 0., 0., 0., 0., 0., 0., 0., 0., 0., 0., 0., 0., 0., 0., 0., 0., 0., 0., 0.,
        0., 0., 0., 0., 0., 0., 0., 0.], device='cuda:0')), ('bn3.running_mean', tensor([0., 0., 0., 0., 0., 0., 0., 0., 0., 0., 0., 0., 0., 0., 0., 0., 0., 0., 0., 0., 0., 0., 0., 0.,
        0., 0., 0., 0., 0., 0., 0., 0.], device='cuda:0')), ('bn3.running_var', tensor([1., 1., 1., 1., 1., 1., 1., 1., 1., 1., 1., 1., 1., 1., 1., 1., 1., 1.,
        1., 1., 1., 1., 1., 1., 1., 1., 1., 1., 1., 1., 1., 1.],
       device='cuda:0')), ('bn3.num_batches_tracked', tensor(0, device='cuda:0'))])