OrderedDict([('conv1.bias', tensor([ 1.3803e-08,  1.9538e-06,  2.2934e-07, -1.3396e-06, -5.8450e-07,
         4.1646e-06,  2.4005e-06,  6.7670e-08], device='cuda:0')), ('conv1.lin.weight', tensor([[ 9.1138e-05, -2.5102e-05, -1.7694e-04, -1.5376e-04, -1.8751e-06,
          5.4226e-04,  4.9956e-42,  1.3274e-05,  1.0491e-05, -5.8673e-12,
          9.8799e-05,  5.1149e-03,  4.6536e-03,  7.4441e-04,  7.8944e-04,
         -2.0314e-01,  3.3147e-03, -2.2474e-06,  2.2666e-03,  2.0381e-03,
          1.0595e-03,  1.1896e-03,  2.5248e-03,  2.7233e-04,  2.2575e-04,
          7.7051e-05,  8.5712e-05,  1.0168e-03,  6.8817e-05, -7.6895e-06,
          2.9215e-04, -2.2107e-03, -2.9409e-04, -6.0817e-04,  6.9853e-05,
          1.7125e-04,  1.2019e-11,  5.1309e-04, -8.3204e-02,  1.3993e-01,
         -2.4153e-04,  1.2694e-03,  1.3317e-03, -2.0391e-02, -7.0654e-02,
          5.1206e-05,  2.9326e-03,  6.5464e-02,  6.6042e-04,  3.8840e-04,
          4.9856e-04, -2.2576e-12, -2.3710e-42,  1.0975e-05,  9.0382e-40,
          4.4879e-04,  2.7569e-04,  5.5260e-05,  4.6564e-05,  4.5714e-05,
          2.3031e-04, -3.5645e-03,  4.6562e-03,  4.5647e-03,  6.0626e-03,
          9.2909e-03,  1.6862e-01,  5.3374e-05],
        [ 6.5165e-06,  1.9048e-05,  1.9197e-05,  1.8330e-05,  1.5104e-05,
          4.7037e-04,  1.2791e-07,  7.6308e-10, -7.6595e-42, -2.0235e-42,
         -2.6625e-05,  5.6270e-03,  5.6538e-03,  7.9719e-04,  8.4034e-04,
          2.0900e-01,  3.1947e-03,  7.3479e-04,  2.5858e-03,  3.5140e-03,
          1.9155e-03,  3.4999e-04,  2.2787e-03,  8.5511e-05,  4.3725e-04,
          6.7264e-05,  1.0082e-04,  1.0869e-03,  1.2621e-05,  3.5649e-05,
          5.2773e-04, -3.9811e-04,  2.6136e-04, -3.3676e-04,  1.1352e-04,
          1.0433e-04,  4.9374e-11,  5.8308e-04,  1.4720e-01,  7.7150e-02,
         -1.1552e-04,  6.4058e-04,  7.1010e-04, -8.9939e-02, -1.2401e-02,
          1.2359e-04,  3.2683e-03,  1.3750e-01,  7.2738e-04,  1.6558e-04,
          3.1927e-04,  1.1024e-30,  2.4593e-42, -2.0601e-09,  1.0734e-42,
          1.9025e-04,  1.9410e-04,  3.4438e-08,  5.5213e-05,  5.7932e-05,
          8.6071e-05, -8.3345e-04,  6.3076e-03,  5.2243e-03,  6.1688e-03,
          1.1519e-02,  9.5634e-02,  3.9679e-05],
        [-1.6553e-04,  3.5475e-05, -5.0601e-05,  1.1739e-04,  6.6201e-07,
          7.1060e-04, -1.1251e-12,  2.3228e-11, -4.8284e-25,  7.2265e-42,
          3.8249e-05,  3.7179e-03, -3.1057e-03, -1.8919e-05,  8.6041e-04,
         -6.9700e-02,  2.2918e-03,  7.8560e-04,  2.2254e-03,  6.3685e-04,
         -1.8692e-03, -2.7554e-03,  2.6261e-03,  1.4117e-04, -6.7587e-04,
          2.6327e-04,  3.0879e-04,  5.3607e-04,  4.4752e-05,  2.3622e-04,
          2.3737e-04, -8.6900e-04, -7.2727e-04, -8.9610e-06,  1.3364e-04,
          1.5162e-04, -1.1981e-42,  3.8725e-04, -2.1033e-01, -3.4552e-02,
         -9.2533e-04,  3.5521e-05, -6.1496e-04,  8.7594e-02,  1.5451e-02,
          4.7943e-04,  1.3811e-03, -3.2361e-02,  1.1633e-03,  2.5984e-05,
          6.4091e-04, -1.7208e-42,  2.0057e-40,  3.6145e-08, -9.2022e-13,
          1.9144e-04,  3.9213e-04, -1.1735e-04,  1.2839e-04,  1.3528e-04,
          2.9420e-05,  7.3136e-03,  6.9597e-04, -3.1084e-03, -2.7998e-03,
         -2.4991e-02,  7.2062e-02,  6.3601e-05],
        [ 3.7338e-04, -1.3660e-04, -1.1337e-04, -1.9544e-04, -9.4251e-06,
          6.3879e-04,  3.6630e-42, -1.9380e-18, -1.2738e-06,  1.6017e-42,
         -1.1374e-04,  6.6663e-03,  6.2291e-03,  6.1588e-04,  1.3724e-03,
         -1.5982e-01,  2.8808e-03, -5.0190e-04,  2.4109e-03,  2.6336e-03,
          2.6201e-03,  2.7601e-03,  3.4076e-03,  1.5822e-05,  1.0090e-03,
         -7.4222e-05,  1.6496e-05,  1.4463e-03,  7.0381e-06,  3.3399e-05,
          8.5013e-04, -3.9199e-03,  1.9052e-04, -7.4001e-04, -1.3218e-05,
          8.2732e-05, -3.8172e-19,  5.7623e-04, -3.7549e-02,  1.4721e-01,
         -7.0334e-05,  1.2870e-03,  8.5996e-04, -9.0250e-04, -6.0205e-02,
          1.2180e-04,  4.8370e-03,  9.3455e-02,  8.2031e-04,  2.6792e-04,
          3.7926e-04, -4.1857e-42,  1.0492e-15,  4.7588e-42, -5.4533e-09,
          1.2143e-04,  7.6814e-05,  3.4473e-04, -1.1158e-04, -1.4015e-04,
          1.8262e-04, -3.5877e-03,  5.3964e-03,  6.2349e-03,  7.4985e-03,
          9.3059e-03, -8.7158e-02, -7.5963e-05],
        [ 4.5898e-05, -4.4293e-05,  1.4482e-05, -2.1177e-05,  7.9094e-06,
         -1.2142e-03, -3.5662e-16,  6.3703e-42, -3.3267e-15, -1.1326e-29,
         -7.9713e-06, -3.9315e-03, -1.9624e-02, -1.6805e-04, -2.8035e-03,
          5.7000e-02,  2.1057e-03, -1.0063e-02, -6.8750e-03, -1.9781e-03,
          9.9329e-03, -4.1909e-04, -8.5794e-03, -1.7798e-04, -1.8517e-03,
         -1.5586e-05,  9.2765e-05, -5.0444e-04,  2.1846e-05, -8.6266e-05,
          3.0927e-04,  6.8747e-02,  8.1849e-04,  1.1081e-03, -6.8388e-05,
         -9.5157e-06, -2.3570e-42, -3.3365e-04,  1.6932e-01,  3.2010e-02,
          2.7569e-03,  2.1295e-03,  3.3353e-03,  7.5589e-02, -5.3417e-03,
         -7.8737e-05,  2.3080e-03, -9.4472e-02,  7.7172e-04, -4.0107e-04,
         -5.8768e-04, -3.7064e-42, -9.2107e-42,  4.0624e-42,  6.6422e-43,
         -7.2173e-04, -3.0760e-04,  5.1612e-05, -7.3422e-05, -6.7213e-05,
          3.0548e-06, -5.4252e-02,  1.0927e-02, -1.5097e-02, -3.0559e-02,
         -5.3312e-02,  1.4119e-01, -5.5713e-05],
        [-6.5141e-05,  5.4940e-06,  1.1304e-04,  2.2801e-05, -1.7465e-05,
         -1.6478e-03, -2.9544e-08, -3.7184e-22,  1.5903e-18, -6.2984e-32,
          3.3019e-05, -2.1782e-02, -4.5668e-02, -1.8092e-03, -1.1330e-03,
         -1.1228e-02, -8.2079e-03, -6.1684e-03, -1.4998e-02, -1.6978e-02,
         -1.1517e-03,  6.7323e-04, -1.2728e-02, -4.9289e-05, -1.7116e-03,
         -3.2318e-04, -1.4250e-04, -3.0175e-03,  2.3781e-05, -3.0864e-04,
         -1.9045e-03, -9.9578e-03, -2.2112e-04,  1.3803e-03, -2.1041e-04,
         -3.4157e-04, -8.5661e-42, -1.8069e-03,  5.9789e-02, -7.7879e-02,
          1.4313e-03, -2.8251e-03, -5.4434e-04, -1.3429e-01, -2.0958e-02,
         -7.5472e-04, -1.3544e-02, -9.7692e-02, -1.9886e-03, -4.3845e-04,
         -1.1531e-03, -2.2449e-42, -1.7417e-14,  5.1030e-23, -1.0682e-08,
         -4.9416e-04, -8.0586e-04, -1.0703e-04, -1.2910e-04, -1.2008e-04,
         -5.9595e-05, -1.2763e-02, -3.1921e-02, -2.4418e-02, -2.3953e-02,
         -1.2470e-01, -5.5527e-02,  5.4438e-06],
        [-9.2568e-05,  1.7317e-05,  1.1352e-04,  4.2001e-05, -5.1390e-06,
          6.6716e-04,  3.7710e-41, -1.4406e-21,  2.2407e-42, -1.1415e-13,
          7.7853e-05, -2.1325e-04, -7.3690e-04,  6.0881e-04,  7.4602e-04,
         -1.6212e-01,  9.4976e-04,  3.1050e-04,  8.7435e-04,  3.3528e-04,
          2.4527e-04, -1.3142e-03,  7.2920e-04,  1.3275e-04,  9.3225e-05,
          1.7546e-04, -1.9023e-04,  4.5146e-04,  1.0099e-05,  1.2138e-04,
          3.6936e-04, -4.7999e-04,  4.2061e-04, -6.5422e-04,  1.6021e-04,
          2.2240e-04, -3.2937e-10,  9.0363e-04,  1.1638e-01, -5.2380e-02,
         -5.0311e-04,  1.6853e-04,  2.0482e-04,  1.9658e-02,  2.3793e-02,
          2.1529e-04,  7.0670e-04,  2.5725e-02,  1.4591e-04,  2.8004e-04,
          3.7183e-04, -5.0867e-43,  1.5013e-05, -1.2508e-41, -5.3663e-14,
          4.0924e-04,  2.2482e-04, -9.2104e-05,  1.6908e-04,  1.8952e-04,
          7.4789e-05, -2.9053e-03,  3.0953e-04,  9.8008e-04,  2.3740e-03,
          5.0361e-04, -8.3900e-02,  1.1940e-04],
        [ 6.2478e-05, -6.8887e-05,  5.5530e-05,  2.4788e-05, -1.9812e-06,
         -1.2317e-04, -9.7152e-14,  1.2630e-32,  3.4164e-42, -7.8192e-43,
          4.9256e-05,  8.4057e-03, -8.4926e-03,  7.2792e-04, -3.1253e-05,
          1.0258e-01,  3.9991e-03,  6.2678e-03, -2.2803e-03,  2.5601e-03,
         -1.0794e-02, -1.1291e-02, -5.8968e-03, -8.1053e-05, -4.1712e-04,
          5.0386e-05,  3.9223e-05,  3.0743e-04,  2.6846e-05,  2.8780e-05,
          4.0023e-04,  2.4628e-02,  2.0106e-04,  5.1353e-05,  2.4681e-05,
          9.2248e-05, -5.0138e-42,  2.3017e-04,  1.7256e-01,  1.1111e-01,
          8.3277e-04,  2.3148e-03,  5.9469e-03, -8.1372e-02, -1.1091e-01,
          7.8647e-05,  1.0686e-02, -1.3330e-01,  5.2468e-04, -1.0284e-04,
         -5.0997e-05, -1.2935e-09, -2.1252e-15, -5.2773e-42,  3.7056e-18,
         -1.1310e-04, -1.1673e-04,  7.6574e-05,  5.8059e-06,  1.1191e-05,
          5.4146e-05, -4.2563e-02,  5.1116e-03, -4.2892e-03, -5.4324e-03,
          8.2062e-03,  1.8238e-01, -4.2553e-05]], device='cuda:0')), ('conv1.aggr.t', tensor([1.], device='cuda:0')), ('bn1.weight', tensor([0.7801, 0.7979, 0.7153, 0.8511, 0.7426, 0.7055, 0.6959, 0.9490],
       device='cuda:0')), ('bn1.bias', tensor([ 0.0366,  0.0429, -0.0592,  0.0931, -0.0026, -0.0132, -0.0855,  0.1164],
       device='cuda:0')), ('bn1.running_mean', tensor([ 935.0823, 1463.8066,  -96.1428, -491.7628, 1208.8634, -625.9915,
        -615.9958, 1586.3995], device='cuda:0')), ('bn1.running_var', tensor([396514.4062, 498677.5938, 163414.9375, 318001.8438, 339986.3438,
        149638.6250, 324316.0938, 531911.8125], device='cuda:0')), ('bn1.num_batches_tracked', tensor(47024, device='cuda:0')), ('conv2.bias', tensor([ 5.8796e-06, -2.7206e-07,  2.9959e-06,  7.2468e-06,  6.3296e-06,
        -5.4654e-06, -3.4334e-06, -3.0966e-06, -1.7061e-06, -8.0971e-07,
         3.9453e-06, -1.7335e-06, -2.1950e-06,  3.2869e-07,  9.6463e-06,
         2.9829e-06], device='cuda:0')), ('conv2.lin.weight', tensor([[ 0.3790,  0.0188, -0.1831,  0.2258,  0.2364, -0.0592,  0.0946, -0.1087],
        [-0.2844,  0.3806, -0.0598, -0.0537,  0.2322, -0.1321, -0.1897,  0.0220],
        [-0.3452,  0.4108,  0.0062, -0.3392,  0.1369,  0.2842,  0.1386,  0.2928],
        [ 0.2396, -0.1078,  0.1688,  0.3969, -0.0652,  0.0926,  0.1295,  0.0461],
        [ 0.0623,  0.2044, -0.2525, -0.1866, -0.2960, -0.1175,  0.0673, -0.2934],
        [ 0.2834,  0.3553,  0.1383, -0.2969,  0.2187,  0.1497,  0.0918, -0.0095],
        [ 0.1607, -0.1299,  0.2007, -0.0562,  0.2189, -0.1019,  0.1561,  0.3327],
        [-0.3769,  0.1264, -0.0028, -0.0285, -0.1593, -0.1522, -0.1680, -0.2367],
        [-0.2430,  0.0168,  0.2390, -0.2892,  0.3874, -0.1228,  0.0927, -0.1778],
        [ 0.0926,  0.2123, -0.1657, -0.3848,  0.2086, -0.2368, -0.0084,  0.2396],
        [-0.0142,  0.2296, -0.0560, -0.1672, -0.1837, -0.2956,  0.2345, -0.3466],
        [ 0.0328, -0.1331, -0.0300, -0.0803, -0.0587, -0.0570, -0.2282,  0.3566],
        [-0.1748, -0.3593,  0.1576,  0.1770,  0.2870,  0.1020, -0.0608, -0.3484],
        [-0.3176, -0.2225,  0.0275, -0.3723, -0.2766, -0.0621,  0.1754, -0.1272],
        [ 0.1543,  0.2233, -0.1307, -0.4125, -0.4312,  0.1797,  0.0247, -0.3539],
        [ 0.0925, -0.0220, -0.3184, -0.1292, -0.1438, -0.1088,  0.1153,  0.4075]],
       device='cuda:0')), ('conv2.aggr.t', tensor([1.], device='cuda:0')), ('bn2.weight', tensor([0.7203, 0.7359, 0.6859, 0.7497, 0.8560, 0.6659, 0.7092, 0.7585, 0.7112,
        0.7131, 0.7079, 0.7187, 0.6890, 0.7622, 0.7117, 0.6956],
       device='cuda:0')), ('bn2.bias', tensor([ 0.2942,  0.3904, -0.2320, -0.0512, -0.8220,  0.1292, -0.0378,  0.1528,
        -0.2515, -0.0892,  0.2780, -0.0386,  0.0127,  0.4386,  0.4195,  0.2133],
       device='cuda:0')), ('bn2.running_mean', tensor([ 0.2069,  0.0132,  0.1887,  0.2915, -0.2867,  0.2752,  0.2724, -0.3338,
        -0.0972,  0.0364, -0.2438,  0.0071, -0.1432, -0.4509, -0.3066,  0.0350],
       device='cuda:0')), ('bn2.running_var', tensor([0.0650, 0.0895, 0.1478, 0.0787, 0.0949, 0.2045, 0.1477, 0.1116, 0.0808,
        0.2170, 0.0877, 0.0703, 0.1474, 0.1609, 0.1433, 0.0785],
       device='cuda:0')), ('bn2.num_batches_tracked', tensor(47024, device='cuda:0')), ('conv3.bias', tensor([ 1.8309e-06,  2.6390e-06,  2.3656e-06, -4.8278e-08,  2.6443e-06,
        -3.4587e-06,  1.0746e-06, -1.2204e-06,  1.6975e-07, -8.7616e-07,
        -1.7200e-06, -1.8906e-09, -2.5009e-07,  6.8063e-07, -2.0585e-06,
        -1.1105e-06, -1.4238e-06, -3.0737e-07, -5.9586e-07,  1.7720e-06,
        -5.7872e-07,  5.0748e-07, -7.4856e-07,  2.6431e-06, -4.0961e-07,
        -4.2368e-06, -3.2323e-06, -7.8712e-07, -2.0742e-06, -1.1860e-06,
         2.9158e-06,  4.1596e-06], device='cuda:0')), ('conv3.lin.weight', tensor([[-0.0973, -0.0089,  0.0749,  0.2139,  0.1241,  0.0775,  0.1216,  0.1322,
          0.0042,  0.1885, -0.0733,  0.1300,  0.1779, -0.0715,  0.0144, -0.1745],
        [-0.1715, -0.1442,  0.1646,  0.0186,  0.2445, -0.1565, -0.1066, -0.2172,
          0.1890, -0.1055,  0.1266, -0.0151, -0.0239, -0.2533, -0.2258,  0.0233],
        [ 0.1272, -0.1034,  0.0091,  0.1746,  0.0355,  0.1257, -0.1672,  0.0329,
          0.0659,  0.1582,  0.1493,  0.0632,  0.0779,  0.1488, -0.2608,  0.1290],
        [ 0.0458, -0.0928, -0.0274,  0.1739,  0.1012, -0.0296, -0.1405,  0.1498,
          0.1672,  0.1009, -0.1120,  0.1744, -0.1359, -0.1472, -0.0472, -0.0532],
        [ 0.1955,  0.0510,  0.1573, -0.0962,  0.1793, -0.1236, -0.1890, -0.1989,
          0.0595,  0.0074, -0.1719,  0.0088,  0.0477,  0.1215, -0.1001,  0.0101],
        [ 0.0883,  0.0259,  0.2111,  0.1119,  0.1522, -0.1220,  0.0940,  0.1299,
          0.1327, -0.1862,  0.0887,  0.0184,  0.0435, -0.2101, -0.0411,  0.1131],
        [ 0.1137, -0.1232,  0.2734, -0.2597, -0.2778, -0.1690, -0.0738, -0.0445,
         -0.1396,  0.1177,  0.0791, -0.1715,  0.0929, -0.0868,  0.1782, -0.0130],
        [-0.1551, -0.1744,  0.0930,  0.1005,  0.1726,  0.1162, -0.2218, -0.0352,
          0.0481,  0.0233, -0.0750, -0.0136,  0.0520, -0.1688, -0.1962,  0.0893],
        [ 0.0532,  0.1067,  0.2155,  0.1193,  0.0008, -0.1701,  0.1443,  0.0583,
         -0.0520,  0.0768,  0.0817,  0.0009,  0.1488, -0.0092,  0.0238, -0.1447],
        [-0.0874,  0.2632,  0.0196,  0.1629,  0.0041, -0.0832,  0.0157, -0.1799,
         -0.1661, -0.0446,  0.0718,  0.1053,  0.0702,  0.1945,  0.0768, -0.0572],
        [-0.1584, -0.1272, -0.1197, -0.0152,  0.0691,  0.0402, -0.0681,  0.2205,
          0.0323,  0.1968, -0.1135, -0.1141, -0.0294, -0.1652, -0.1662, -0.0455],
        [ 0.0459,  0.0447,  0.0984, -0.1559,  0.1241, -0.0075,  0.0503,  0.0269,
         -0.0196, -0.1975, -0.1686, -0.1427, -0.0201, -0.0648, -0.1828,  0.0374],
        [ 0.0190, -0.0950,  0.0005, -0.1880,  0.3110, -0.1774,  0.0913, -0.1750,
          0.0557,  0.0248, -0.1755, -0.0417, -0.0584, -0.0615, -0.1157, -0.1800],
        [ 0.0302, -0.0661, -0.1550,  0.0074, -0.0650, -0.0699, -0.0690, -0.0316,
          0.1900,  0.0377, -0.0069, -0.2043, -0.0864,  0.0520, -0.1071,  0.1385],
        [-0.1421, -0.0709, -0.0148, -0.1609,  0.2770, -0.0168, -0.0082, -0.1487,
          0.0276, -0.1200, -0.1505,  0.1205,  0.0039, -0.1253, -0.1524, -0.1110],
        [ 0.1118, -0.0011,  0.1335,  0.0951, -0.1394, -0.0121,  0.1257,  0.2743,
          0.1071, -0.0412,  0.2085,  0.1235,  0.1433, -0.0568,  0.0179,  0.1389],
        [ 0.2100, -0.0008,  0.0207, -0.1520,  0.0495, -0.1170, -0.0441,  0.1359,
          0.0746, -0.1416, -0.1253,  0.1164, -0.0675,  0.0336, -0.0202,  0.0910],
        [-0.0527,  0.2373, -0.1746,  0.0623, -0.1446,  0.1207, -0.0900, -0.0672,
         -0.1189, -0.1317,  0.1269,  0.1402,  0.0169,  0.1056, -0.0819, -0.0056],
        [ 0.2065,  0.2217, -0.0377,  0.0154, -0.2068,  0.0855,  0.0034,  0.1625,
         -0.1212, -0.0247, -0.0760,  0.0081,  0.0634,  0.1368,  0.2427,  0.0940],
        [-0.0102, -0.1996,  0.1804, -0.0457,  0.0090, -0.0083, -0.0737,  0.1478,
         -0.0121,  0.1429, -0.1513,  0.1010,  0.0364, -0.0697, -0.0657, -0.1223],
        [ 0.0995,  0.0379, -0.0072,  0.0426,  0.0608, -0.0665,  0.2455,  0.1375,
          0.0835, -0.1362,  0.1602,  0.1075, -0.0912,  0.1396, -0.1034,  0.0803],
        [-0.0223, -0.1216,  0.0755,  0.1743,  0.2928,  0.0048,  0.0637,  0.2256,
          0.1911, -0.0381, -0.0417,  0.0197, -0.0517, -0.1870, -0.0509,  0.1475],
        [-0.2204,  0.0717, -0.0720, -0.0208,  0.2179,  0.0687,  0.1762,  0.0943,
         -0.1336,  0.0988,  0.0393, -0.1131,  0.0937, -0.1198, -0.2211,  0.0245],
        [-0.1375, -0.0003,  0.1771,  0.1656,  0.1082, -0.0725,  0.1245, -0.0598,
          0.0417,  0.0372, -0.1262, -0.0742,  0.1179,  0.0481,  0.1211,  0.0175],
        [ 0.1322,  0.1182,  0.1362, -0.0613,  0.0951,  0.1606, -0.0624,  0.0255,
         -0.2522, -0.0517,  0.0119,  0.2754,  0.2025, -0.0197,  0.0319, -0.1370],
        [-0.0367,  0.1323, -0.1187, -0.0287, -0.2549, -0.0601, -0.1039,  0.0974,
         -0.1000,  0.0473,  0.0523,  0.0427,  0.1019, -0.0725,  0.1592,  0.0432],
        [-0.0171, -0.0129, -0.2074, -0.0252, -0.0740,  0.1833, -0.1509,  0.1109,
         -0.0437,  0.1028, -0.0230, -0.0944,  0.1048, -0.0360, -0.0758,  0.0687],
        [ 0.0721, -0.1278,  0.0977, -0.1271, -0.1720, -0.0100,  0.0545,  0.1254,
         -0.1018,  0.1479,  0.0547,  0.1053,  0.2317, -0.0356,  0.1656, -0.1680],
        [ 0.0106,  0.0420, -0.0558, -0.0753, -0.1456,  0.1067,  0.0563,  0.1154,
          0.0297, -0.2024,  0.0756, -0.1348, -0.1985,  0.1434, -0.0735,  0.2007],
        [-0.0779,  0.0245, -0.1191, -0.0075,  0.2134,  0.0657,  0.1364,  0.0890,
         -0.1329,  0.1725, -0.0494,  0.1841,  0.1272, -0.1253, -0.0142, -0.1907],
        [-0.0057,  0.0045, -0.0593, -0.0612, -0.0738, -0.0747,  0.1437,  0.0551,
          0.1308,  0.0759, -0.0881, -0.1000,  0.0158, -0.0343,  0.2045, -0.0132],
        [-0.0077, -0.0653, -0.1336, -0.1115, -0.0492,  0.0085, -0.2003, -0.0283,
          0.0214,  0.2510, -0.1272, -0.0877,  0.0427,  0.0326, -0.1404,  0.0963]],
       device='cuda:0')), ('bn3.weight', tensor([1., 1., 1., 1., 1., 1., 1., 1., 1., 1., 1., 1., 1., 1., 1., 1., 1., 1.,
        1., 1., 1., 1., 1., 1., 1., 1., 1., 1., 1., 1., 1., 1.],
       device='cuda:0')), ('bn3.bias', tensor([0., 0., 0., 0., 0., 0., 0., 0., 0., 0., 0., 0., 0., 0., 0., 0., 0., 0., 0., 0., 0., 0., 0., 0.,
        0., 0., 0., 0., 0., 0., 0., 0.], device='cuda:0')), ('bn3.running_mean', tensor([0., 0., 0., 0., 0., 0., 0., 0., 0., 0., 0., 0., 0., 0., 0., 0., 0., 0., 0., 0., 0., 0., 0., 0.,
        0., 0., 0., 0., 0., 0., 0., 0.], device='cuda:0')), ('bn3.running_var', tensor([1., 1., 1., 1., 1., 1., 1., 1., 1., 1., 1., 1., 1., 1., 1., 1., 1., 1.,
        1., 1., 1., 1., 1., 1., 1., 1., 1., 1., 1., 1., 1., 1.],
       device='cuda:0')), ('bn3.num_batches_tracked', tensor(0, device='cuda:0'))])