OrderedDict([('conv1.bias', tensor([ 2.2513e-08,  1.1380e-09, -4.2599e-07, -7.8702e-09,  2.7797e-08,
         1.3550e-08,  1.1825e-06,  5.8507e-08], device='cuda:0')), ('conv1.lin.weight', tensor([[ 1.6309e-04,  9.6405e-05, -2.5121e-05, -2.4320e-06, -7.9690e-06,
         -1.1029e-04,  3.4382e-16, -2.0196e-17, -6.1407e-22, -9.8693e-42,
         -8.4908e-05, -2.5659e-03, -2.2189e-03, -5.1912e-04, -7.8282e-04,
          1.5074e-01,  3.0266e-04, -9.4188e-04, -2.6927e-03, -1.9762e-03,
          1.6164e-03,  2.3545e-03, -3.3436e-03, -2.0962e-04,  8.0045e-04,
          2.9775e-05, -1.1602e-04, -4.0747e-05,  1.0356e-05,  6.5061e-05,
         -2.1135e-04,  9.4305e-04,  4.3427e-04,  3.3414e-05,  1.0972e-04,
         -2.2511e-04, -4.3711e-18, -4.3097e-05,  1.0518e-01,  9.3225e-02,
          1.1656e-03,  1.0097e-03,  1.0909e-03, -8.0107e-03,  6.0334e-03,
         -1.0527e-04,  1.7202e-03, -1.5785e-01, -7.5511e-04, -2.5504e-04,
          8.3795e-05,  1.4153e-42, -1.4215e-06, -3.9598e-10,  1.1565e-25,
         -2.3447e-04,  1.0739e-05,  9.2997e-05, -9.9428e-05,  6.2204e-05,
         -1.6454e-04,  5.1327e-04,  8.9383e-04, -3.6232e-04,  3.8527e-03,
         -6.3867e-03, -1.3022e-01, -4.8916e-05],
        [-2.2147e-05,  1.8599e-04,  7.8039e-05, -6.1642e-05, -4.6055e-05,
         -7.9466e-04, -8.5589e-06, -7.0602e-19, -1.5656e-07, -1.9940e-16,
          9.5886e-05, -2.6138e-03, -1.5819e-04, -6.2650e-04, -5.5459e-04,
         -6.2972e-02,  1.1190e-03,  1.0157e-03, -1.2138e-03, -1.6967e-03,
          1.7447e-03,  2.3293e-03, -1.0923e-03,  3.2620e-05, -2.9831e-06,
          1.1923e-04,  2.2180e-05, -6.5801e-05, -4.0705e-05,  1.5825e-04,
         -1.6317e-06,  2.8505e-04,  3.5524e-05,  6.0720e-04, -2.2904e-04,
         -3.4922e-05, -9.6901e-24, -2.1866e-04, -1.3938e-01,  9.0656e-02,
          6.3053e-04,  1.3422e-04, -1.4472e-04,  2.2500e-02, -3.5256e-02,
         -3.1916e-04,  1.3881e-03,  1.7167e-01, -1.0745e-03,  8.0816e-05,
          4.2284e-04,  2.4945e-10,  3.6955e-21,  1.1827e-42, -4.8331e-42,
         -3.2183e-04, -1.1290e-04,  4.0452e-05, -3.0767e-04,  6.6391e-05,
          2.0247e-04,  3.1703e-03,  2.4265e-03, -8.5031e-04, -8.6610e-04,
         -1.3396e-02,  3.9758e-02,  1.1111e-04],
        [ 4.8124e-07, -1.7096e-04, -4.3829e-05, -1.7514e-04, -7.1060e-05,
          3.8412e-05,  1.7319e-14,  1.8301e-42,  5.3206e-39,  2.7942e-08,
         -5.0882e-05,  3.3844e-03, -1.1044e-03, -3.5518e-04,  1.4037e-03,
          5.8954e-02,  1.7995e-03, -1.4128e-04,  3.4423e-04, -2.2487e-03,
         -4.9506e-03,  1.9989e-03, -5.1561e-04,  1.0340e-04, -1.1256e-04,
         -2.5119e-04,  2.5549e-04,  2.0038e-03, -1.8699e-05,  1.2918e-04,
         -1.3317e-03, -3.3661e-03,  6.0505e-04, -5.4973e-05,  4.0878e-04,
          1.1754e-04,  2.4862e-13,  2.4361e-05, -1.8361e-01, -5.6356e-03,
         -5.4509e-05,  1.9186e-03, -1.4355e-04, -1.2137e-01, -1.0126e-01,
          3.3460e-05,  4.0416e-03, -1.6144e-01, -7.4314e-04,  3.9000e-04,
          8.4554e-04,  4.3959e-42, -5.4434e-07,  6.1631e-08, -7.2184e-07,
          2.6193e-04,  4.3891e-05, -1.3324e-04, -2.3122e-04,  5.9454e-05,
         -1.5211e-04, -4.5657e-03, -1.6268e-03, -2.9956e-03,  9.8197e-03,
          1.5624e-01, -3.2887e-02, -7.6837e-05],
        [-9.1128e-05, -1.6516e-04,  3.7055e-05,  8.9519e-06,  3.9312e-06,
         -1.2475e-04, -3.2230e-44, -1.1800e-41,  1.4228e-09, -2.9221e-13,
         -2.1119e-04,  4.3595e-03,  1.8963e-03, -1.3871e-03,  9.4108e-04,
          7.2455e-02,  3.1144e-04,  3.5940e-03,  3.2451e-03,  2.2872e-03,
         -4.1065e-03, -2.8549e-03,  2.4675e-03,  2.9940e-05,  6.1013e-05,
         -1.7838e-04,  1.7482e-04,  7.5019e-05,  6.8934e-05,  3.1795e-04,
         -1.2889e-04,  7.3415e-03,  2.8183e-04, -4.9374e-04,  5.4132e-04,
          4.6924e-05,  2.4491e-12, -3.5846e-05, -1.5840e-01, -1.5641e-01,
          3.0085e-04, -6.6526e-04, -8.8013e-04,  6.0278e-02,  9.6779e-02,
          1.2121e-04,  9.0877e-04,  1.0216e-01,  1.7999e-04,  2.0655e-04,
          7.9624e-05, -2.3841e-08, -3.8448e-27,  3.9793e-11, -2.6372e-42,
          3.3498e-05,  2.4622e-04,  2.0348e-04,  1.6973e-04, -4.5441e-05,
         -1.9168e-05,  8.4354e-03,  5.4984e-03,  1.0086e-02,  1.0983e-02,
         -1.0629e-01,  6.3348e-02,  1.3253e-04],
        [ 2.4048e-04,  1.0201e-04,  3.9143e-05,  4.6005e-05,  7.7896e-05,
          6.7135e-04,  2.5999e-23, -9.0723e-12,  3.6882e-42, -1.2807e-12,
         -5.6138e-05,  2.3013e-03,  2.6836e-03,  4.6732e-04, -1.3097e-04,
         -1.0757e-01,  1.2929e-03, -2.3764e-03,  1.7222e-03,  1.3974e-03,
          6.5354e-06,  1.7511e-03,  1.6200e-03,  1.4152e-05,  1.8224e-03,
          1.6071e-04, -2.4444e-04,  1.3317e-04,  7.2585e-05,  5.1412e-04,
          5.0861e-04,  2.0835e-03, -8.0773e-04, -5.6280e-04,  2.4895e-04,
          2.5363e-04,  1.0360e-41, -6.7531e-05, -1.6431e-01, -1.7733e-01,
          1.8252e-04,  1.2797e-04, -3.7383e-05,  1.0905e-02, -5.0473e-02,
          4.7497e-04,  3.0279e-04,  1.6157e-01, -1.7439e-04,  1.0201e-04,
          7.8049e-04,  5.9751e-24,  1.5489e-38, -2.4989e-17, -1.0195e-08,
         -2.5202e-04,  1.5079e-04, -1.0259e-04, -2.5890e-04,  2.0455e-04,
          3.5835e-04,  5.1053e-03,  3.2543e-03,  2.1045e-03, -6.7427e-04,
          4.3691e-02,  6.1531e-02, -5.7617e-05],
        [-1.3916e-04,  2.2694e-04, -8.7111e-05,  4.9270e-05, -4.5380e-06,
         -9.0010e-04, -4.0357e-43,  4.3862e-39, -2.9736e-42,  3.5060e-42,
          2.6248e-04, -1.0267e-03, -1.4408e-04, -5.1155e-04, -1.4568e-04,
          3.2189e-02, -1.9884e-03,  6.3326e-04,  2.0269e-03, -2.5706e-03,
          9.5499e-03,  2.8359e-02, -7.8468e-04, -2.0099e-04,  5.5950e-04,
         -1.7139e-04,  3.3528e-04, -6.9652e-04, -2.7633e-06, -3.7096e-04,
          1.1245e-03,  3.6806e-03,  1.0022e-03,  4.6521e-04,  3.0837e-04,
         -5.5231e-04, -1.7770e-41, -1.2409e-03, -2.4181e-02,  4.9119e-02,
          1.5822e-03,  2.1410e-05, -1.1563e-04, -6.8448e-02,  2.5368e-01,
         -8.3136e-04,  2.2490e-03,  1.4545e-02, -1.9630e-04,  1.0841e-05,
         -1.4468e-04, -2.5188e-14,  5.7965e-11,  3.4542e-42, -1.8270e-07,
         -2.0920e-05, -3.8773e-04, -1.5941e-04,  1.5282e-04,  3.9808e-04,
         -1.3204e-04,  5.2677e-03,  6.4299e-03,  4.5865e-03,  2.7411e-03,
         -2.0459e-02,  2.4036e-02,  1.4458e-04],
        [-7.5131e-05,  1.0021e-04,  6.2470e-05, -7.9709e-05, -7.9391e-05,
          5.5964e-05,  1.7673e-41,  3.1193e-42, -4.4561e-42, -6.4963e-18,
         -8.8256e-05, -1.7672e-04,  6.5486e-03, -6.6277e-04,  3.3513e-04,
          9.2604e-02, -1.2206e-03,  2.4895e-03,  3.0915e-03,  4.9176e-03,
          1.3116e-03, -1.1248e-03,  4.1673e-03,  7.7007e-05,  4.5568e-04,
         -5.5039e-05, -3.3521e-04, -3.7910e-04,  2.9807e-05, -9.9351e-05,
         -1.3670e-03,  7.7119e-03,  9.1760e-04, -9.5576e-04, -2.3877e-04,
         -1.9362e-04,  2.2687e-32,  1.0724e-03, -1.7116e-01, -1.3274e-01,
         -1.4933e-03, -1.6360e-03, -1.1379e-04,  3.1487e-02, -3.1476e-02,
          3.2632e-04, -2.2687e-04, -1.4485e-01,  2.8892e-04,  2.8761e-04,
         -7.2293e-05,  8.9630e-14, -2.5181e-42,  1.1827e-42, -3.0632e-06,
          3.9065e-04,  4.4899e-04, -7.9918e-05,  7.0415e-05,  2.4307e-04,
         -5.1806e-04,  8.2652e-03,  2.6400e-03,  1.8318e-03, -2.5429e-03,
         -4.3228e-02,  2.8687e-02, -5.1336e-05],
        [-2.1607e-04, -2.4677e-04, -1.5028e-04, -2.9986e-04,  1.2039e-05,
          2.5788e-03, -3.7493e-06, -1.0033e-42, -3.6322e-42, -1.6199e-14,
          3.0457e-04,  7.2889e-03, -1.0383e-02, -7.0621e-04,  3.9499e-03,
         -3.7997e-02, -2.2261e-04,  7.1641e-03,  1.0575e-02,  1.2042e-02,
         -1.2540e-02, -8.6532e-03,  1.0531e-02,  7.8520e-05,  7.7468e-04,
          9.1004e-04,  2.3879e-04,  1.3568e-03, -7.7234e-05,  7.0840e-04,
          9.0606e-04,  1.6576e-02, -3.9346e-04, -1.8668e-03, -2.5030e-04,
          6.6487e-04, -1.1069e-14,  7.3418e-04, -3.8398e-02,  9.9510e-03,
         -2.3803e-03, -1.1821e-03, -2.9372e-03, -1.5918e-01,  1.5376e-01,
          1.9813e-03,  4.3780e-03,  3.5683e-02,  9.8769e-04,  5.8989e-04,
          1.2662e-03, -5.1750e-42, -1.7853e-42,  6.7484e-13, -1.5526e-42,
          6.2007e-04,  8.8224e-04, -4.9623e-05, -1.9298e-05,  3.9840e-04,
         -4.2613e-04,  1.6862e-02,  5.5721e-03,  1.3423e-02,  1.2403e-01,
          1.8705e-01,  4.1166e-03, -4.2881e-04]], device='cuda:0')), ('conv1.aggr.t', tensor([1.], device='cuda:0')), ('bn1.weight', tensor([0.8945, 0.7459, 0.7782, 0.8098, 0.7953, 0.9350, 0.8375, 0.7138],
       device='cuda:0')), ('bn1.bias', tensor([0.2181, 0.1096, 0.0189, 0.0653, 0.2023, 0.1517, 0.1327, 0.0800],
       device='cuda:0')), ('bn1.running_mean', tensor([-573.8602,  336.4270, -663.8173,  254.6010,  -87.1309,  381.4951,
        -314.0751,   64.0657], device='cuda:0')), ('bn1.running_var', tensor([5732554.0000, 1322619.6250, 1234314.3750, 2445573.0000, 2700806.2500,
         278489.9688, 1500011.8750,  103200.1406], device='cuda:0')), ('bn1.num_batches_tracked', tensor(47024, device='cuda:0')), ('conv2.bias', tensor([-4.7885e-06, -1.2416e-06,  5.0558e-07,  2.6549e-07,  1.9057e-06,
         1.9352e-06, -8.4995e-06, -1.2039e-06,  4.2327e-07, -4.5651e-06,
         8.8733e-07, -1.2637e-06,  1.6363e-06,  2.7744e-07, -1.8488e-06,
        -1.4467e-06], device='cuda:0')), ('conv2.lin.weight', tensor([[ 0.2417, -0.1537,  0.1859,  0.0375, -0.1652, -0.2066, -0.3728,  0.0426],
        [-0.3086,  0.2657,  0.2581, -0.0615,  0.3314,  0.0982, -0.0841,  0.2439],
        [-0.0730, -0.1184, -0.0677, -0.3998,  0.0217, -0.2331,  0.2219, -0.1335],
        [ 0.2900, -0.0079,  0.1005, -0.1935, -0.1935,  0.0027,  0.0964,  0.0152],
        [ 0.0745, -0.2388, -0.1321,  0.1275,  0.3237, -0.3648, -0.3065, -0.1344],
        [ 0.1768, -0.0742,  0.2708,  0.2650, -0.0924,  0.1263,  0.0324,  0.3381],
        [-0.0182,  0.2478,  0.2422,  0.1232,  0.0445,  0.2227, -0.4289,  0.0136],
        [ 0.4367,  0.1189, -0.1389,  0.2528, -0.0166,  0.1218, -0.1309, -0.0795],
        [-0.2948,  0.0283,  0.1512, -0.3131, -0.0830,  0.4438,  0.0586, -0.1949],
        [-0.2844, -0.0384,  0.1087, -0.4935, -0.0472,  0.1301,  0.1205, -0.2029],
        [-0.2815,  0.2570, -0.0913, -0.3271,  0.0850,  0.2387,  0.0035,  0.1507],
        [-0.1058,  0.0893,  0.0627,  0.3041, -0.1004,  0.2919, -0.1460, -0.2201],
        [-0.3615,  0.1085, -0.1954, -0.1834,  0.2447,  0.1259,  0.1955,  0.3067],
        [ 0.1400,  0.1096,  0.0455, -0.3498,  0.4653,  0.1211, -0.1549,  0.0250],
        [ 0.3114,  0.2559,  0.2879,  0.2742, -0.1894,  0.1034,  0.3769,  0.2649],
        [-0.3794, -0.0120,  0.1914,  0.2455, -0.2195,  0.3465,  0.3234, -0.2030]],
       device='cuda:0')), ('conv2.aggr.t', tensor([1.], device='cuda:0')), ('bn2.weight', tensor([0.7366, 0.7300, 0.8245, 0.6803, 0.6971, 0.8050, 0.7246, 0.6814, 0.7295,
        0.6969, 0.7214, 0.7356, 0.7278, 0.7094, 0.7789, 0.7063],
       device='cuda:0')), ('bn2.bias', tensor([ 0.0188, -0.0180, -0.5321, -0.4362,  0.0596,  0.0404, -0.2951,  0.1646,
        -0.2425,  0.4870,  0.4636, -0.4106, -0.5290,  0.0114,  0.0728,  0.1026],
       device='cuda:0')), ('bn2.running_mean', tensor([-0.1450,  0.2133, -0.2575,  0.0671, -0.2256,  0.3478,  0.1351,  0.2378,
        -0.0536, -0.2339,  0.0121,  0.0518,  0.0728,  0.1858,  0.5723,  0.0717],
       device='cuda:0')), ('bn2.running_var', tensor([0.1818, 0.1868, 0.1316, 0.0797, 0.1471, 0.0788, 0.0984, 0.0889, 0.1140,
        0.0892, 0.1211, 0.0990, 0.1847, 0.0826, 0.1973, 0.2024],
       device='cuda:0')), ('bn2.num_batches_tracked', tensor(47024, device='cuda:0')), ('conv3.bias', tensor([ 1.3462e-06,  7.9213e-07, -2.5465e-06,  2.5125e-06, -5.0960e-08,
        -1.7997e-06, -3.9103e-06, -3.4294e-07, -3.5939e-06,  2.3412e-06,
         1.6463e-06, -7.3451e-07,  4.7209e-06, -2.4657e-07,  5.4204e-07,
        -1.9286e-08, -5.6912e-07,  1.3507e-06,  3.6533e-06, -2.6702e-06,
         5.4211e-06, -2.0971e-06, -1.1564e-06,  1.4197e-06, -2.0430e-06,
         2.5542e-06, -3.4908e-06,  1.0606e-08,  1.4606e-06,  1.4506e-06,
        -3.3484e-06, -2.1615e-06], device='cuda:0')), ('conv3.lin.weight', tensor([[-2.9506e-03,  2.1724e-01,  1.9366e-01,  1.3296e-01,  9.3866e-02,
          1.2428e-01,  1.2358e-01, -2.4454e-02,  6.9138e-02, -2.6327e-02,
         -1.1817e-01,  2.2059e-01, -3.6414e-02, -3.8463e-02, -1.4163e-02,
         -4.6333e-02],
        [ 9.4040e-02, -4.7796e-02,  6.6141e-02,  5.1936e-02, -1.8650e-01,
         -8.8131e-02,  1.6847e-01, -7.4031e-02,  1.4261e-01, -1.3148e-01,
         -2.0808e-01, -9.7141e-02,  2.9604e-01, -1.4042e-01,  6.1501e-02,
         -9.0707e-02],
        [-7.4592e-02, -1.1544e-01, -3.3760e-02,  5.0961e-02,  1.4206e-01,
          1.2545e-01, -1.4948e-01,  1.1101e-01, -8.8133e-02,  9.4630e-02,
          2.5983e-01,  1.4828e-01, -4.1759e-02, -1.8178e-01, -3.7259e-02,
         -7.7966e-02],
        [-3.7531e-02, -2.3535e-01, -2.2913e-01, -1.0512e-01,  1.3400e-01,
          5.1366e-02, -2.4472e-02, -1.4193e-01, -4.8121e-02,  1.2132e-01,
          4.2883e-02,  5.5933e-02,  5.2921e-02, -5.0297e-02,  7.2378e-02,
          9.2783e-03],
        [-1.1299e-01,  4.3508e-02,  5.2513e-02,  1.1344e-01,  5.0727e-02,
          7.7164e-02,  7.8780e-02,  1.1331e-02, -1.2526e-01,  1.2952e-01,
         -1.9841e-01,  4.7185e-02,  3.6733e-02, -9.2526e-04,  6.2749e-02,
         -4.9775e-02],
        [-1.5277e-01,  1.5514e-03, -1.7396e-01, -7.8001e-02,  5.9043e-02,
         -6.9064e-02, -1.4530e-01,  1.1091e-01, -5.5357e-02,  1.5595e-01,
          1.3739e-01,  1.0514e-01, -2.2620e-01, -8.3816e-02,  3.9156e-02,
         -1.5718e-01],
        [-2.3409e-01, -1.2884e-01, -1.6335e-01,  8.2740e-02,  6.4800e-02,
         -1.6231e-03, -1.4424e-01,  1.6272e-01,  1.6688e-01,  2.9458e-02,
         -3.4104e-02, -1.5911e-01,  1.3208e-01, -5.4539e-02, -1.0460e-01,
         -1.3913e-01],
        [-4.3318e-02,  1.2401e-01,  5.8511e-03,  2.1158e-01,  5.0971e-02,
          3.7031e-02,  4.2361e-02, -9.9462e-02, -1.1660e-01, -2.9220e-02,
          1.6411e-01, -3.8931e-03,  3.3106e-02, -3.2319e-02,  9.4687e-03,
          1.1513e-02],
        [ 7.7416e-02,  9.7561e-02, -2.0040e-01, -1.1923e-01, -4.5000e-02,
         -6.3150e-02, -1.2561e-01, -9.4375e-02,  3.3252e-02, -9.0721e-02,
          9.6193e-02, -1.1236e-01, -1.1180e-01, -9.1630e-02,  1.0717e-01,
         -6.3754e-02],
        [-1.1866e-02, -6.6921e-03, -1.1856e-01, -1.2894e-01,  2.7426e-02,
         -4.5125e-02, -3.2073e-02, -1.2649e-02, -9.4484e-02,  1.6788e-01,
          1.1077e-01, -2.4655e-01, -1.9554e-01,  8.7367e-02,  1.1186e-01,
          1.2863e-01],
        [-9.9746e-02, -7.1233e-02, -1.1102e-01, -2.3144e-02, -2.0363e-01,
         -2.6817e-01,  2.1633e-01, -1.1768e-01, -9.3505e-02, -1.6889e-01,
         -1.0264e-01, -1.1230e-01, -5.3253e-02,  1.6082e-02, -1.7781e-02,
          8.6989e-02],
        [ 1.4396e-01, -8.6384e-02, -1.1944e-01,  1.9283e-03, -2.1610e-01,
          5.7103e-02, -4.4268e-02,  1.6773e-01,  3.8961e-02, -2.2931e-02,
          6.9282e-02, -2.1851e-01,  1.6265e-01, -4.1725e-02, -2.3384e-01,
          1.2748e-01],
        [-3.0911e-02,  3.2314e-02,  1.3503e-01,  3.5098e-02,  2.0113e-01,
         -6.0564e-03, -6.0060e-02, -9.4947e-02,  7.3857e-02, -2.8584e-01,
          8.2595e-02,  1.2712e-01, -1.2902e-01,  1.8850e-01,  2.8262e-02,
          8.2643e-02],
        [-8.5093e-02, -3.2731e-02, -2.7457e-01,  2.3480e-02,  1.5108e-01,
          1.8882e-01, -1.5789e-01, -1.0458e-01, -3.0579e-02,  5.2330e-02,
          5.6198e-02, -8.8631e-02, -1.1133e-01,  1.5506e-01, -1.7032e-01,
          1.3073e-01],
        [ 2.0686e-01,  8.2309e-02,  4.8327e-02, -1.1644e-01, -2.1774e-02,
         -1.0841e-02, -1.5342e-01, -6.2554e-02,  1.6455e-01, -1.9520e-02,
         -6.0897e-02,  1.0859e-01, -5.5718e-02,  1.3448e-01, -3.7508e-02,
          6.0035e-02],
        [ 1.9309e-01, -1.5253e-01, -1.7883e-03,  1.5584e-02, -1.4080e-01,
         -1.4491e-01,  1.1453e-01, -8.4425e-02, -9.2725e-02, -7.2262e-02,
          1.6332e-01, -3.3408e-02,  1.2956e-01, -9.2258e-02,  8.2877e-02,
         -3.5563e-02],
        [-1.5568e-02,  2.2314e-02, -1.6917e-01,  1.6779e-01,  1.5976e-01,
         -1.2386e-01, -2.0118e-01, -1.8289e-01, -8.9341e-02,  1.7456e-02,
          1.3002e-01,  1.9433e-01,  6.8061e-02, -8.0393e-02,  5.8180e-02,
         -3.0307e-02],
        [ 2.0825e-01,  1.7851e-01,  1.3883e-01,  9.5880e-02,  1.5955e-01,
         -1.9031e-02,  3.8760e-02,  2.1455e-01, -1.2607e-01, -8.6563e-04,
          2.3883e-01,  6.0531e-02, -1.2944e-01, -7.1953e-02, -2.4160e-02,
          2.0761e-01],
        [ 7.1947e-03,  7.9153e-02,  1.7619e-01,  2.3956e-01,  1.6935e-01,
         -1.0344e-01,  7.4317e-02, -8.6959e-02,  1.0695e-01, -1.3331e-01,
         -1.5231e-01,  2.1130e-01,  2.0861e-01, -1.2026e-02,  1.4994e-01,
          4.8825e-02],
        [-1.0798e-01, -1.3985e-01, -1.6377e-02,  1.1085e-01,  6.2253e-02,
         -1.1263e-01, -3.7850e-02, -1.2591e-01, -9.5889e-02,  5.4979e-02,
         -6.8215e-02,  1.2096e-01,  1.6025e-01,  7.6503e-02,  1.8169e-01,
          7.7946e-02],
        [ 9.1217e-02,  1.5094e-01, -8.6977e-02, -1.1352e-01,  2.9201e-02,
          2.5865e-03, -1.4910e-01,  1.0099e-01, -8.8311e-02,  2.4509e-01,
         -2.1499e-02, -8.1563e-02, -1.4008e-01,  8.2957e-02,  1.7487e-01,
          1.5556e-01],
        [ 3.6943e-02,  1.7371e-01,  1.0598e-01,  7.8784e-02,  4.5770e-02,
         -1.5931e-01,  6.2494e-02, -4.6334e-02,  1.6411e-01, -1.1851e-01,
          2.6506e-02, -3.6179e-02, -9.8902e-02, -1.1074e-01,  2.0428e-01,
          1.1157e-01],
        [ 1.8336e-01,  6.0376e-02, -1.9041e-01, -6.0531e-02,  3.8618e-02,
          3.8268e-04, -4.0785e-02,  1.1086e-01, -1.0339e-01,  2.5969e-01,
          1.1781e-01, -2.0732e-01, -5.0240e-02, -1.1339e-01,  7.8903e-02,
          1.3121e-01],
        [ 1.1958e-01, -1.4852e-01,  5.0331e-03, -2.5401e-01, -1.3358e-01,
          4.6754e-02, -1.7038e-01, -2.0355e-01,  1.2386e-01, -2.5023e-01,
          2.0640e-01,  1.3477e-01, -2.3176e-01,  6.7531e-02, -1.7241e-01,
         -5.4784e-02],
        [ 1.3944e-01, -1.4325e-01,  2.5288e-01,  1.3950e-01, -4.0709e-02,
          9.2573e-02,  1.6207e-01,  6.5630e-02,  3.1907e-02, -1.7194e-01,
         -1.4642e-01,  8.6361e-03,  3.6758e-01,  1.2262e-01, -1.7683e-01,
          1.9200e-01],
        [-3.8078e-03,  1.4913e-01,  1.0073e-01,  5.5212e-02, -4.7754e-02,
          1.0496e-01, -1.2296e-01, -8.9599e-02, -2.5647e-01,  8.1501e-02,
         -2.8281e-02,  1.5227e-01,  4.9696e-02,  8.0794e-02, -7.4671e-03,
         -1.9415e-02],
        [-1.2641e-01,  5.4895e-02, -1.2233e-01, -1.3529e-02,  3.9395e-02,
          2.3070e-01, -6.7245e-02,  1.7764e-01,  1.2178e-01,  1.5537e-01,
         -6.5218e-02, -1.4595e-01, -9.7924e-03, -4.0166e-02, -1.0627e-01,
         -1.0641e-01],
        [ 1.4867e-01, -4.9972e-02, -5.1508e-02, -2.1475e-01, -1.1837e-01,
         -1.3510e-01,  1.8216e-01, -1.5409e-01,  2.5486e-04,  1.2965e-01,
         -2.2698e-02, -4.2008e-02, -1.4040e-01,  5.4913e-02,  1.9881e-01,
          2.3575e-02],
        [ 8.4252e-02,  1.1981e-01, -9.5797e-02,  4.3017e-02,  6.7815e-02,
          1.5148e-01, -1.1894e-01, -2.7677e-02,  1.8416e-01,  1.2599e-01,
         -2.6652e-01,  1.7357e-01,  2.3712e-01, -1.2244e-01, -1.1446e-01,
         -2.2063e-01],
        [ 8.4511e-02,  1.9564e-01, -1.6243e-01, -1.1610e-01,  1.9488e-01,
          4.7619e-02, -1.6701e-02,  3.0980e-03,  1.0136e-01,  2.2112e-01,
         -4.8712e-02, -1.7380e-01, -2.0111e-01,  2.8529e-02,  1.1577e-01,
          1.0371e-01],
        [ 5.2023e-02, -9.0670e-02,  4.3920e-02, -6.1281e-02, -1.2274e-01,
          5.8520e-02, -1.2518e-01,  8.9500e-02, -3.9085e-02,  4.3101e-02,
          1.7368e-01,  1.1890e-01,  4.6174e-02,  1.2206e-01, -1.0264e-01,
         -9.8065e-02],
        [ 8.7729e-02,  1.6966e-03, -9.2341e-02, -6.3378e-02, -1.3798e-01,
          1.4709e-01, -1.4914e-01, -8.9707e-02, -1.2773e-03, -1.3428e-01,
         -4.8233e-02,  1.3971e-01,  5.6545e-02, -4.4490e-02, -1.9487e-01,
         -1.1648e-01]], device='cuda:0')), ('bn3.weight', tensor([1., 1., 1., 1., 1., 1., 1., 1., 1., 1., 1., 1., 1., 1., 1., 1., 1., 1.,
        1., 1., 1., 1., 1., 1., 1., 1., 1., 1., 1., 1., 1., 1.],
       device='cuda:0')), ('bn3.bias', tensor([0., 0., 0., 0., 0., 0., 0., 0., 0., 0., 0., 0., 0., 0., 0., 0., 0., 0., 0., 0., 0., 0., 0., 0.,
        0., 0., 0., 0., 0., 0., 0., 0.], device='cuda:0')), ('bn3.running_mean', tensor([0., 0., 0., 0., 0., 0., 0., 0., 0., 0., 0., 0., 0., 0., 0., 0., 0., 0., 0., 0., 0., 0., 0., 0.,
        0., 0., 0., 0., 0., 0., 0., 0.], device='cuda:0')), ('bn3.running_var', tensor([1., 1., 1., 1., 1., 1., 1., 1., 1., 1., 1., 1., 1., 1., 1., 1., 1., 1.,
        1., 1., 1., 1., 1., 1., 1., 1., 1., 1., 1., 1., 1., 1.],
       device='cuda:0')), ('bn3.num_batches_tracked', tensor(0, device='cuda:0'))])