OrderedDict([('conv1.bias', tensor([ 9.0571e-08, -1.5911e-07,  3.9308e-06,  3.2233e-09, -8.1783e-07,
         8.6402e-07, -5.2830e-07,  1.1117e-07], device='cuda:0')), ('conv1.lin.weight', tensor([[ 7.5299e-05,  1.1888e-04, -8.5347e-05,  6.5083e-05,  3.4618e-07,
          2.5221e-04, -6.2484e-42, -6.1747e-07, -4.1394e-42,  6.7276e-09,
         -4.9893e-05, -6.7624e-04,  2.7436e-03, -3.4543e-04,  7.4452e-05,
          5.5722e-02,  9.2493e-04, -4.0536e-04,  8.3309e-04, -5.2367e-04,
          8.0753e-04, -2.7960e-04, -1.0933e-03,  3.3811e-05,  9.5717e-04,
          1.6233e-04, -2.9414e-05, -1.6345e-04,  1.2862e-05, -1.3999e-04,
          5.4989e-04, -7.1929e-04, -4.3841e-04,  3.7554e-04, -2.8855e-04,
         -3.6367e-04, -8.0308e-42,  3.6885e-04, -3.7443e-02, -1.8565e-01,
         -5.1383e-04, -6.7794e-04,  2.2004e-04, -3.9247e-03, -1.4108e-03,
          2.9304e-04, -1.1489e-03,  1.7922e-02,  5.2952e-04, -1.7827e-04,
         -4.0841e-04, -7.6791e-43, -1.1156e-41, -8.1850e-42, -5.8461e-10,
         -2.3898e-04,  5.2438e-05, -1.8087e-04, -1.7952e-04, -7.1737e-06,
         -1.8854e-05,  1.1850e-03,  5.1529e-04, -3.3909e-04,  4.0099e-04,
         -1.7424e-03, -1.2722e-01,  7.8554e-05],
        [-7.2440e-05, -4.3527e-05, -1.0629e-06, -9.1934e-07,  4.8968e-06,
          3.7801e-04, -4.7742e-42,  6.3283e-14, -4.6270e-09,  3.4108e-42,
          9.4521e-05, -3.6320e-03,  1.0862e-03,  1.0202e-05,  2.2158e-04,
         -1.4790e-02,  1.7660e-03,  2.9891e-04,  1.0916e-04,  9.1946e-04,
         -8.4676e-04, -4.0990e-04, -1.0831e-03,  2.1618e-04, -5.4541e-04,
          4.9412e-06, -2.2415e-04,  2.7793e-04,  7.6243e-06, -4.5040e-04,
          2.1085e-04, -1.5803e-03, -5.3818e-04, -1.6731e-04, -5.7453e-05,
          5.4342e-04,  4.7294e-42,  3.7006e-05, -4.7647e-02,  1.0284e-01,
         -3.7944e-05,  3.1636e-04,  8.8832e-04, -1.3215e-03, -5.2465e-03,
         -1.7996e-04,  1.1887e-03,  5.7934e-02, -1.5152e-04, -8.5276e-05,
          5.4612e-04,  1.9955e-21,  3.4947e-15, -2.1594e-42,  3.4527e-23,
         -2.4034e-04,  7.3821e-05,  2.5617e-05,  1.2854e-04,  3.1697e-05,
         -2.0441e-04, -1.9977e-03, -8.2847e-04,  4.6387e-04,  1.4301e-05,
         -3.3020e-03,  1.1946e-02, -2.0965e-04],
        [ 5.3294e-05,  7.2721e-05,  1.9501e-07,  2.9517e-05, -1.0496e-05,
          5.9728e-05,  5.7958e-42, -2.6941e-30, -2.3249e-21,  5.9751e-42,
         -2.7667e-04,  1.0073e-04, -6.3902e-05, -2.0683e-04,  1.6779e-04,
         -5.8083e-02, -4.9846e-04, -5.4626e-04,  7.4959e-04,  1.0501e-03,
          9.5637e-04,  7.1294e-04,  7.7469e-04, -8.4871e-06,  7.2046e-05,
          1.9977e-04,  1.5514e-04, -3.9256e-04,  3.2673e-05, -3.2680e-04,
         -1.3589e-04,  1.1345e-03,  1.9337e-04, -2.3062e-04, -9.9966e-05,
          1.9952e-04, -1.1356e-05,  7.1335e-05,  1.8686e-01, -8.3946e-02,
          6.2490e-05,  4.3779e-04,  9.2603e-04, -1.6168e-03,  3.0392e-04,
         -3.0834e-06,  6.2539e-04,  8.7219e-02,  1.2413e-04, -9.2196e-05,
          1.8948e-04, -7.5166e-42,  5.3039e-10, -3.6770e-42,  5.4104e-42,
         -2.0294e-04,  1.7311e-05, -1.0385e-04,  1.3970e-05, -3.2491e-04,
          2.9103e-05, -1.8094e-04, -2.1514e-03,  3.1573e-03,  7.5343e-04,
          1.5659e-03,  2.0026e-02, -6.6313e-06],
        [ 1.1347e-04,  2.9757e-06,  1.6240e-05, -2.8302e-06, -1.6828e-06,
          1.2674e-04,  6.0676e-42,  6.1923e-42, -4.8887e-06,  5.9064e-10,
         -1.7937e-05,  1.3090e-03,  1.3032e-03,  8.1731e-05,  2.6552e-04,
         -1.6629e-02, -9.1480e-06, -5.1010e-04,  1.6354e-05, -1.6214e-04,
         -6.1865e-04,  1.0670e-03, -6.5354e-04,  1.6222e-04,  2.0909e-04,
         -2.0426e-04, -1.0423e-04, -2.7465e-04,  1.2135e-06,  3.1446e-06,
          1.3120e-04, -9.6781e-04, -2.4608e-04, -4.9407e-04, -5.9884e-05,
          2.2391e-04,  5.5239e-42,  5.3774e-04,  2.4626e-01, -1.3351e-01,
         -3.4783e-04,  2.5819e-04,  7.7328e-04, -2.2599e-03, -2.7899e-03,
         -4.9674e-06, -7.7438e-04, -5.6512e-02,  4.2871e-04,  1.9065e-04,
          1.3387e-04,  8.0096e-22, -3.0493e-13,  1.0042e-10,  3.7639e-42,
         -7.3939e-05, -2.0424e-05, -1.1912e-04,  6.9414e-05,  1.0551e-04,
          1.0043e-05,  5.3032e-04, -1.7365e-03,  1.0746e-04,  2.4216e-03,
          8.4541e-04,  3.2071e-02,  1.5247e-04],
        [-1.6900e-04, -2.9324e-05,  4.4368e-06,  2.1176e-04, -5.8972e-06,
          1.3289e-04, -5.1428e-43,  1.4505e-41,  3.4192e-43,  4.6145e-42,
         -1.4828e-04, -1.9189e-03, -2.9701e-04, -4.6862e-04,  1.4558e-04,
         -1.7772e-02, -1.1721e-03,  5.9245e-04, -2.2000e-04,  3.2115e-04,
          2.1194e-03,  6.5820e-05,  7.8306e-04,  3.8072e-05,  2.9691e-04,
          1.1307e-04, -6.3909e-05,  5.7236e-04, -2.1664e-05,  2.1728e-04,
         -2.9135e-04,  1.0456e-04,  1.7711e-05,  4.7121e-04,  1.3596e-04,
         -2.5552e-04, -3.5423e-07,  5.8349e-04, -4.9746e-02, -3.5584e-02,
          1.7024e-04, -9.6903e-04, -1.7746e-04, -7.3532e-04,  9.6324e-04,
          7.5708e-05,  3.7365e-04,  1.9077e-01,  1.4707e-04, -2.5372e-04,
         -4.9435e-05,  9.6956e-42,  8.3139e-42, -5.6735e-14, -3.4192e-43,
          3.8310e-04, -2.5879e-04, -7.3368e-05, -2.7270e-04, -4.9582e-05,
          1.8160e-04, -3.7320e-04,  2.2776e-04, -1.1892e-03, -8.0292e-04,
          1.0064e-03, -2.7798e-02,  7.9003e-05],
        [ 2.2915e-04, -3.1691e-05,  7.0339e-06, -5.0514e-05, -5.1237e-05,
         -6.1233e-04, -3.9603e-19,  3.0682e-14, -4.0998e-12, -6.0938e-26,
         -2.2932e-04, -5.0029e-04,  2.3129e-03,  2.5051e-04,  3.4105e-04,
          9.1334e-02, -7.1113e-06, -1.5144e-04, -2.8039e-04, -9.5650e-04,
         -2.4870e-03, -3.5730e-05, -4.9529e-05,  4.6357e-05, -6.6489e-04,
         -6.7790e-06, -1.0477e-04,  8.7560e-05,  3.1495e-05,  3.7953e-05,
         -1.4137e-04,  9.4382e-04,  6.3910e-04,  1.8158e-04,  2.9531e-04,
          4.3143e-04,  5.7131e-10, -1.7588e-04, -1.7146e-01, -1.5855e-01,
          9.3546e-04,  3.6668e-04, -3.1542e-04,  1.7724e-03, -2.5748e-03,
          3.9354e-04, -1.5505e-03, -7.3584e-03,  1.9930e-04,  8.3968e-05,
          4.3233e-04, -9.3649e-42, -5.5071e-43, -1.4714e-43, -8.2754e-11,
         -8.6585e-06,  1.5298e-04,  5.3614e-05, -2.5841e-06, -9.8759e-05,
         -4.2023e-05, -1.2805e-04, -3.8917e-04,  1.9025e-03, -9.2394e-04,
         -1.0202e-03, -8.6402e-02,  3.5352e-04],
        [-6.0039e-05, -3.9593e-05, -4.7423e-05, -4.1697e-05, -7.5627e-06,
          1.5212e-04,  6.8047e-42, -5.2402e-16, -2.3070e-14, -7.0289e-42,
          1.5854e-04, -1.7633e-04,  1.2986e-04, -1.2059e-04,  2.7670e-04,
          1.5335e-02,  9.1024e-04, -3.9832e-04,  5.6405e-05,  2.7231e-04,
          4.2960e-04,  1.9621e-03, -8.4799e-04, -6.2316e-05, -2.2917e-04,
         -3.6091e-04, -3.1318e-05,  3.2035e-05,  2.0871e-05,  1.3506e-04,
         -2.4510e-04, -7.1661e-05,  3.4543e-05, -9.5655e-05, -1.0367e-04,
          7.1229e-07, -5.3656e-42, -1.9378e-05,  5.9608e-02,  1.0326e-02,
         -1.4844e-04, -5.3293e-04, -2.7655e-04,  4.7474e-04, -1.1112e-03,
          1.6352e-04,  4.7793e-04, -1.4507e-01,  4.1241e-05,  3.9449e-04,
          5.7366e-05,  2.5541e-20,  2.3294e-14, -1.2387e-42,  2.5978e-14,
          3.1198e-04,  8.9270e-05,  1.7446e-05, -9.6337e-05, -1.6674e-04,
          1.0849e-05, -8.2889e-04,  9.7803e-04,  8.3146e-04,  1.1255e-03,
         -7.3310e-04,  8.4727e-02, -1.9534e-04],
        [-5.8993e-05,  7.5457e-05,  4.5886e-05,  4.9919e-06,  6.1467e-05,
          3.5208e-04, -8.8378e-17,  1.0229e-41,  7.9815e-16,  1.3410e-42,
          2.3429e-05, -7.3868e-04, -4.5680e-04,  1.3498e-05,  7.4695e-05,
          6.8966e-02, -3.2576e-04, -5.4880e-04, -1.2660e-04, -3.7897e-04,
          4.2921e-04,  1.6103e-03,  1.3724e-03, -1.5949e-04,  4.2986e-04,
         -1.2268e-04, -2.6773e-05,  6.7814e-05,  2.2758e-05,  1.3995e-04,
          1.2973e-04,  6.6991e-04,  4.9939e-04,  9.0650e-05, -1.0564e-04,
          4.3588e-06,  1.1656e-26, -3.8929e-04,  2.1647e-01,  1.8891e-01,
          1.9386e-04,  5.5353e-04, -4.7129e-04,  6.0810e-04,  2.3513e-03,
          5.8967e-05,  4.2533e-05, -2.0618e-01,  9.6769e-05, -2.7710e-04,
         -1.5010e-04,  3.9405e-42, -5.2493e-42,  2.7119e-10, -6.2512e-42,
          1.9430e-04, -1.1944e-04,  1.1071e-04,  2.1845e-04, -7.2888e-05,
          1.0478e-04, -7.6604e-04, -8.1503e-04, -1.2579e-03, -1.8924e-04,
          1.4859e-03, -6.2192e-03, -1.4568e-04]], device='cuda:0')), ('conv1.aggr.t', tensor([1.], device='cuda:0')), ('bn1.weight', tensor([0.6601, 0.7841, 0.7558, 0.8736, 0.8704, 0.7193, 0.7906, 0.7528],
       device='cuda:0')), ('bn1.bias', tensor([ 0.2454,  0.0532,  0.0791,  0.0850,  0.0759,  0.1731,  0.0631, -0.0345],
       device='cuda:0')), ('bn1.running_mean', tensor([-1223.0674,   236.3143,   375.5550,   366.1800,  -143.0288, -1119.7991,
          579.0968,   606.9721], device='cuda:0')), ('bn1.running_var', tensor([7221143.0000,  383990.2812, 1301861.7500, 2165981.2500,  996391.7500,
        4336352.5000, 3249510.7500, 2870253.7500], device='cuda:0')), ('bn1.num_batches_tracked', tensor(47024, device='cuda:0')), ('conv2.bias', tensor([ 1.9770e-06, -5.7257e-07,  3.1770e-06, -2.1875e-07, -2.3110e-06,
        -2.1817e-06, -9.8768e-07, -3.8172e-07,  5.4988e-07,  2.0557e-06,
         2.5388e-06,  2.0845e-06,  1.9709e-06,  2.6415e-06,  1.2933e-06,
        -5.5787e-08], device='cuda:0')), ('conv2.lin.weight', tensor([[ 0.1545,  0.2280, -0.1386,  0.0405, -0.2724,  0.0831, -0.2820,  0.2164],
        [-0.1625,  0.1405,  0.1033,  0.3040, -0.0665,  0.0280, -0.1446, -0.1737],
        [ 0.0687, -0.1915, -0.0268, -0.0349, -0.2381,  0.4456, -0.0934, -0.1582],
        [ 0.2405,  0.0915,  0.0748, -0.2721, -0.0946,  0.1763, -0.2112,  0.2665],
        [-0.1233,  0.0270,  0.2058, -0.1870,  0.2961, -0.0400, -0.0104, -0.0654],
        [-0.1067, -0.1540, -0.2434, -0.0445, -0.1479, -0.0465, -0.1711, -0.1437],
        [-0.0862,  0.1492,  0.2119,  0.2634, -0.0315,  0.0113,  0.1830,  0.2280],
        [ 0.0913,  0.1623,  0.1488,  0.1887, -0.2100,  0.0551,  0.1929, -0.0620],
        [-0.2052,  0.0228,  0.1524, -0.1045,  0.4196,  0.0857,  0.2077,  0.1310],
        [ 0.0991,  0.0540,  0.2772,  0.1013, -0.1117, -0.2263,  0.1772, -0.2157],
        [ 0.0124,  0.2364, -0.0058,  0.2385, -0.1364,  0.1387, -0.0882,  0.0863],
        [ 0.0148,  0.2304, -0.2198,  0.0376,  0.4264, -0.0335,  0.4050,  0.0074],
        [ 0.2928, -0.0836,  0.1339, -0.0877,  0.2801, -0.2313,  0.2646, -0.0557],
        [ 0.2270, -0.2248, -0.0574, -0.2860, -0.0923,  0.0573, -0.0434,  0.0853],
        [-0.0295,  0.2438,  0.0621,  0.2907,  0.1359, -0.0591, -0.0992, -0.2398],
        [-0.1398,  0.1133,  0.3819, -0.3344,  0.1453, -0.0568,  0.2747,  0.0411]],
       device='cuda:0')), ('conv2.aggr.t', tensor([1.], device='cuda:0')), ('bn2.weight', tensor([0.7106, 0.6046, 0.7266, 0.6508, 0.6552, 0.7066, 0.7632, 0.7136, 0.7730,
        0.6031, 0.6811, 0.7014, 0.8033, 0.8249, 0.5920, 0.6468],
       device='cuda:0')), ('bn2.bias', tensor([-0.3286,  0.1323, -0.0696, -0.0513,  0.2000, -0.2285,  0.3687, -0.4098,
        -0.3829,  0.2674,  0.2048,  0.4101, -0.3428,  0.6491,  0.1380, -0.0208],
       device='cuda:0')), ('bn2.running_mean', tensor([ 0.0353,  0.0232, -0.0223,  0.1010,  0.0122, -0.3068,  0.2551,  0.1821,
         0.1690,  0.0509,  0.1601,  0.2279,  0.1454, -0.0860,  0.1083,  0.0856],
       device='cuda:0')), ('bn2.running_var', tensor([0.1272, 0.0800, 0.1395, 0.1193, 0.0877, 0.1159, 0.2218, 0.1189, 0.1508,
        0.1167, 0.0729, 0.2401, 0.1053, 0.1234, 0.1001, 0.1618],
       device='cuda:0')), ('bn2.num_batches_tracked', tensor(47024, device='cuda:0')), ('conv3.bias', tensor([-6.2240e-07,  3.6342e-06,  8.8825e-07, -6.1627e-07, -1.4795e-06,
         3.8916e-07,  2.0359e-06, -2.4774e-06, -2.8564e-06, -9.4227e-07,
         2.2766e-06,  5.1971e-07,  1.9735e-06, -2.2077e-07,  3.7312e-07,
        -2.5954e-06,  1.7181e-06, -7.9040e-07, -3.0474e-06,  1.1150e-06,
         4.2960e-08,  2.3045e-06, -5.1034e-08,  3.5679e-08, -7.0945e-07,
        -5.6875e-07, -2.2787e-06,  2.9949e-06, -1.7112e-06,  1.3198e-06,
         2.9711e-06, -1.0901e-06], device='cuda:0')), ('conv3.lin.weight', tensor([[ 1.4801e-01,  1.1086e-01,  7.9046e-02,  1.1678e-01,  1.2568e-01,
          3.6147e-02,  1.7548e-01, -1.5097e-01, -4.0305e-02,  1.9522e-01,
         -5.5871e-02,  1.8453e-01, -8.0293e-02,  1.2118e-01,  1.1919e-01,
         -9.6104e-04],
        [-1.1673e-01,  1.6390e-01,  5.5442e-02,  4.3677e-02,  8.3335e-02,
         -1.9076e-01,  2.8179e-02, -2.6049e-02, -1.7666e-01,  1.0087e-01,
         -1.3600e-01,  9.7232e-02, -1.6961e-01,  1.5272e-01,  4.0590e-02,
          1.0639e-01],
        [-1.0964e-01,  1.1039e-01, -8.5076e-02, -6.7115e-02,  1.0353e-01,
         -1.9712e-02,  1.7781e-01, -8.9723e-02, -1.5910e-01, -1.9345e-03,
         -1.1044e-01,  1.2426e-01, -2.6127e-01,  2.0538e-01, -3.9393e-02,
          1.5708e-01],
        [ 9.9170e-02, -6.0755e-02, -8.2572e-02, -1.4249e-01, -5.8389e-02,
         -4.7416e-02, -1.1723e-01,  3.6907e-02,  1.0683e-01,  5.1069e-02,
         -5.8615e-02, -1.4343e-01, -4.7754e-03,  9.4550e-02,  1.6603e-01,
         -1.8452e-01],
        [-2.0374e-01,  2.3750e-02,  5.8527e-02, -4.1954e-02,  1.9795e-01,
         -1.7018e-01,  1.6825e-01, -9.4806e-02, -1.0938e-01,  1.5397e-02,
          1.5002e-01,  1.4262e-01, -2.0104e-01,  1.7872e-01, -1.2600e-01,
         -1.7475e-01],
        [-3.3956e-02, -1.4095e-01, -1.5738e-01, -7.1864e-02,  8.0374e-02,
         -6.0227e-02, -1.2339e-01,  1.3796e-01, -2.2306e-01, -3.9485e-03,
          1.7270e-01,  3.7753e-02,  1.2368e-01,  2.2947e-01,  9.5904e-02,
         -6.0828e-02],
        [-6.4887e-02,  1.9139e-02,  7.1307e-02,  1.2733e-01, -1.3079e-01,
          8.7247e-02,  1.0560e-02, -8.3511e-02,  2.1192e-01,  1.7495e-01,
          1.5115e-01, -1.2435e-01,  1.0205e-01,  1.5602e-01,  2.6682e-02,
         -2.3635e-02],
        [-1.2046e-01,  9.8663e-02, -5.6661e-02, -9.3721e-02,  1.4978e-02,
          2.0472e-01,  1.9919e-02, -2.9260e-02,  7.2518e-02, -1.7769e-01,
          9.4205e-02, -9.8557e-02, -1.1911e-01, -2.9704e-02, -1.0785e-01,
          1.6093e-01],
        [-1.1782e-01,  8.8347e-02,  1.3743e-01,  2.7693e-01, -2.2322e-01,
         -9.8169e-02, -1.6729e-01, -8.6255e-02, -2.9365e-02,  1.1338e-01,
          1.4867e-01,  8.0432e-04,  1.6385e-01, -3.8977e-02,  1.4038e-01,
          1.0567e-01],
        [-1.1267e-01,  7.9089e-02,  1.2570e-01, -3.7687e-02,  1.0518e-01,
         -7.9694e-02, -4.9344e-02,  1.0106e-01, -1.0964e-01, -2.0520e-01,
         -9.1563e-02, -1.0727e-01, -1.2568e-01, -2.1980e-01, -7.8618e-02,
          1.2889e-01],
        [ 9.3756e-02, -1.7607e-01,  9.1402e-02,  1.1659e-01,  7.5795e-02,
          1.8077e-01, -3.0320e-02,  9.2008e-02,  1.3822e-02, -4.7778e-03,
          1.2127e-02, -8.0153e-03,  1.7739e-01, -1.8729e-01,  2.8728e-02,
          6.6220e-02],
        [ 1.0925e-01, -8.6193e-02,  2.2315e-02, -1.7402e-02, -9.1969e-02,
         -1.0086e-04, -2.6766e-01,  8.1639e-02,  1.0463e-01, -3.3193e-02,
          1.2143e-01, -1.8216e-01,  4.6484e-02, -1.8622e-01, -1.1384e-01,
          1.9213e-01],
        [ 6.1698e-02,  1.2252e-01, -1.8731e-01,  5.1131e-02, -5.4135e-03,
          1.7617e-01, -2.1783e-01,  8.9801e-02, -1.1053e-01, -6.1296e-03,
          1.1303e-02, -8.6601e-02,  1.4469e-01, -1.3634e-01, -1.0290e-01,
          1.1425e-01],
        [-9.5742e-02,  1.4522e-02, -9.8472e-02,  1.3412e-01, -6.0040e-02,
          1.4005e-01,  4.7774e-02,  1.7120e-01, -1.5427e-01, -7.6494e-02,
         -9.8051e-02,  2.8160e-02, -1.4349e-02, -1.3455e-01,  4.6029e-02,
          7.0989e-02],
        [-1.3619e-01,  6.3361e-02, -1.6694e-01,  1.9976e-01, -2.0908e-01,
          3.0183e-02, -2.6014e-02, -5.6362e-02,  5.3416e-02, -4.3098e-02,
         -1.7627e-01, -1.9286e-01,  8.6420e-02, -1.0762e-01,  1.0102e-02,
         -9.7731e-02],
        [ 6.1603e-02, -7.8965e-02,  8.2929e-02, -3.4301e-02,  5.6466e-02,
          1.4945e-01,  1.2141e-02,  9.1333e-02,  1.7886e-01,  5.9362e-02,
          8.0710e-02, -6.9729e-02,  8.9177e-02, -1.9929e-01, -8.2009e-02,
         -1.3183e-01],
        [ 7.7980e-03,  7.7229e-02, -1.8798e-01, -1.4598e-01,  1.4701e-01,
         -7.1609e-02, -1.6537e-02, -9.1202e-02, -1.6623e-01,  5.0602e-02,
          8.3157e-02,  9.5949e-02, -6.9244e-02,  3.0510e-01,  1.0807e-01,
          6.6420e-02],
        [ 2.3686e-01,  1.0623e-01,  1.5868e-01, -4.4002e-02, -1.1948e-02,
          1.3166e-01,  1.6868e-02, -4.8655e-02,  4.8208e-02,  1.1909e-02,
         -1.7085e-01,  3.4906e-02,  2.0275e-01, -2.9338e-01, -1.1489e-01,
         -1.3230e-01],
        [ 1.2211e-02, -1.5161e-01,  7.7261e-02,  4.4002e-02, -9.4825e-02,
         -1.4682e-01, -1.4297e-01, -7.5847e-03,  1.6109e-01, -1.1060e-01,
          1.4544e-01, -1.2803e-01,  6.7719e-02, -1.5864e-01,  2.9892e-02,
         -1.2480e-01],
        [ 1.3115e-01,  2.6942e-02,  9.8491e-02,  2.0326e-02,  7.5479e-02,
          7.4080e-02, -2.1584e-01, -2.7131e-02,  5.9809e-02,  1.0169e-01,
          1.1312e-01,  1.3448e-01, -2.1738e-02, -1.8121e-01, -6.4110e-02,
          3.0129e-02],
        [-1.2984e-01,  8.1477e-02,  5.0225e-02, -1.0468e-01,  8.9322e-04,
         -1.0691e-01, -1.8440e-01, -1.3692e-01, -9.1805e-02, -2.2631e-02,
          2.2768e-01,  2.0903e-01, -8.8572e-02,  6.5496e-02, -1.8936e-02,
          5.5440e-02],
        [-2.3159e-01, -2.4736e-04, -2.1176e-01, -8.0802e-04,  9.3322e-02,
          1.7099e-01,  1.3122e-01, -9.6052e-02, -2.0348e-01,  3.7645e-02,
          1.3843e-01,  1.7103e-01, -1.1736e-01,  1.0339e-01, -9.1129e-02,
          6.1208e-02],
        [ 2.3046e-01, -1.6724e-01,  1.6415e-01, -7.5030e-02,  8.1847e-02,
          2.6154e-03,  1.5183e-01,  1.4508e-01,  3.2375e-03, -1.4677e-01,
         -1.7232e-01,  1.1719e-01,  6.8882e-02, -8.7523e-02, -5.8850e-02,
         -7.2969e-02],
        [ 2.9285e-03,  1.2377e-01, -1.3819e-01, -1.4124e-01, -1.6169e-02,
         -7.0489e-02,  2.0744e-01, -2.5120e-01, -9.3449e-02,  4.0027e-02,
          1.4376e-01,  8.9113e-02,  2.9012e-02,  3.4609e-01, -3.3699e-02,
         -1.1514e-02],
        [-8.3864e-02, -8.0446e-02,  1.4701e-01, -4.0008e-02,  8.2188e-02,
         -8.6885e-02,  1.6151e-01, -2.1474e-01, -1.1820e-01,  1.9930e-01,
          8.0691e-02,  1.7751e-01, -1.0743e-01,  1.7802e-01,  1.4069e-01,
         -1.3197e-01],
        [ 9.0536e-02, -1.0139e-01, -1.1475e-01,  1.9613e-02,  9.6518e-02,
          2.5100e-01,  1.3259e-01, -7.2947e-02, -7.2743e-02, -5.9906e-02,
          1.3022e-01, -1.6987e-01,  2.3042e-01, -1.2790e-02,  1.2049e-01,
         -2.0964e-02],
        [-1.0693e-01, -4.6639e-02, -1.5553e-01,  1.1115e-01, -8.6080e-02,
          9.0828e-02,  1.3552e-01, -6.8550e-02,  2.0947e-02,  2.9516e-02,
          1.1278e-01,  9.2417e-03, -3.1470e-02, -2.0453e-02, -1.2026e-01,
         -6.1676e-02],
        [-8.0783e-02, -6.0316e-02,  6.8748e-02,  1.4304e-01,  1.5543e-01,
         -1.5245e-01,  1.5325e-01, -1.7355e-01, -1.8471e-01,  1.7149e-01,
          1.4069e-01,  8.1810e-02,  5.2529e-03,  4.3153e-02,  5.2021e-02,
         -1.5360e-01],
        [ 3.3460e-02,  6.9204e-02, -1.7816e-01, -1.6278e-01,  6.5287e-02,
         -7.9896e-02, -1.8087e-01,  1.6096e-01,  1.2135e-01, -7.6431e-02,
         -1.9751e-02, -1.8938e-01,  1.3141e-01, -1.9145e-02, -1.9054e-01,
         -1.7503e-01],
        [-1.3459e-01,  1.4851e-04,  3.5970e-03, -6.9562e-02,  1.4315e-01,
         -3.3445e-02, -7.1934e-02, -4.3907e-02,  1.1320e-01,  6.7441e-02,
          1.9079e-01, -5.0043e-02,  5.0734e-03,  7.5131e-02, -4.2155e-02,
         -1.0221e-01],
        [ 5.5414e-03,  4.6717e-02, -2.1072e-02, -9.5153e-02, -1.2442e-01,
          3.5708e-02,  2.9856e-02, -8.4349e-02, -1.7204e-01,  5.4374e-02,
          8.6617e-02, -5.0980e-03,  6.4216e-02,  1.1962e-01,  2.1692e-02,
          2.0823e-01],
        [ 2.8980e-02, -9.5814e-02, -1.2946e-01, -9.9570e-02,  1.0547e-01,
         -7.0338e-02,  5.2100e-02, -5.4867e-03, -2.1600e-02, -9.6257e-02,
         -1.1644e-01, -2.5390e-01, -5.2431e-02, -1.4508e-01,  8.5056e-03,
          1.6907e-02]], device='cuda:0')), ('bn3.weight', tensor([1., 1., 1., 1., 1., 1., 1., 1., 1., 1., 1., 1., 1., 1., 1., 1., 1., 1.,
        1., 1., 1., 1., 1., 1., 1., 1., 1., 1., 1., 1., 1., 1.],
       device='cuda:0')), ('bn3.bias', tensor([0., 0., 0., 0., 0., 0., 0., 0., 0., 0., 0., 0., 0., 0., 0., 0., 0., 0., 0., 0., 0., 0., 0., 0.,
        0., 0., 0., 0., 0., 0., 0., 0.], device='cuda:0')), ('bn3.running_mean', tensor([0., 0., 0., 0., 0., 0., 0., 0., 0., 0., 0., 0., 0., 0., 0., 0., 0., 0., 0., 0., 0., 0., 0., 0.,
        0., 0., 0., 0., 0., 0., 0., 0.], device='cuda:0')), ('bn3.running_var', tensor([1., 1., 1., 1., 1., 1., 1., 1., 1., 1., 1., 1., 1., 1., 1., 1., 1., 1.,
        1., 1., 1., 1., 1., 1., 1., 1., 1., 1., 1., 1., 1., 1.],
       device='cuda:0')), ('bn3.num_batches_tracked', tensor(0, device='cuda:0'))])