OrderedDict([('conv1.bias', tensor([ 9.4058e-07, -1.4623e-07,  3.6435e-07, -3.1083e-07,  1.5198e-06,
         4.3145e-07, -7.7378e-07, -1.6973e-06], device='cuda:0')), ('conv1.lin.weight', tensor([[ 1.4941e-04, -2.3267e-04, -7.6907e-05, -2.7239e-04,  5.1159e-05,
         -1.2075e-03,  5.9102e-06,  3.2832e-42,  3.5817e-42,  3.4668e-42,
          4.3459e-05, -1.7968e-02, -1.7925e-02, -2.5730e-03, -2.2165e-03,
         -2.8379e-03, -8.8818e-03, -1.9107e-03, -8.2391e-03, -7.9173e-03,
         -3.3430e-03, -2.5772e-03, -7.5329e-03, -2.5368e-04, -6.8320e-04,
         -8.4746e-04, -7.3069e-05, -2.8866e-03,  2.4375e-05, -8.4745e-04,
         -2.2482e-03,  2.4004e-03, -3.3212e-04,  1.0892e-03, -5.9797e-04,
         -7.8559e-04, -5.4049e-06, -1.9099e-03, -6.3743e-02,  7.4472e-02,
          9.2059e-05, -4.1196e-03, -2.1640e-03,  4.2572e-03, -2.0457e-02,
         -1.2493e-03, -1.0830e-02,  1.7568e-03, -2.4679e-03, -5.7632e-04,
         -1.0338e-03, -8.3161e-11, -4.2025e-42,  1.9500e-09, -1.8686e-17,
         -5.8088e-04, -7.9449e-04,  1.4941e-04, -5.2649e-04, -5.2650e-04,
         -2.0814e-05,  2.6787e-03, -1.7172e-02, -1.6491e-02, -1.8989e-02,
         -3.5031e-02, -1.2623e-02,  4.7467e-05],
        [-1.0138e-04, -1.1654e-04, -5.6212e-05, -4.2508e-06,  1.1485e-05,
         -3.9940e-05,  4.7028e-42,  4.9161e-26,  3.6700e-42,  4.0878e-27,
          4.4546e-07, -3.3784e-03, -4.2548e-03, -2.6900e-04, -1.4569e-05,
          9.9506e-02, -2.3570e-03,  3.7307e-04, -5.2907e-04, -4.8491e-04,
         -3.5818e-03, -3.6960e-03, -3.1602e-04,  7.9236e-05,  4.1450e-05,
         -4.4721e-05, -6.3616e-05, -3.9088e-04, -3.1068e-05, -4.4478e-05,
         -2.6410e-04,  1.2284e-03, -2.6919e-05, -4.2102e-06, -7.6925e-05,
         -9.8932e-05,  6.2262e-08, -5.6015e-05,  4.7812e-02, -1.6458e-01,
         -4.7714e-04, -8.8037e-04, -1.0446e-03,  4.9590e-03, -1.8681e-03,
         -7.4573e-05, -3.2316e-03,  8.0096e-02, -3.4329e-04,  5.2928e-05,
         -4.2422e-05,  6.5047e-07, -6.1725e-16, -1.7796e-15, -1.5649e-09,
          4.5337e-05, -6.5014e-06, -1.0139e-04,  1.9669e-05,  1.9531e-05,
          5.1045e-05,  1.4555e-03, -2.8856e-03, -2.9526e-03, -4.4183e-03,
         -8.5650e-03, -1.6210e-01, -3.2350e-05],
        [ 8.7363e-05, -5.4258e-05, -1.1272e-05, -3.0860e-04, -1.8462e-06,
         -3.0250e-03,  4.7242e-10,  3.9857e-23,  3.4079e-14,  2.7157e-42,
          6.0992e-05, -4.3163e-02, -3.8048e-02, -4.0602e-03, -6.4354e-03,
         -1.5151e-01, -2.2266e-02, -4.6385e-03, -2.0086e-02, -1.8931e-02,
         -9.5487e-03, -7.8268e-03, -1.8552e-02, -4.2233e-04, -1.1877e-03,
         -9.6969e-04, -3.9084e-04, -7.1755e-03,  5.5830e-05, -9.6969e-04,
         -3.9067e-03, -1.3731e-03,  5.7493e-04,  1.3325e-03, -6.9958e-04,
         -8.7598e-04,  1.6157e-42, -2.8238e-03,  7.1695e-03, -9.5394e-02,
          1.2580e-03, -8.5732e-03, -3.1639e-03, -3.5014e-02, -2.3537e-02,
         -2.0274e-03, -2.5887e-02,  1.3907e-02, -5.6567e-03, -6.4727e-04,
         -2.1576e-03, -2.4551e-42,  1.2528e-13, -1.2437e-41,  1.4349e-42,
         -7.5333e-04, -1.4210e-03,  8.7579e-05, -6.2680e-04, -6.2680e-04,
         -2.4274e-04, -1.9435e-03, -3.6653e-02, -3.4480e-02, -3.9578e-02,
         -6.1305e-02,  3.9856e-02, -2.7582e-04],
        [ 1.8480e-04, -6.2715e-05,  2.5312e-05, -4.9716e-04,  3.8301e-05,
         -1.5887e-04, -9.0384e-43,  1.1497e-10,  1.1812e-41,  4.6128e-14,
         -1.0838e-04, -5.4775e-03, -6.0967e-03, -4.9591e-04, -5.7833e-04,
          7.7827e-05, -2.1789e-03, -4.7336e-04, -2.4166e-03, -2.3141e-03,
         -1.5309e-03, -1.3274e-03, -2.2102e-03, -4.3926e-04, -1.8219e-04,
         -4.7082e-04, -3.6476e-04, -5.9343e-04,  8.4494e-06, -4.7102e-04,
         -5.2172e-04,  8.9416e-05, -1.3663e-04,  2.7311e-05, -2.7349e-04,
         -3.0279e-04, -2.1944e-42, -2.6674e-04,  1.6452e-03,  3.6428e-02,
          9.3183e-05, -8.3424e-04, -3.6099e-04,  1.0998e-04, -9.5834e-03,
         -2.4909e-04, -3.2112e-03,  2.0124e-03, -3.2777e-04, -1.3677e-04,
         -6.5531e-05, -7.7071e-43,  4.6873e-42, -3.4178e-42,  6.7917e-06,
          1.8536e-05, -9.5542e-06,  1.8480e-04, -3.9599e-04, -3.9593e-04,
         -1.2632e-04,  1.5329e-04, -5.6134e-03, -5.4745e-03, -6.5766e-03,
         -1.3827e-02, -4.1923e-02, -1.0351e-04],
        [-6.4127e-04,  5.0302e-05,  4.3337e-03, -4.2225e-03,  9.6419e-05,
         -9.6591e-03,  3.2692e-42,  3.0264e-18, -2.1956e-15,  4.4141e-42,
          1.0309e-03, -1.0987e-01, -7.5652e-02, -5.4662e-03, -1.9569e-02,
          2.2996e-02, -6.7947e-02,  4.8142e-03, -3.4463e-02, -2.9314e-02,
         -2.9768e-02, -2.8314e-02, -3.0405e-02, -1.7188e-03,  2.9441e-03,
         -3.7357e-03, -1.2337e-02, -3.0083e-02, -5.0036e-04, -3.7357e-03,
         -1.0166e-02,  7.5303e-03,  2.1260e-02, -8.9320e-03, -9.5049e-05,
         -1.7623e-04,  1.7267e-08,  1.2391e-02, -3.4748e-02,  2.7488e-02,
         -2.8587e-03, -2.6527e-02, -6.5701e-03,  1.2635e-02,  6.3547e-03,
         -1.5634e-02, -6.4347e-02,  2.3968e-02, -2.7747e-02,  2.6383e-03,
         -7.6763e-03, -2.2446e-09, -1.5779e-42,  7.1388e-10, -1.5258e-08,
          2.8808e-03, -5.7974e-03, -6.4127e-04, -1.0166e-03, -1.0166e-03,
         -2.2426e-03,  8.2473e-03, -7.0295e-02, -5.8784e-02, -7.4756e-02,
         -9.4709e-02, -1.2388e-02,  6.7565e-04],
        [-2.8441e-04, -1.5563e-04,  2.3123e-04,  6.2973e-04, -2.6308e-05,
          5.8877e-03, -1.3097e-23,  3.5481e-42,  9.7493e-11, -2.1648e-17,
          5.0595e-05,  6.6097e-02,  8.3105e-02,  8.8642e-03,  1.1561e-02,
         -5.9244e-02,  3.4779e-02,  1.0960e-02,  3.7167e-02,  3.5867e-02,
          1.5399e-02,  1.2632e-02,  3.3464e-02,  7.5323e-04,  3.2232e-03,
          2.3389e-03, -1.6228e-04,  1.2182e-02,  2.0621e-04,  2.3389e-03,
          7.5676e-03, -7.4619e-03,  2.3132e-04, -4.2982e-03,  1.9183e-03,
          2.4177e-03,  1.0755e-41,  8.4037e-03, -6.1019e-03,  8.4100e-02,
         -3.2065e-03,  1.5456e-02,  7.9094e-03, -1.8788e-02,  3.8027e-02,
          3.9125e-03,  4.7718e-02,  5.9542e-03,  9.2674e-03,  1.7460e-03,
          4.3779e-03, -8.4512e-10,  4.9396e-42, -1.1029e-15, -4.2988e-15,
          2.0605e-03,  3.1145e-03, -2.8441e-04,  1.4524e-03,  1.4524e-03,
          6.4097e-04, -8.7109e-03,  6.9594e-02,  7.2656e-02,  8.7429e-02,
          1.2817e-01,  2.8115e-02,  5.1239e-04],
        [-3.4327e-04, -1.1897e-04,  4.5283e-04,  8.9397e-05, -1.0639e-04,
         -2.5264e-04,  1.0141e-06,  1.7074e-11, -1.9733e-20,  1.6171e-42,
          2.8072e-05, -3.2584e-03, -1.5718e-04, -1.5487e-04, -6.2307e-04,
          1.8725e-02, -2.6444e-03,  8.7687e-04, -1.7672e-04, -4.7570e-05,
         -4.8559e-04, -5.8926e-04, -7.9378e-05,  3.2918e-04,  4.6318e-04,
          2.4389e-04, -6.2956e-04, -1.0006e-03,  1.7851e-05,  2.4390e-04,
         -2.0395e-04,  1.3244e-03,  5.7145e-04, -6.5559e-04,  3.1191e-04,
          3.2603e-04,  1.4756e-42,  2.3988e-04,  1.5211e-01, -8.3534e-02,
         -7.4395e-05, -1.3073e-03, -3.6569e-04,  3.6071e-03,  8.6946e-03,
         -1.4246e-04, -1.4023e-03,  1.5877e-02, -9.1797e-04,  5.2117e-04,
         -8.0626e-05, -5.0482e-19, -5.6234e-17,  3.0857e-42,  5.1060e-13,
          6.1033e-04,  2.3495e-05, -3.4327e-04,  3.7500e-04,  3.7498e-04,
         -6.0264e-05,  1.4334e-03, -3.1759e-04,  3.6675e-04,  1.0684e-04,
          1.8313e-03, -2.7680e-02,  1.4930e-04],
        [ 2.9333e-04,  1.1176e-04,  9.6152e-04, -1.4412e-03, -5.0586e-04,
         -8.1130e-03, -1.3396e-42,  2.3309e-09, -9.5625e-42, -5.4446e-06,
         -6.3856e-04, -1.4950e-01, -1.1095e-01, -9.0463e-03, -1.7213e-02,
         -1.2702e-01, -5.4658e-02, -3.3871e-03, -4.4189e-02, -4.4831e-02,
         -2.6499e-02, -1.8251e-02, -4.1413e-02, -1.1996e-03, -5.1705e-04,
         -3.4601e-03, -4.5098e-03, -2.0245e-02, -1.2854e-04, -3.4601e-03,
         -1.0697e-02, -7.5230e-03,  5.2749e-03, -8.6931e-04, -1.6301e-03,
         -2.0990e-03, -1.5099e-26, -3.1630e-03, -1.4317e-01,  1.2184e-01,
          2.4748e-03, -2.1999e-02, -4.5972e-03, -3.3875e-02, -2.0521e-01,
         -7.0201e-03, -6.7990e-02,  8.2448e-02, -1.2376e-02, -2.0041e-04,
         -6.4284e-03,  4.7448e-42, -1.6942e-42,  7.0394e-12, -7.4703e-42,
         -4.1587e-04, -4.9481e-03,  2.9333e-04, -1.6664e-03, -1.6664e-03,
         -1.1553e-03,  2.7504e-02, -1.1199e-01, -9.4679e-02, -1.1721e-01,
         -2.0988e-01,  2.4715e-02, -1.4016e-04]], device='cuda:0')), ('conv1.aggr.t', tensor([1.], device='cuda:0')), ('bn1.weight', tensor([0.6240, 0.6495, 0.6920, 0.5731, 0.7741, 0.7361, 0.6147, 0.6879],
       device='cuda:0')), ('bn1.bias', tensor([-0.0816, -0.0334, -0.0355, -0.1320, -0.0056, -0.0740,  0.0234, -0.2764],
       device='cuda:0')), ('bn1.running_mean', tensor([ -112.7085, -1099.0682,  -215.7955,  -237.9043,  -130.4395,   374.4930,
            9.6957,  -257.8410], device='cuda:0')), ('bn1.running_var', tensor([  5528.3486, 285833.3750,   4424.7173,  53763.9258,    590.3766,
          7089.6802,  20285.4395,   2759.9607], device='cuda:0')), ('bn1.num_batches_tracked', tensor(47024, device='cuda:0')), ('conv2.bias', tensor([-3.1546e-06, -1.6667e-07,  1.4225e-06,  1.7077e-06,  1.9066e-06,
        -2.6563e-06, -6.0244e-06, -6.6622e-06,  4.8119e-07, -1.2093e-05,
         1.0421e-05,  7.6601e-07, -1.3809e-06,  4.4649e-06, -7.5707e-07,
        -3.0062e-06], device='cuda:0')), ('conv2.lin.weight', tensor([[ 0.2643,  0.0356, -0.0628,  0.1537,  0.0451, -0.1631,  0.0494,  0.2650],
        [-0.1379, -0.0686,  0.2457, -0.0750, -0.1354, -0.2154,  0.0062, -0.0088],
        [-0.1054, -0.0588,  0.0224,  0.0604,  0.2099,  0.2726, -0.1662,  0.0741],
        [ 0.2065,  0.0844, -0.0598, -0.0900,  0.1204,  0.0583,  0.0699,  0.0198],
        [ 0.0525, -0.2094,  0.1929,  0.1015, -0.3354, -0.2262, -0.1067, -0.0732],
        [-0.0767,  0.2067, -0.1250,  0.1443,  0.0285,  0.1081,  0.0188,  0.2606],
        [-0.3227,  0.2808, -0.2383, -0.3010, -0.0734, -0.2058,  0.2261,  0.0032],
        [ 0.0094,  0.0754, -0.1441,  0.1626,  0.1305,  0.0975,  0.0876, -0.1446],
        [ 0.1206, -0.0304, -0.0540,  0.1061, -0.3889, -0.0517,  0.1518,  0.0648],
        [-0.0843,  0.0628, -0.2770,  0.0415, -0.0179, -0.2627,  0.0077,  0.0154],
        [ 0.0580,  0.1930,  0.0664,  0.1895,  0.2185,  0.1360, -0.0678, -0.1782],
        [ 0.2149,  0.1951, -0.2168, -0.2766, -0.1787, -0.2261, -0.0978, -0.0258],
        [ 0.0181,  0.0923, -0.0525,  0.0899,  0.2352,  0.3056, -0.1899,  0.1300],
        [ 0.1836, -0.2274,  0.2627, -0.0492, -0.2287, -0.0870,  0.0980,  0.0499],
        [-0.0204, -0.2066,  0.1710,  0.0274,  0.0929, -0.1280, -0.0704,  0.0412],
        [ 0.0744,  0.2309, -0.1265, -0.0582,  0.1087,  0.2586,  0.0694,  0.2909]],
       device='cuda:0')), ('conv2.aggr.t', tensor([1.], device='cuda:0')), ('bn2.weight', tensor([0.7775, 0.6360, 0.6612, 0.6824, 0.6090, 0.6851, 0.6412, 0.7146, 0.6051,
        0.7412, 0.7334, 0.6782, 0.6672, 0.5486, 0.6420, 0.6113],
       device='cuda:0')), ('bn2.bias', tensor([ 0.5379,  0.2190,  0.2656, -0.0960,  0.3332, -0.3189,  0.4997,  0.3599,
         0.1349, -0.5339, -0.1977,  0.1288,  0.2120, -0.3903,  0.1406, -0.1499],
       device='cuda:0')), ('bn2.running_mean', tensor([ 0.0759, -0.0968,  0.0810,  0.1004, -0.1670,  0.0986, -0.1218,  0.0812,
        -0.0496, -0.1358,  0.1589, -0.1475,  0.1431, -0.0184, -0.0340,  0.1829],
       device='cuda:0')), ('bn2.running_var', tensor([0.0240, 0.0234, 0.0241, 0.0102, 0.0285, 0.0142, 0.0328, 0.0141, 0.0277,
        0.0198, 0.0160, 0.0266, 0.0222, 0.0199, 0.0170, 0.0247],
       device='cuda:0')), ('bn2.num_batches_tracked', tensor(47024, device='cuda:0')), ('conv3.bias', tensor([ 5.7029e-08, -2.8588e-06,  1.0976e-06, -2.0188e-06, -1.2076e-06,
         1.3810e-06, -6.1839e-07,  8.1456e-07,  1.1226e-07,  1.2865e-06,
        -1.2684e-06, -3.2429e-07, -1.1416e-06,  1.4205e-07, -1.3868e-06,
        -7.1493e-07,  8.7543e-07,  5.5140e-06, -1.7958e-07, -2.4454e-07,
        -6.2902e-07, -1.2385e-06, -5.9046e-07, -9.8522e-07, -2.5505e-07,
        -1.5532e-06,  3.1381e-06,  1.3571e-06, -5.9219e-06, -9.1434e-08,
        -2.7550e-06, -2.5638e-06], device='cuda:0')), ('conv3.lin.weight', tensor([[-1.6676e-01, -1.0090e-01, -3.4331e-02,  1.5768e-01, -8.8519e-02,
         -5.9198e-02, -1.8705e-01, -1.4345e-01,  5.3437e-02,  5.7988e-02,
          7.8148e-02,  9.2006e-02, -9.7485e-02,  2.6254e-02,  5.4850e-02,
          2.6939e-02],
        [ 1.4108e-01,  5.6648e-02,  1.2315e-01,  1.3735e-01,  3.9833e-02,
         -7.7081e-02, -5.4468e-02,  2.2548e-01, -2.3462e-02, -1.1055e-01,
         -1.5581e-01,  3.1550e-02, -4.9006e-02, -1.9774e-01,  8.1095e-02,
         -1.1569e-01],
        [ 1.3796e-01, -3.0019e-02,  1.3628e-04, -1.5182e-02, -6.5600e-02,
          4.1563e-02, -4.7147e-03, -6.0888e-02,  1.4839e-01,  1.6572e-02,
         -1.3423e-01, -1.2531e-01,  4.3251e-02,  6.2723e-02,  3.4775e-02,
          1.2337e-02],
        [-4.0942e-02,  1.1778e-01, -1.5207e-02, -1.1943e-01,  2.5266e-02,
          1.6359e-01, -1.0072e-01, -1.2290e-02,  8.9593e-02, -7.6000e-02,
          1.1735e-01,  5.3329e-02,  1.6415e-03, -4.9070e-02, -3.0349e-02,
         -2.9738e-02],
        [-1.5246e-01, -1.5672e-01,  6.6993e-02,  9.1541e-02,  1.0326e-01,
         -1.8903e-02, -3.5770e-03, -1.8812e-01,  8.7239e-02,  1.5994e-01,
          1.2585e-01,  1.6278e-01,  3.7988e-02,  3.3167e-02,  1.4078e-01,
          6.1887e-02],
        [-1.2866e-01,  4.7751e-02, -4.2979e-02, -8.8117e-02,  4.1673e-02,
          9.5832e-02, -1.3032e-01, -3.8005e-02,  2.8443e-02,  1.4549e-01,
          9.1014e-02, -7.7726e-02,  3.0704e-03,  2.3878e-02,  3.0339e-02,
          4.9777e-02],
        [ 1.3285e-01,  1.1432e-01,  1.6325e-02, -1.1935e-02, -1.2256e-01,
          1.3335e-01, -1.4518e-01,  6.1223e-02, -1.5019e-01,  7.5745e-03,
         -1.7330e-01, -1.8295e-01, -1.1950e-01,  4.5587e-02, -7.3135e-02,
         -6.6452e-02],
        [-5.8601e-02,  6.9203e-02, -1.6929e-01, -1.2324e-01, -1.1976e-01,
          1.7372e-01, -1.6008e-01, -1.8360e-01, -1.1760e-01,  1.3241e-01,
         -1.0194e-02, -4.3822e-02, -2.6429e-02,  1.9135e-01, -1.4470e-01,
          1.2698e-01],
        [-1.9330e-01,  1.0594e-01, -1.4314e-01, -6.4060e-02, -6.1953e-02,
          1.9434e-02, -2.2607e-01,  4.9234e-02,  2.9363e-02,  2.0761e-01,
          7.1332e-02,  9.0959e-02,  1.0716e-01,  3.3073e-02, -1.1809e-01,
         -1.2023e-01],
        [ 4.2721e-02,  9.2254e-02, -7.3062e-03, -4.6944e-02,  1.1778e-01,
         -9.2593e-04,  2.5244e-02,  4.2821e-02,  1.1154e-01, -2.2137e-01,
         -1.3935e-01,  1.5201e-01,  1.4794e-01, -1.5060e-01,  2.4300e-02,
          1.3761e-01],
        [-4.3625e-02,  1.2517e-01, -1.0061e-01,  1.2321e-01, -5.8333e-02,
          1.5260e-01, -2.3459e-02, -1.8889e-01, -1.2787e-01,  1.1597e-01,
         -1.0442e-01, -1.0672e-01, -1.2177e-02,  7.7069e-02, -5.5708e-02,
          1.1111e-01],
        [-2.2663e-01, -1.3670e-01,  8.2743e-02,  6.0453e-02, -1.8140e-01,
          2.3735e-01, -2.3421e-01, -7.1907e-02, -6.5796e-03,  2.5569e-01,
          1.3602e-02, -5.6278e-02,  3.0411e-02,  1.5996e-01, -9.1026e-02,
          2.5900e-02],
        [ 4.6038e-02,  2.7491e-02,  7.3888e-03, -9.1130e-03, -4.3897e-02,
         -1.5702e-02, -8.4938e-02,  1.0467e-01, -5.1461e-02,  5.5412e-02,
         -1.4497e-01,  1.3978e-01,  1.0412e-01, -8.5254e-02,  3.6445e-02,
         -1.4785e-01],
        [ 3.4850e-02,  1.4123e-01,  1.1115e-01, -6.5632e-03,  1.0189e-01,
         -5.1768e-02,  2.8608e-02,  1.0272e-01,  1.8870e-01, -5.2164e-02,
          8.7211e-02,  5.0805e-02,  8.8500e-02,  3.6581e-02, -9.8567e-02,
          2.4391e-02],
        [-2.0266e-01,  6.2326e-03,  2.0073e-02,  1.5100e-01,  1.1304e-01,
          6.9120e-02, -7.9908e-02,  1.5922e-01,  5.5546e-03,  1.8968e-01,
          1.1453e-01, -1.4104e-01, -7.2323e-02,  1.2356e-01,  3.0128e-02,
         -1.2340e-01],
        [ 1.4054e-01,  5.1495e-02,  4.2396e-02, -1.9785e-01,  1.6526e-01,
          1.3308e-01, -3.0728e-02,  4.6366e-02,  1.7123e-02, -4.9122e-03,
         -7.7980e-02, -1.9633e-03,  1.0528e-01, -5.1107e-02,  1.6348e-03,
          3.3214e-02],
        [ 6.3459e-02, -8.1665e-02, -6.7190e-02, -1.3323e-01, -6.8349e-02,
          5.6695e-02,  1.1746e-04, -1.0193e-01,  4.4764e-02,  9.2547e-02,
          8.0567e-02,  1.5788e-01,  8.2449e-02,  7.7877e-02,  1.5807e-01,
          4.3967e-02],
        [ 9.6706e-02, -5.7883e-02,  9.9116e-02, -4.8232e-02, -3.5402e-02,
          1.1613e-01,  4.6329e-03, -1.6955e-01,  1.4545e-02, -1.6496e-01,
         -5.9743e-02,  6.3393e-02,  7.6940e-03,  1.9021e-02,  1.1183e-02,
         -1.7866e-02],
        [-6.5135e-02, -1.4092e-01,  3.4105e-02,  3.0657e-03,  8.2150e-02,
         -6.1892e-03, -1.9435e-01, -1.3967e-01,  9.9458e-03,  1.3566e-01,
          9.6713e-02,  6.8383e-02, -8.0368e-02,  1.1615e-01, -7.1614e-02,
          7.2211e-02],
        [-2.2619e-01, -7.9289e-02, -1.9224e-01, -2.2358e-02, -1.1215e-01,
          2.4376e-05, -2.0548e-01, -3.9013e-02, -1.9124e-02,  1.8289e-02,
          2.0085e-01,  6.3241e-02, -1.5332e-01,  2.3467e-02,  7.6638e-03,
          1.2467e-02],
        [ 1.5901e-01, -9.6500e-02,  1.6996e-01, -4.4004e-02,  1.6156e-01,
         -1.7887e-01,  1.4164e-01,  8.4332e-03,  6.1801e-02, -1.2915e-01,
          1.4590e-02,  1.6457e-02,  1.3601e-01, -1.5941e-01, -1.2532e-01,
         -1.5992e-01],
        [ 1.4007e-01,  8.3313e-02, -5.0194e-02,  5.1353e-02,  7.6904e-02,
         -5.6723e-02, -1.2912e-02,  3.8637e-02,  3.7856e-02, -3.0649e-02,
          5.8429e-02, -4.6217e-02,  6.1594e-02, -6.8256e-02,  1.0507e-01,
          1.0421e-01],
        [ 1.9467e-01, -1.2096e-02,  2.4191e-02,  1.3081e-01, -6.6890e-03,
         -1.6827e-02,  1.6238e-01, -1.1093e-01, -3.8129e-02, -1.2343e-01,
          5.8961e-02, -3.6997e-02,  2.6701e-02, -2.2840e-02, -1.1175e-01,
         -1.5376e-01],
        [ 2.7889e-01,  5.5739e-02,  1.0868e-01, -1.0615e-01, -3.9401e-02,
          7.6807e-02,  1.5886e-01, -1.1024e-01,  1.5185e-01, -2.1480e-01,
         -6.8474e-02,  5.0754e-02,  9.9459e-02, -1.7545e-01,  1.4546e-01,
          7.2435e-03],
        [ 7.2825e-02,  6.8535e-02, -1.4942e-01,  1.3642e-01,  1.1399e-01,
          1.5578e-01, -1.0830e-01, -9.6864e-02,  5.0633e-02,  1.2549e-01,
         -3.3687e-02, -1.2269e-01,  2.3748e-01, -1.0132e-01,  8.9331e-02,
         -1.7811e-01],
        [-1.0550e-01, -1.0675e-01,  1.1201e-02,  3.8984e-02,  1.0061e-02,
          3.5630e-02,  5.5296e-02,  8.3572e-02,  7.8315e-02,  5.4163e-02,
         -8.1758e-02, -8.8132e-03,  3.7563e-02,  1.6277e-01, -8.2378e-02,
         -1.5366e-01],
        [-1.7162e-01, -1.2426e-01, -1.4993e-01,  1.2933e-01,  2.3250e-02,
          1.3558e-01, -1.0008e-01, -1.9182e-01,  6.0997e-03, -7.1903e-02,
         -6.8544e-02, -5.8546e-02, -8.3991e-02,  3.1468e-02, -1.1380e-01,
         -4.8022e-03],
        [-2.4208e-02,  6.6747e-03, -8.0575e-02,  1.3654e-01, -1.2590e-01,
         -3.3884e-02, -1.1361e-01, -1.0249e-01,  6.2059e-03,  1.4627e-01,
         -6.1770e-02, -1.2590e-01,  5.7247e-02,  5.0605e-02,  1.4480e-01,
          3.0111e-02],
        [-3.7157e-02, -1.9349e-01, -9.2950e-02, -7.2261e-02, -1.3865e-01,
         -8.9533e-02, -1.7782e-01, -8.9957e-02,  1.4087e-01,  3.6827e-02,
         -8.3960e-02, -5.9022e-02, -1.9463e-02, -5.2509e-02, -1.1193e-01,
         -1.5064e-01],
        [-6.3115e-05, -4.9276e-02,  1.1195e-01,  1.0207e-01, -4.8721e-02,
         -4.9602e-02, -5.3252e-02,  5.9832e-02, -3.3589e-02, -1.0424e-01,
         -7.2089e-02,  7.5346e-02,  2.1274e-02,  7.2040e-02, -1.9025e-02,
         -1.4876e-01],
        [-3.5352e-03,  2.6191e-02, -2.2785e-01, -8.4379e-02, -2.3984e-01,
         -1.3955e-01, -1.3716e-01, -7.7509e-02, -2.0268e-01,  4.4923e-02,
          1.1073e-01, -3.7296e-02, -9.2116e-02, -9.8422e-02, -3.7111e-02,
          4.4670e-02],
        [-6.8864e-02,  1.0646e-01, -5.2410e-02, -5.0178e-02, -6.5688e-03,
         -1.4276e-01,  9.7665e-02,  2.6557e-01,  7.4605e-02, -1.1135e-01,
         -5.4225e-02,  4.3212e-02,  1.8795e-01, -1.2315e-01, -2.2350e-02,
         -1.2639e-01]], device='cuda:0')), ('bn3.weight', tensor([1., 1., 1., 1., 1., 1., 1., 1., 1., 1., 1., 1., 1., 1., 1., 1., 1., 1.,
        1., 1., 1., 1., 1., 1., 1., 1., 1., 1., 1., 1., 1., 1.],
       device='cuda:0')), ('bn3.bias', tensor([0., 0., 0., 0., 0., 0., 0., 0., 0., 0., 0., 0., 0., 0., 0., 0., 0., 0., 0., 0., 0., 0., 0., 0.,
        0., 0., 0., 0., 0., 0., 0., 0.], device='cuda:0')), ('bn3.running_mean', tensor([0., 0., 0., 0., 0., 0., 0., 0., 0., 0., 0., 0., 0., 0., 0., 0., 0., 0., 0., 0., 0., 0., 0., 0.,
        0., 0., 0., 0., 0., 0., 0., 0.], device='cuda:0')), ('bn3.running_var', tensor([1., 1., 1., 1., 1., 1., 1., 1., 1., 1., 1., 1., 1., 1., 1., 1., 1., 1.,
        1., 1., 1., 1., 1., 1., 1., 1., 1., 1., 1., 1., 1., 1.],
       device='cuda:0')), ('bn3.num_batches_tracked', tensor(0, device='cuda:0'))])