OrderedDict([('conv1.bias', tensor([ 1.4255e-06,  1.5475e-09, -2.8446e-08,  1.0083e-07,  4.0971e-08,
         3.4558e-06, -2.7553e-08,  1.5993e-07], device='cuda:0')), ('conv1.lin.weight', tensor([[-1.4730e-05, -3.6355e-07,  4.9521e-05,  1.1373e-04, -6.2090e-05,
         -2.3852e-04,  1.9604e-42,  3.0829e-43, -3.3239e-42,  1.9022e-20,
         -5.1447e-05, -5.8250e-03, -5.1788e-03, -1.3188e-04,  5.2090e-04,
         -4.1086e-03, -6.5142e-04, -2.0321e-03, -3.3904e-03, -3.8941e-03,
         -1.3183e-03, -1.9581e-03, -3.1216e-03,  2.0351e-04, -7.0041e-04,
         -4.6331e-05, -1.6113e-04, -7.5063e-05, -6.9995e-05,  2.3630e-05,
         -2.2651e-04, -4.9992e-03, -1.3055e-04,  1.4606e-04, -1.1856e-04,
         -2.4932e-04,  6.4530e-42,  1.1919e-03,  1.0878e-03, -2.8890e-03,
          2.5695e-04, -3.5663e-04,  4.6524e-04, -1.5073e-02, -2.2844e-02,
          2.3841e-05, -4.5785e-04, -8.1083e-03,  3.3713e-04,  3.3770e-04,
          5.6952e-04,  2.1535e-36,  7.2089e-16, -9.8528e-20,  2.2177e-06,
         -4.1732e-05,  1.7409e-04, -9.5560e-05,  2.3268e-05,  4.5111e-05,
         -1.0249e-04, -5.1979e-03, -6.7873e-03, -6.5358e-03, -4.9357e-04,
         -8.1919e-03, -2.1557e-02, -1.1029e-06],
        [ 1.9524e-04, -2.0971e-04, -2.0278e-04,  1.7531e-04, -2.1519e-05,
         -1.8748e-04,  8.5717e-42,  1.8619e-06,  1.2249e-41, -9.0342e-12,
         -2.1223e-04, -8.2905e-04, -5.3315e-03, -1.1775e-03,  1.3469e-04,
          1.8777e-01, -1.7053e-03,  1.0473e-03, -9.0030e-04, -3.9508e-05,
         -3.9550e-03, -5.7593e-03, -7.5795e-04, -3.2075e-04,  4.0289e-05,
         -1.5707e-05, -2.5689e-05, -7.5334e-04,  8.6505e-05, -1.6955e-04,
          6.7438e-05,  4.0863e-04, -5.7618e-04,  2.8831e-04, -5.1004e-06,
          2.7068e-05, -6.0088e-42, -8.1477e-04,  3.5931e-02, -2.1437e-01,
         -1.4770e-03, -1.9415e-03, -2.5260e-03,  6.7298e-03, -1.0608e-02,
          1.3884e-04, -3.8972e-03, -2.0517e-01, -4.0021e-04, -4.2729e-04,
         -3.6540e-05,  5.5940e-42, -6.5132e-06, -5.4398e-42,  8.3154e-18,
         -2.6477e-04, -3.1240e-04,  2.2564e-04, -1.4917e-04, -2.1071e-04,
          1.0567e-04,  3.0948e-03, -2.6091e-03, -1.1346e-02, -7.3359e-03,
         -3.3853e-02, -1.5247e-02, -1.4174e-04],
        [ 1.8026e-05,  6.7108e-06,  6.0657e-06, -3.7133e-05, -2.6964e-06,
          7.6294e-05,  2.7395e-42, -1.6386e-10,  1.8960e-42,  1.1621e-41,
          3.3207e-05, -7.4710e-05,  7.0968e-04, -9.0803e-04,  4.5539e-04,
          9.5477e-02, -3.0709e-03,  3.3869e-03,  2.2627e-03,  2.9386e-03,
         -4.3913e-03, -4.4062e-03,  3.2224e-03, -1.0133e-05,  1.3249e-03,
         -1.8885e-05,  1.0611e-05,  2.9913e-05, -5.2248e-06, -3.3770e-05,
         -5.5567e-05,  9.3032e-03, -5.9856e-05, -1.1364e-04, -1.1845e-05,
          2.5502e-06, -1.1547e-42, -8.9002e-06,  1.0092e-01, -1.4025e-01,
         -1.0890e-03, -7.8301e-04, -2.8329e-03, -3.5501e-02,  1.1551e-01,
         -5.2570e-06, -1.9204e-03,  1.0979e-01, -4.3945e-04, -1.6793e-06,
         -2.6498e-05, -8.2757e-14,  4.5963e-43, -9.8160e-18, -4.7780e-14,
          1.8772e-05, -2.8711e-05,  1.2021e-05, -1.6567e-05, -2.3494e-06,
         -6.9946e-06,  7.5257e-03,  1.9600e-03,  2.5544e-03,  9.3472e-04,
          2.9610e-03,  5.5988e-02,  6.7308e-06],
        [-6.9446e-05, -5.1262e-06,  2.4160e-05, -9.5493e-05, -5.2981e-05,
          1.7887e-04, -8.8487e-10,  1.2976e-42, -1.8553e-42, -7.4773e-42,
         -1.3699e-04, -4.1076e-04, -8.6105e-05, -2.5220e-04,  6.1916e-04,
          6.6202e-03, -6.1884e-04, -8.5318e-04, -2.0018e-05,  3.8222e-04,
         -1.0330e-03, -1.9605e-03, -3.2081e-04, -1.7130e-04, -7.7672e-04,
         -1.3686e-04, -6.3908e-05, -1.7536e-04, -1.1252e-04, -1.6394e-04,
         -5.5144e-04,  6.9391e-04, -7.1861e-04,  2.3125e-04, -1.4019e-04,
         -2.3051e-04,  5.4947e-11,  1.6962e-04, -6.4097e-03, -6.0944e-03,
         -8.4415e-04, -1.4397e-04, -1.1386e-03,  1.4139e-02,  5.7938e-03,
         -3.0532e-04, -1.4810e-03,  6.0954e-03, -1.1668e-04, -1.1453e-04,
          1.1387e-04,  2.9787e-15,  5.2451e-42, -3.9026e-42, -3.2342e-42,
         -1.4729e-07,  1.3467e-04, -2.5552e-05, -3.0776e-05, -1.2862e-04,
         -1.2057e-04,  1.4992e-03,  4.0902e-07, -6.7782e-04, -1.9512e-03,
          1.0836e-03,  7.9316e-03, -1.2177e-04],
        [-6.8698e-06, -3.6803e-06, -4.1300e-05,  1.0468e-05,  9.5260e-06,
          5.6116e-05,  4.9466e-43, -1.9163e-08,  2.6854e-10,  2.4523e-43,
          2.1426e-06, -5.4048e-04, -4.3737e-03,  3.9137e-06, -5.2917e-05,
         -9.2569e-02,  6.1328e-04, -9.9505e-04, -1.5875e-03, -1.4045e-03,
         -1.2213e-05, -5.4896e-04, -1.3010e-03,  4.9154e-05, -4.3275e-04,
          2.4068e-05,  7.6925e-05,  1.5562e-04,  8.6477e-06,  7.4426e-05,
         -2.7011e-05, -5.4861e-03, -4.0844e-04,  2.4041e-04, -2.3245e-06,
         -2.2802e-05, -5.6921e-42,  2.0467e-05,  3.8729e-02, -4.7009e-02,
          5.7219e-05,  3.7465e-04,  1.6598e-08, -7.3541e-02, -8.1180e-02,
          1.2595e-04, -1.4146e-03, -1.2018e-01,  3.3284e-04, -1.6771e-05,
          9.3943e-05, -3.2736e-18,  1.0882e-41, -3.4528e-42, -2.8166e-43,
         -4.3374e-05,  1.2443e-04, -5.0269e-05,  1.3337e-06, -6.5574e-06,
         -1.5965e-06, -5.4182e-03, -2.2306e-03, -3.2072e-03, -2.6063e-03,
          8.2749e-04, -1.1458e-02, -2.6891e-05],
        [ 5.7242e-05, -4.8821e-05, -3.3836e-05,  7.5913e-05, -9.2753e-06,
          3.0727e-04, -4.1523e-09, -7.5796e-42,  9.3532e-10, -5.3263e-42,
         -2.4652e-04,  7.0605e-04,  3.7048e-03,  3.4395e-05,  4.1062e-04,
          9.1541e-02, -5.6637e-04,  1.5400e-03,  9.5190e-04,  1.0158e-03,
          2.2210e-03,  1.5369e-03,  1.0129e-03,  2.2199e-07,  5.5377e-04,
          4.2288e-05,  5.6854e-05,  4.7616e-04, -2.3032e-05,  6.6798e-06,
          1.4237e-04,  9.6068e-03, -1.3705e-04,  1.3384e-05, -2.2753e-05,
         -4.3866e-05,  1.4251e-42,  2.8619e-05, -6.1395e-02, -3.0471e-02,
         -3.5346e-04, -1.9910e-04, -2.1605e-04,  5.2092e-02,  2.3423e-02,
          1.1166e-04,  1.1410e-03, -5.2924e-03,  2.3346e-05, -4.9046e-06,
          2.0802e-04,  1.3888e-41, -4.9746e-43, -2.1088e-25,  2.1300e-42,
          3.4375e-05,  2.4662e-04,  1.0792e-05, -3.1481e-06,  3.7339e-05,
          6.9787e-05,  7.6813e-03,  3.4070e-03,  3.4348e-03,  4.2637e-03,
          7.2975e-03,  7.3457e-03, -3.0850e-05],
        [ 1.4470e-05,  2.5666e-05, -1.6779e-05, -3.3215e-05,  2.1532e-05,
          1.2823e-04, -7.1919e-30, -1.8847e-14,  1.2331e-43,  1.1687e-09,
          6.4798e-05, -1.3794e-03,  3.2806e-03, -3.0507e-04,  1.0086e-04,
          6.1036e-02, -2.4895e-03,  1.8765e-03,  1.0895e-03,  3.0838e-03,
          1.4313e-03, -3.3653e-03, -1.1927e-03,  1.1349e-04,  8.5095e-04,
          8.2503e-05,  1.1581e-04,  1.1565e-04,  1.6618e-05,  8.6802e-05,
          7.2005e-05, -1.4123e-02,  7.1762e-05, -2.4003e-04,  4.0182e-05,
          4.3459e-05, -2.4443e-41, -6.3922e-05, -5.0636e-02, -2.6882e-02,
          1.4695e-05, -1.3491e-03, -9.2883e-04,  1.3869e-01, -4.5511e-02,
          3.2756e-05, -7.9100e-04, -7.0394e-03, -1.2831e-04,  1.1207e-04,
          2.5531e-05, -3.3967e-42, -4.3048e-42,  2.4615e-06,  1.1657e-10,
          1.5469e-04,  1.1881e-04, -2.5415e-06,  6.0527e-05,  3.1918e-05,
          2.1418e-05,  2.4124e-02,  3.6403e-03, -2.0881e-03, -9.2985e-04,
          8.1545e-03,  1.0680e-02,  2.9771e-05],
        [-7.9693e-05, -1.2707e-06,  9.3441e-05, -1.4554e-05,  6.7118e-05,
         -1.4235e-04, -2.6675e-10, -5.1147e-43, -7.0079e-42,  1.5176e-42,
          1.7436e-04, -5.2245e-04,  2.2525e-03, -2.3812e-04, -1.5463e-04,
          1.6907e-02, -6.0690e-04,  7.8826e-04,  1.0769e-03,  9.1243e-04,
         -2.2961e-04, -9.1439e-04,  5.7887e-04,  2.0040e-05,  4.8342e-04,
         -1.8294e-06, -1.3181e-04, -4.4454e-04, -3.1848e-05, -1.5378e-05,
         -1.1072e-04,  9.0050e-03,  2.6615e-04, -7.0237e-05, -2.6484e-05,
         -1.1023e-04, -6.8173e-42, -5.6538e-05, -5.1228e-02,  9.4546e-03,
         -2.3367e-05, -1.9192e-04, -2.5929e-04,  1.0930e-01, -1.2950e-02,
         -1.4169e-04,  2.8443e-04,  3.6139e-02, -5.8040e-04,  2.8024e-05,
         -1.7257e-05,  4.6533e-14, -5.8056e-42, -4.0535e-19,  7.2185e-06,
          2.8259e-05, -1.1475e-04, -8.0271e-05, -8.7450e-05, -2.3327e-05,
         -2.9409e-05, -1.5675e-03,  2.4996e-03,  1.2872e-03,  1.2658e-03,
         -1.2446e-02,  8.6454e-03, -7.5086e-06]], device='cuda:0')), ('conv1.aggr.t', tensor([1.], device='cuda:0')), ('bn1.weight', tensor([0.7087, 0.7010, 0.6572, 0.6425, 0.7017, 0.6173, 0.7576, 0.8237],
       device='cuda:0')), ('bn1.bias', tensor([ 0.0900, -0.0386,  0.0661,  0.0085,  0.0677, -0.0333,  0.0146,  0.0741],
       device='cuda:0')), ('bn1.running_mean', tensor([-175.9007, -291.7189,  647.5551,   52.9184, -429.7915,   68.2914,
          47.3859,   62.5881], device='cuda:0')), ('bn1.running_var', tensor([ 16731.9434,  50723.1484, 317511.2500,   4521.9219, 118833.2188,
         64444.6172,  45854.3125,  22919.1094], device='cuda:0')), ('bn1.num_batches_tracked', tensor(47024, device='cuda:0')), ('conv2.bias', tensor([ 7.1162e-07,  1.4622e-06, -2.4671e-06,  2.1008e-06,  3.0462e-08,
        -3.6157e-06, -1.4875e-06,  3.5450e-06,  3.1408e-06,  4.0940e-06,
         1.6379e-06, -1.2058e-06, -1.4616e-06,  3.1282e-06,  4.1029e-06,
        -3.8354e-07], device='cuda:0')), ('conv2.lin.weight', tensor([[ 0.0497, -0.0757, -0.0397, -0.3578, -0.0769, -0.1034,  0.2688,  0.0501],
        [ 0.0927, -0.1047,  0.0366, -0.2496, -0.1359,  0.0394,  0.0322,  0.2857],
        [ 0.2026,  0.0446, -0.2676,  0.0314,  0.1869,  0.1043,  0.1944, -0.1940],
        [ 0.1728, -0.2571, -0.2385, -0.0193,  0.1060,  0.1827,  0.4087,  0.0025],
        [-0.2587, -0.2506, -0.0533,  0.0493, -0.2625, -0.1971,  0.2069,  0.1960],
        [ 0.1837, -0.1020,  0.2381,  0.2266, -0.0213,  0.1400, -0.0546,  0.2671],
        [-0.2757,  0.1849,  0.2962,  0.0647,  0.2314,  0.2020, -0.1663, -0.2197],
        [ 0.0931, -0.1614, -0.0064, -0.1804,  0.1486, -0.0261, -0.0548, -0.3083],
        [-0.3423,  0.1134, -0.0334, -0.1622, -0.1055,  0.2323, -0.2606,  0.0887],
        [ 0.0459,  0.0688,  0.0290, -0.0292,  0.1133,  0.3555, -0.2079,  0.2796],
        [-0.2242,  0.0351,  0.2684,  0.1319, -0.1294,  0.0196, -0.2514,  0.2030],
        [ 0.2036,  0.0207,  0.0688,  0.1420, -0.1496, -0.1130,  0.1930,  0.2307],
        [ 0.1325, -0.1754, -0.1276, -0.0758,  0.1977,  0.0696,  0.1575,  0.2882],
        [-0.0061, -0.1109, -0.0753, -0.0949,  0.0864,  0.1296,  0.3178,  0.2628],
        [ 0.2183, -0.0073, -0.0655, -0.2666, -0.3578,  0.2499, -0.2325, -0.1548],
        [ 0.0120,  0.1887,  0.2148,  0.1472,  0.0289,  0.1668,  0.0085,  0.2759]],
       device='cuda:0')), ('conv2.aggr.t', tensor([1.], device='cuda:0')), ('bn2.weight', tensor([0.6432, 0.6139, 0.6103, 0.6539, 0.6843, 0.8052, 0.6350, 0.7630, 0.5951,
        0.6556, 0.6604, 0.7899, 0.5571, 0.6561, 0.6952, 0.7645],
       device='cuda:0')), ('bn2.bias', tensor([ 0.2305, -0.2634,  0.1301, -0.4353,  0.1983,  0.5232, -0.1165, -0.4025,
        -0.1414, -0.2575, -0.3065, -0.6591,  0.1953,  0.2004,  0.2207,  0.2704],
       device='cuda:0')), ('bn2.running_mean', tensor([-0.0568,  0.0324,  0.0754,  0.1214, -0.1402,  0.2791,  0.0512, -0.1534,
        -0.1635,  0.1934,  0.0150,  0.2046,  0.1762,  0.1790, -0.2063,  0.3122],
       device='cuda:0')), ('bn2.running_var', tensor([0.0409, 0.0431, 0.0708, 0.0693, 0.1005, 0.1223, 0.0684, 0.1511, 0.0595,
        0.0724, 0.1071, 0.0871, 0.0520, 0.0885, 0.0951, 0.1725],
       device='cuda:0')), ('bn2.num_batches_tracked', tensor(47024, device='cuda:0')), ('conv3.bias', tensor([ 1.8713e-06, -2.1802e-06, -3.0667e-08,  1.9324e-06,  1.7373e-06,
        -2.5226e-06, -5.3669e-07,  1.4329e-06,  2.1996e-06, -4.4620e-07,
        -1.7174e-06,  1.4292e-06,  3.5387e-06, -2.7500e-06, -4.5869e-07,
        -1.0171e-06, -6.6982e-07, -4.2043e-06, -3.8125e-06, -1.0742e-06,
        -4.0927e-06,  3.0054e-06, -1.5259e-07,  3.3871e-06,  1.9765e-06,
         1.8340e-06,  1.0880e-06, -8.6589e-08, -2.6833e-06,  3.0993e-07,
         2.1992e-06, -1.6930e-06], device='cuda:0')), ('conv3.lin.weight', tensor([[ 1.3787e-01,  8.9892e-02, -7.1325e-02,  6.8266e-02,  2.6086e-02,
         -1.2950e-01,  1.3024e-01, -1.4393e-01, -5.4760e-02, -3.9348e-03,
         -1.0871e-01, -2.5036e-03, -4.2275e-02, -1.1006e-01, -1.0303e-01,
          5.0598e-02],
        [-2.4050e-03,  2.6283e-02, -5.7875e-02, -1.0231e-01,  3.6313e-03,
          4.9669e-03, -1.7152e-01,  3.8708e-02, -1.4871e-01,  1.2582e-01,
          6.7855e-02, -5.9753e-02,  1.4226e-02,  8.2547e-02,  8.2282e-03,
         -8.5499e-02],
        [ 1.6790e-03,  5.3315e-02, -7.3995e-02, -2.0603e-03,  5.5959e-02,
          9.1711e-02,  9.0677e-02,  1.3522e-01,  6.5143e-02,  4.5227e-02,
         -2.9060e-02, -3.2369e-02,  7.8330e-02,  5.3571e-02, -1.7443e-01,
         -1.8701e-01],
        [ 5.7243e-02,  1.0236e-01,  1.4711e-02, -4.6861e-02,  1.1039e-01,
          1.8400e-01,  1.1148e-01,  6.0496e-02, -1.4610e-01,  5.5135e-02,
         -1.1641e-01, -1.5119e-01, -7.4736e-02,  1.5519e-01,  1.2567e-01,
         -4.7263e-02],
        [ 2.5357e-02,  5.0298e-02,  1.0863e-01, -8.5065e-04,  3.3755e-02,
         -1.0816e-01, -9.9200e-02, -3.8125e-02,  8.3267e-02, -4.5021e-02,
          1.0080e-01,  7.5934e-02, -1.6755e-02, -3.3542e-03,  1.0203e-01,
          4.3647e-02],
        [ 1.8292e-02, -2.7256e-03, -7.0636e-02, -8.9855e-02, -1.9552e-02,
         -2.1010e-02, -1.2542e-01, -1.7664e-01,  1.0508e-01,  8.8209e-02,
         -2.1946e-01, -9.5009e-02,  1.6448e-03,  8.7980e-03, -1.3798e-01,
          2.8405e-03],
        [ 4.7134e-02, -2.1971e-01, -7.8915e-02, -1.8173e-01, -1.3635e-01,
         -5.2670e-02, -2.1350e-01, -1.8526e-01, -6.8787e-02, -3.2667e-02,
         -1.3595e-03, -1.6157e-01,  1.5742e-01,  4.0479e-02, -3.0728e-02,
          1.2527e-01],
        [ 1.2437e-01, -1.4558e-01, -7.3906e-02, -9.4063e-02,  1.0622e-01,
          5.6345e-02,  1.5985e-03,  5.7562e-02, -1.0559e-01, -6.9951e-02,
          7.8506e-02,  2.2758e-02,  8.7797e-03,  1.5317e-01,  1.9254e-01,
          4.5933e-02],
        [ 1.1642e-01, -2.0482e-02, -1.0084e-01, -1.7932e-01, -1.1107e-01,
         -1.8067e-02,  4.4402e-02, -3.2701e-02, -6.1716e-02, -1.0403e-01,
          7.3862e-02, -6.8134e-02,  1.4823e-01,  1.6657e-02,  5.1780e-02,
          8.8676e-02],
        [ 1.3964e-01,  1.0586e-02,  1.3389e-01, -1.6029e-01,  1.4018e-01,
          2.2462e-01,  9.6635e-02, -1.6899e-01, -1.1174e-01, -3.4107e-02,
         -2.0733e-01, -2.1857e-01,  5.7359e-02, -1.6421e-01, -2.7231e-03,
          1.8876e-01],
        [ 5.5241e-02,  1.2118e-01, -6.1450e-02,  2.0485e-01, -1.1677e-01,
         -3.0353e-01,  7.0940e-02,  9.3507e-02, -9.7386e-02,  1.4127e-01,
          1.6236e-01,  1.6121e-01, -1.8443e-01, -1.3466e-01, -9.2051e-02,
          1.4329e-01],
        [-9.7031e-02,  4.9885e-02,  2.7319e-02,  6.8989e-02,  1.0465e-01,
         -1.5344e-01, -5.5050e-02,  2.1053e-02, -1.0211e-01,  8.1057e-02,
          1.8952e-01,  5.5600e-02, -1.2825e-01, -9.1381e-02,  1.0793e-01,
          1.0346e-01],
        [-9.5814e-02, -5.3594e-02, -1.5031e-02,  4.7421e-04,  1.0948e-02,
         -7.0666e-02,  6.9127e-02, -3.8457e-02,  5.7431e-04, -6.1038e-02,
         -9.9479e-02,  1.5961e-01,  1.1015e-01, -8.9259e-02, -8.5163e-02,
          9.1980e-03],
        [-5.4207e-02,  9.4328e-02,  4.9594e-02, -3.0329e-02,  1.4314e-02,
         -1.6377e-01,  8.8239e-02, -1.6894e-01, -7.5974e-02, -1.4500e-01,
         -4.3797e-02,  1.5816e-01, -3.1313e-02, -6.5561e-02,  1.2832e-01,
          3.9286e-02],
        [-1.1110e-01,  1.4186e-01, -2.4422e-02, -5.4314e-02, -1.9853e-02,
         -2.0655e-01,  1.4998e-02, -7.2609e-02, -2.8253e-04, -4.5178e-02,
          1.3492e-01,  8.0121e-02,  5.4422e-02, -4.8710e-02,  1.7452e-02,
         -1.1117e-01],
        [ 5.7695e-02,  7.2498e-02,  1.7187e-02,  7.6168e-02,  1.0429e-01,
         -1.9026e-01,  1.2040e-01, -1.0333e-01, -9.6833e-02,  1.6846e-01,
         -6.6283e-02, -8.0379e-02, -1.0141e-01, -1.4317e-01, -8.6258e-02,
         -1.9038e-02],
        [-1.0366e-01,  2.8377e-02,  4.1380e-02,  3.9722e-03, -1.0385e-01,
         -1.3175e-01,  3.1705e-02, -1.3619e-01,  1.8013e-03, -6.2723e-02,
         -1.1353e-01,  1.0030e-02,  5.3741e-02,  1.5517e-01,  1.2925e-01,
          1.7079e-01],
        [-1.4353e-02,  2.4770e-02, -2.2912e-01,  1.4148e-01,  3.9910e-02,
         -8.5748e-02,  3.2819e-02,  1.9376e-01, -1.4293e-01,  2.7270e-01,
          1.0783e-01,  3.9711e-02, -6.5695e-02, -1.3657e-01, -1.4925e-01,
         -1.5264e-01],
        [ 2.3056e-02, -3.9011e-02, -1.9345e-03, -1.7455e-02,  1.6451e-01,
          2.7876e-01, -1.9272e-02, -1.4266e-01, -6.9503e-02, -1.2138e-01,
         -1.5873e-01, -2.6449e-01, -5.9274e-03, -1.6471e-01,  1.0398e-02,
          9.3804e-02],
        [-1.6744e-01,  9.1380e-02, -9.5549e-02,  1.2334e-01, -7.6553e-02,
         -1.4653e-01,  2.8982e-02,  2.4079e-01,  9.8290e-02,  1.0658e-01,
          6.7728e-02,  3.3263e-01, -3.7291e-02, -7.1659e-02, -7.1564e-02,
         -1.6072e-01],
        [-7.9746e-02, -6.3001e-02, -4.0481e-02,  5.1224e-02, -5.1389e-02,
          4.0171e-02,  1.1339e-01, -7.7503e-02,  4.8109e-02, -5.1327e-02,
          1.0508e-02, -3.1956e-02,  5.9321e-02, -1.2230e-02,  1.0203e-01,
         -1.4910e-02],
        [-1.1253e-01, -4.3417e-03, -7.7497e-02,  1.2389e-01, -1.1415e-01,
         -3.0915e-02, -6.2212e-02,  4.2191e-02,  1.5882e-01, -9.0284e-02,
         -3.1729e-02,  1.9704e-01,  5.1352e-03,  2.6939e-02, -1.6987e-01,
         -2.3476e-01],
        [-2.0494e-02,  4.1887e-02,  9.2342e-02,  9.9349e-02, -1.3378e-01,
          1.1070e-01, -1.1741e-01,  2.4332e-02,  1.2421e-01, -1.1882e-01,
         -7.4282e-02,  1.7818e-02, -1.8000e-01, -8.4271e-02, -2.3718e-02,
          8.8170e-02],
        [-1.2561e-01,  9.3156e-02,  8.1948e-02,  1.7566e-01,  8.9261e-02,
         -8.4258e-02, -3.8339e-02,  1.2511e-01,  6.4443e-02,  2.0002e-01,
         -2.7311e-02,  1.6710e-01, -6.5310e-02, -1.2580e-01, -7.4169e-02,
         -9.3164e-02],
        [-4.1683e-02, -6.3474e-02, -6.6330e-02, -1.3241e-01,  1.0204e-01,
          1.6124e-01, -1.0297e-01,  3.9364e-04, -1.5955e-01,  5.8805e-02,
         -1.9714e-01, -1.8251e-01, -1.1601e-03, -1.9746e-02, -6.8375e-02,
         -2.5508e-03],
        [ 4.0085e-02, -9.2894e-02,  5.6039e-02, -1.3086e-01,  9.8637e-02,
          1.6574e-01, -6.2619e-02, -8.4664e-02, -5.9062e-04, -1.5418e-01,
          2.9572e-03, -2.3556e-01,  5.9086e-02,  1.4403e-01,  3.5282e-02,
         -7.0042e-02],
        [-9.8185e-02, -5.4503e-02, -1.2235e-01,  1.0138e-01,  7.7497e-03,
         -1.2638e-01, -6.1499e-02,  6.8108e-02,  1.2172e-01, -1.2898e-01,
          5.0809e-03, -3.6975e-02, -7.7109e-02,  1.3307e-01, -7.9418e-02,
          5.9644e-02],
        [ 6.5849e-02,  1.0234e-01, -2.1848e-02,  3.0603e-02, -1.2723e-01,
         -1.4033e-01,  6.4153e-02,  1.4784e-01, -5.5864e-02,  6.5749e-02,
          1.8124e-01,  2.5949e-01, -3.1818e-02, -1.2503e-01, -1.4801e-01,
         -8.4311e-02],
        [-1.7740e-01,  1.1650e-01,  1.0658e-02, -9.0814e-03,  1.3970e-01,
         -1.6220e-01,  6.4175e-02, -2.1201e-01,  4.8113e-04, -8.7827e-03,
         -1.2658e-01,  6.1402e-02,  1.3416e-01, -1.8657e-01, -4.8146e-02,
         -1.2784e-02],
        [-8.3024e-02,  1.2319e-01,  1.5474e-01, -1.3460e-01, -1.4405e-01,
         -1.7842e-01, -1.7703e-01, -1.7006e-01, -2.8804e-02, -7.4435e-02,
          1.2271e-01, -1.8270e-01,  3.5595e-02,  6.9307e-02, -1.9106e-02,
          1.2563e-01],
        [ 1.7634e-01, -1.3691e-01, -1.3569e-02,  1.1866e-01,  3.2284e-02,
         -4.5335e-02,  3.6632e-02, -1.3712e-01,  6.2211e-03,  1.8912e-01,
          1.0535e-01, -2.2818e-01, -3.2143e-02, -6.5914e-02, -1.3509e-02,
          2.0227e-02],
        [-1.3165e-01,  3.2058e-02,  1.1004e-01,  9.0371e-02,  2.6509e-01,
          1.6041e-01,  6.5253e-02, -2.8861e-02,  4.8658e-02,  9.8179e-02,
         -1.2779e-01, -4.0526e-02, -8.4670e-02, -6.2351e-02,  8.8258e-02,
         -1.1066e-01]], device='cuda:0')), ('bn3.weight', tensor([1., 1., 1., 1., 1., 1., 1., 1., 1., 1., 1., 1., 1., 1., 1., 1., 1., 1.,
        1., 1., 1., 1., 1., 1., 1., 1., 1., 1., 1., 1., 1., 1.],
       device='cuda:0')), ('bn3.bias', tensor([0., 0., 0., 0., 0., 0., 0., 0., 0., 0., 0., 0., 0., 0., 0., 0., 0., 0., 0., 0., 0., 0., 0., 0.,
        0., 0., 0., 0., 0., 0., 0., 0.], device='cuda:0')), ('bn3.running_mean', tensor([0., 0., 0., 0., 0., 0., 0., 0., 0., 0., 0., 0., 0., 0., 0., 0., 0., 0., 0., 0., 0., 0., 0., 0.,
        0., 0., 0., 0., 0., 0., 0., 0.], device='cuda:0')), ('bn3.running_var', tensor([1., 1., 1., 1., 1., 1., 1., 1., 1., 1., 1., 1., 1., 1., 1., 1., 1., 1.,
        1., 1., 1., 1., 1., 1., 1., 1., 1., 1., 1., 1., 1., 1.],
       device='cuda:0')), ('bn3.num_batches_tracked', tensor(0, device='cuda:0'))])