OrderedDict([('conv1.bias', tensor([ 1.4769e-06,  1.5678e-06, -1.0703e-06,  1.7197e-06, -2.0460e-06,
         3.4266e-07,  2.2236e-06,  7.8496e-07], device='cuda:0')), ('conv1.lin.weight', tensor([[-7.5760e-02,  2.8050e-01,  9.0614e-04,  1.7625e-02,  4.9504e-04,
         -1.8774e-01,  2.9974e-42, -4.3889e-42, -6.1237e-43,  5.1560e-09,
         -4.5478e-02],
        [-1.6932e-02, -1.7368e-02,  2.9314e-03, -3.0197e-03, -6.2009e-04,
          1.4606e-01,  3.9376e-43,  2.9203e-42, -6.4893e-13, -6.8664e-44,
          2.3499e-01],
        [-1.2612e-01, -5.9463e-02, -4.7053e-02,  5.7869e-02, -5.9815e-04,
         -2.5549e-02,  3.3786e-14,  6.2064e-42,  4.4281e-43, -4.4702e-12,
         -3.7704e-03],
        [-1.0266e-01,  1.0644e-02,  8.7385e-03, -2.4100e-03,  1.8912e-05,
         -1.5875e-01,  1.1210e-44, -7.7632e-43, -2.7676e-42,  1.3971e-42,
         -5.6241e-02],
        [ 2.1153e-02, -1.2722e-01,  1.2950e-03, -1.0148e-02, -1.1350e-04,
          9.7033e-02, -5.2128e-43,  1.1275e-14, -1.2472e-43,  3.3351e-42,
          7.7583e-02],
        [-7.7722e-02, -6.3467e-02, -2.6977e-03,  3.9726e-02, -7.6416e-04,
          8.5256e-02, -1.3768e-41,  4.0778e-43,  3.1081e-42, -1.3845e-42,
         -6.1487e-03],
        [ 1.4244e-01,  2.1224e-01, -9.9564e-03, -1.6196e-02,  6.6806e-04,
          1.4683e-02,  1.6171e-42, -5.7579e-42, -8.6740e-43, -3.6434e-42,
         -3.3532e-01],
        [ 2.7292e-01, -2.8555e-02,  5.0188e-02, -4.0131e-03,  2.6545e-03,
         -5.0410e-02, -4.8989e-42, -1.6816e-44, -1.2822e-42,  8.8935e-06,
          1.1641e-01]], device='cuda:0')), ('conv1.aggr.t', tensor([1.], device='cuda:0')), ('bn1.weight', tensor([0.6096, 0.7538, 0.5334, 0.5768, 0.6736, 0.6939, 0.6896, 0.6712],
       device='cuda:0')), ('bn1.bias', tensor([ 0.0846,  0.0404,  0.0927,  0.1678, -0.0561,  0.0187, -0.0101, -0.0044],
       device='cuda:0')), ('bn1.running_mean', tensor([-0.6347,  0.6297, -0.1742, -0.6439,  0.3533,  0.2447,  0.0204,  0.0071],
       device='cuda:0')), ('bn1.running_var', tensor([1.9478, 1.3250, 0.0589, 1.3759, 0.5340, 0.4073, 0.3696, 0.2801],
       device='cuda:0')), ('bn1.num_batches_tracked', tensor(47024, device='cuda:0')), ('conv2.bias', tensor([ 1.7960e-06, -2.4096e-06, -2.6296e-06, -2.1539e-06, -1.9262e-06,
        -1.9131e-06,  1.5242e-06,  1.2317e-06, -4.9501e-06, -2.7430e-06,
        -2.3436e-06,  1.1300e-06, -5.2310e-07, -2.9777e-06,  1.6888e-08,
         2.5754e-06], device='cuda:0')), ('conv2.lin.weight', tensor([[-2.8971e-02,  2.2606e-01, -1.5869e-01,  1.7040e-01,  9.3907e-02,
         -8.1863e-02, -4.0796e-03,  3.5637e-02],
        [-6.8892e-02,  7.1349e-02, -4.4522e-02,  1.5238e-01,  2.4090e-01,
         -3.9110e-01, -5.9890e-03, -2.7725e-01],
        [-1.3971e-01, -4.7893e-02,  1.7873e-01, -1.0352e-01, -2.7358e-01,
          7.8983e-02,  1.2649e-01, -4.2961e-02],
        [ 1.0796e-01,  1.3517e-01,  2.5788e-01, -1.3052e-01,  2.9703e-02,
          1.9026e-02,  1.2001e-01,  5.8364e-02],
        [ 3.3655e-02, -1.9724e-01, -4.6180e-02, -3.8019e-02, -1.4355e-01,
          8.8856e-02,  3.2359e-01, -2.3944e-01],
        [ 2.8697e-02,  2.9244e-01,  6.6055e-02, -8.3395e-02, -1.3233e-01,
         -8.8620e-02,  2.6741e-03,  6.3362e-02],
        [-1.6689e-01,  4.0337e-02,  1.6520e-01,  3.1923e-01, -1.0399e-01,
         -3.5107e-02,  1.4805e-01, -8.9261e-02],
        [ 1.3036e-01,  3.5533e-01, -1.1897e-01,  1.2897e-01,  1.7733e-01,
         -2.1727e-01,  1.8842e-01,  1.5324e-01],
        [ 4.6757e-02,  8.0386e-02, -3.6218e-02, -3.2605e-02,  2.4791e-01,
         -1.1329e-01,  2.2688e-01,  3.6144e-01],
        [-8.7414e-02, -1.4638e-01,  3.5474e-02,  9.1211e-02,  1.5284e-01,
          2.3610e-01,  1.2543e-01,  1.2902e-01],
        [ 5.1522e-02, -2.0654e-01,  1.7648e-02, -5.6935e-03,  1.5743e-01,
         -1.9382e-01, -1.6748e-03, -7.5463e-02],
        [-1.1073e-01, -1.2995e-01,  2.6042e-01,  8.1404e-05,  1.6756e-01,
         -2.3174e-02,  1.9745e-02, -2.0230e-01],
        [-3.1349e-01,  1.0496e-01, -1.5875e-01, -1.7340e-01, -1.1043e-01,
         -9.0177e-02,  5.9049e-02, -2.7716e-03],
        [-5.0479e-03, -2.0644e-01,  6.6618e-02,  4.3993e-02,  3.5338e-02,
          2.5987e-01,  1.9538e-02, -2.5181e-01],
        [-9.5728e-02, -8.9283e-02,  3.8915e-02,  1.7923e-01,  2.1900e-01,
          6.7842e-02, -1.3591e-01,  2.1889e-02],
        [ 1.6145e-01, -1.8187e-01,  3.0069e-02,  7.2737e-02, -1.8825e-01,
          7.3207e-02,  8.2767e-02, -2.7697e-01]], device='cuda:0')), ('conv2.aggr.t', tensor([1.], device='cuda:0')), ('bn2.weight', tensor([0.6345, 0.6589, 0.6300, 0.6424, 0.5885, 0.5403, 0.6500, 0.6871, 0.6415,
        0.5799, 0.5594, 0.6848, 0.6321, 0.5522, 0.5597, 0.6840],
       device='cuda:0')), ('bn2.bias', tensor([-0.0559, -0.5061,  0.0489, -0.3485, -0.0907,  0.0321, -0.1145,  0.5212,
         0.2617, -0.3590, -0.2515,  0.5552,  0.0921, -0.2075,  0.2551,  0.5448],
       device='cuda:0')), ('bn2.running_mean', tensor([ 0.0758, -0.0582, -0.0611,  0.1358, -0.0700,  0.0449,  0.0868,  0.1936,
         0.1543,  0.1111, -0.0704, -0.0033, -0.1770, -0.0057,  0.0589, -0.0450],
       device='cuda:0')), ('bn2.running_var', tensor([0.0250, 0.0420, 0.0210, 0.0152, 0.0354, 0.0211, 0.0162, 0.0641, 0.0508,
        0.0288, 0.0307, 0.0200, 0.0172, 0.0332, 0.0150, 0.0461],
       device='cuda:0')), ('bn2.num_batches_tracked', tensor(47024, device='cuda:0')), ('conv3.bias', tensor([ 8.8790e-07, -8.0922e-09,  2.6704e-06, -6.4481e-07,  2.2696e-06,
         5.5735e-07, -1.5524e-06,  1.7643e-06, -2.4219e-07, -1.4523e-06,
         2.5412e-06, -8.9895e-07, -1.7006e-06, -1.2289e-06,  6.4404e-06,
        -8.5477e-08,  1.6983e-06, -1.4782e-06,  6.2320e-07, -7.0342e-07,
         1.6144e-06,  4.4634e-06,  5.3688e-07,  7.3440e-07,  8.2111e-08,
        -3.6457e-07, -2.0403e-06,  1.0533e-07, -9.5703e-07, -8.7070e-07,
         2.0968e-06,  7.1773e-07], device='cuda:0')), ('conv3.lin.weight', tensor([[ 4.1132e-02, -1.2358e-01,  1.0845e-02, -4.7062e-02, -7.0174e-02,
          7.7024e-02, -7.6645e-02,  1.6860e-01,  2.4539e-02, -1.1691e-01,
         -3.4839e-02,  2.7353e-01,  8.3750e-02, -6.2766e-02,  2.6809e-02,
          1.8701e-01],
        [-1.3146e-01, -1.3760e-01, -1.3678e-01, -3.2038e-02, -4.4109e-02,
          7.1239e-02, -1.0982e-01,  1.7614e-01, -1.8914e-02, -6.9459e-02,
          7.7551e-02,  1.5210e-01, -1.0944e-01, -7.5043e-02, -6.1147e-02,
          1.5012e-01],
        [-1.1666e-01, -1.1361e-01, -1.7448e-01,  1.2356e-01,  5.0029e-02,
          8.4646e-02,  1.0242e-01, -6.3120e-02, -1.5015e-01,  1.3303e-01,
         -1.1811e-01,  8.6969e-02, -2.1282e-02, -8.2466e-02, -3.0639e-02,
          1.3120e-02],
        [ 1.8798e-01, -1.9599e-01,  1.0195e-01, -1.5245e-01,  1.3420e-02,
         -9.0864e-02, -1.0083e-01,  2.5453e-01,  1.1711e-01, -1.3407e-01,
          9.5886e-02,  1.2016e-01, -4.6827e-02, -5.6237e-02,  2.6904e-02,
          1.9339e-01],
        [ 5.9140e-02, -1.2833e-02, -6.3294e-02, -1.6147e-01,  1.0306e-01,
         -1.1930e-01,  1.0322e-02,  1.2976e-01,  1.9937e-02, -2.9313e-02,
          8.2590e-03, -1.3778e-01, -2.6605e-02,  2.3338e-02, -3.4679e-02,
          4.2737e-02],
        [ 2.5195e-02,  9.3595e-03,  9.0523e-02, -1.6914e-01,  1.2286e-01,
          2.3250e-02, -1.0916e-01,  1.4890e-01,  8.4332e-03, -3.3323e-02,
         -1.2319e-01,  1.2523e-01,  1.3375e-01,  5.9536e-03,  5.4963e-02,
          1.2520e-01],
        [ 2.2747e-02,  5.1284e-02, -1.7125e-02, -1.7536e-02,  1.6559e-02,
          1.0683e-02, -1.6397e-01, -1.3424e-01, -1.7941e-01,  1.5309e-01,
         -4.6848e-02, -2.5169e-02, -5.2532e-02, -3.6719e-03, -1.0232e-01,
         -1.7370e-01],
        [-1.0271e-01,  1.1492e-02, -2.7369e-04,  1.3214e-01, -9.0881e-02,
          2.7247e-02, -1.2525e-01, -8.7410e-02,  1.1827e-02, -1.2673e-01,
         -2.4820e-02, -1.1290e-01, -1.4643e-01,  5.0588e-02, -5.1762e-02,
         -5.0379e-02],
        [ 1.7787e-01,  6.2924e-02,  1.1495e-01,  1.5778e-01,  1.5153e-01,
         -2.7762e-02, -1.7484e-02, -1.3625e-01,  7.6517e-02, -3.4149e-02,
          2.3068e-02, -7.0139e-02,  1.7140e-02,  3.0768e-02, -6.9711e-02,
          9.2655e-02],
        [ 1.3344e-01,  1.6587e-01, -8.2919e-02,  1.3659e-01,  1.4803e-01,
         -8.6577e-02, -2.1620e-02, -9.4885e-02,  8.5458e-02,  3.7349e-02,
          6.6472e-02, -1.5319e-01,  2.0636e-02,  1.2286e-01, -1.0453e-01,
         -1.3156e-02],
        [ 1.2765e-01, -8.2771e-02, -9.1364e-02, -7.4393e-03, -4.7951e-02,
          1.0601e-01,  1.2876e-01,  5.5514e-02, -1.4472e-01, -1.2147e-02,
         -4.1102e-03, -8.3571e-02, -1.7412e-02,  4.1292e-04,  1.3809e-01,
          1.5925e-01],
        [-6.8780e-02, -4.0569e-02, -5.6020e-02,  6.2551e-04, -6.7926e-02,
         -2.4839e-03, -1.5197e-01,  6.2737e-02, -1.1201e-01, -6.4614e-02,
          3.8191e-02,  1.5145e-01,  2.0858e-01, -6.8247e-03, -5.3160e-03,
          1.5700e-02],
        [ 1.1345e-02, -1.5915e-01,  5.9657e-02,  2.0586e-02,  1.1739e-02,
          4.5598e-02, -3.8357e-02,  2.1396e-01,  5.2045e-02, -2.3770e-03,
          4.4101e-02,  2.1816e-01,  8.2980e-02,  8.4472e-02, -1.0166e-01,
          1.9245e-01],
        [ 1.3049e-01, -3.9504e-02, -2.1082e-02,  7.0028e-03,  4.6987e-02,
          5.5869e-02,  4.1055e-02,  8.0038e-02,  6.1033e-02, -1.8479e-02,
         -1.7510e-01,  8.7863e-02,  1.3953e-02, -7.5431e-02,  1.1550e-01,
          2.3664e-01],
        [-1.0213e-01, -3.0065e-02,  1.1233e-02,  8.2232e-02, -3.4886e-02,
         -2.9067e-02, -7.2965e-02, -3.1750e-02,  7.4835e-02, -1.8516e-02,
          5.8688e-02,  8.5466e-02, -6.3814e-02, -1.5270e-01,  1.6609e-01,
          5.4470e-02],
        [ 5.9680e-04,  2.6830e-02,  7.6494e-02, -4.8114e-02,  2.8704e-04,
          9.5115e-02, -1.1266e-01, -1.1238e-01,  6.1614e-02, -6.4739e-02,
         -4.8538e-02, -5.4179e-02, -4.5529e-02, -6.8449e-02, -9.0594e-02,
         -2.0028e-02],
        [ 7.3322e-03,  1.6147e-01,  2.2437e-02,  1.2286e-01, -4.5131e-02,
         -1.2843e-02,  5.1789e-02,  2.5680e-02, -1.2406e-01,  9.1768e-02,
          1.0735e-01, -4.6475e-02, -1.8698e-02,  2.4894e-01, -1.5392e-01,
         -1.3725e-01],
        [ 4.0013e-02,  4.0375e-02,  6.6455e-02, -9.5815e-02, -5.8689e-02,
          2.1829e-02,  9.1437e-02, -1.4735e-01, -9.0420e-02,  7.9038e-02,
         -3.5786e-02, -5.8880e-02, -6.3960e-02, -9.2657e-02,  8.2129e-02,
         -2.8746e-02],
        [ 2.1474e-02,  1.3381e-01, -1.7392e-01,  6.4854e-02, -3.9655e-02,
         -5.6064e-02, -8.1201e-02, -5.3463e-02, -1.6891e-01,  1.0717e-01,
          1.6289e-01, -1.5889e-01,  3.8112e-03,  4.4787e-02, -2.6455e-02,
          2.3199e-02],
        [-1.0772e-01, -8.7843e-03,  7.9727e-02,  4.7884e-02,  8.3135e-02,
         -2.0114e-02, -1.7746e-01,  8.8850e-02,  2.7234e-02,  6.2576e-03,
         -6.3845e-03,  3.0485e-02,  8.6072e-02,  1.2140e-01, -2.7307e-02,
          6.2520e-02],
        [ 3.8933e-02, -1.5386e-01, -1.0111e-01, -4.9162e-02,  7.3342e-02,
          1.5141e-01, -1.3357e-01, -1.2352e-02, -5.7412e-03, -1.3863e-01,
         -7.4615e-02,  1.1952e-01,  5.7803e-02, -5.9289e-02,  9.0816e-02,
          2.4565e-02],
        [ 6.8094e-03,  5.2868e-02, -1.4577e-01,  1.6047e-01,  1.5116e-01,
          1.0260e-01, -1.0455e-01, -7.8077e-02, -6.4788e-02, -4.7137e-02,
          4.8964e-02, -1.1773e-01, -1.5921e-01,  6.1926e-02, -6.8612e-02,
          3.5183e-02],
        [ 5.7308e-02, -1.4258e-01, -1.2674e-01, -2.9906e-02, -4.0659e-02,
         -6.2580e-02,  2.0296e-02, -1.5046e-01, -1.4940e-01, -7.4631e-02,
         -4.6755e-02, -7.5048e-02,  3.5239e-02,  8.1920e-02,  1.4887e-02,
         -3.8139e-02],
        [ 9.3862e-03,  7.8243e-02,  8.2642e-02,  1.7677e-01, -3.0953e-02,
          4.5586e-02,  2.0960e-02, -1.4768e-01, -1.3521e-01, -8.0326e-02,
          1.6394e-01, -7.4543e-02,  2.9836e-02, -1.1674e-03,  4.9237e-02,
         -1.4664e-01],
        [-1.4272e-01, -1.0494e-01, -9.3862e-03,  5.1282e-02, -5.3783e-02,
          9.4975e-03, -5.4978e-02,  7.0951e-02,  1.8103e-01, -2.5346e-01,
         -8.8456e-02,  1.8121e-01, -9.6187e-03, -5.3619e-03,  8.0683e-02,
          2.0455e-01],
        [ 1.4483e-02,  1.0728e-01, -3.1383e-02,  1.4181e-01,  1.4595e-01,
          6.6809e-02,  3.4666e-02, -3.0063e-02, -5.4624e-02,  6.4388e-02,
          1.3747e-01, -1.5428e-01, -1.9294e-01,  1.2301e-01, -1.0741e-01,
         -1.8427e-01],
        [ 9.5597e-02, -1.2096e-01,  7.9312e-02,  8.4744e-02, -1.4801e-01,
         -4.7165e-02,  1.0400e-01,  3.2153e-02,  1.3364e-01,  6.3830e-02,
          4.7191e-02,  1.0622e-01, -4.2060e-03, -6.7460e-02, -7.0440e-02,
          5.8502e-02],
        [-9.2608e-02, -1.3579e-01, -5.6247e-02, -1.1697e-01, -2.1927e-02,
          5.2794e-03, -4.5383e-02,  2.9207e-01, -3.9438e-02, -1.2484e-01,
         -1.1927e-01, -4.1203e-02, -1.3048e-01,  3.0615e-02,  8.7867e-02,
          1.8460e-01],
        [-6.4118e-02,  1.0250e-01,  5.3460e-03,  1.0091e-01, -9.1651e-02,
          1.0907e-01,  1.7234e-02, -1.0755e-01,  2.7834e-02, -9.8876e-02,
         -3.4087e-02, -3.0045e-02, -5.8791e-02, -8.4455e-02, -1.4756e-02,
          4.9443e-02],
        [-5.4386e-02, -1.0178e-01,  1.1895e-01,  5.9711e-02,  8.1007e-02,
          1.2645e-01,  2.3725e-02, -9.8229e-02,  1.8816e-01, -1.6879e-03,
         -1.8210e-02, -4.6639e-02, -6.8175e-02, -8.5786e-02,  1.7993e-01,
          7.8445e-02],
        [-1.8416e-01, -8.8098e-02, -1.4940e-03, -4.8651e-02,  5.1229e-03,
         -7.5052e-02,  1.3818e-01,  1.3146e-01,  1.1964e-01, -1.1679e-01,
         -4.8487e-02,  1.5088e-01, -1.7031e-02, -5.0530e-03,  1.6923e-01,
         -6.7861e-02],
        [ 1.3485e-01, -1.4787e-01, -7.6814e-02, -1.8866e-01, -6.8475e-02,
         -2.1858e-02, -8.2195e-02,  1.2477e-01, -1.3359e-01, -1.4212e-01,
         -1.3883e-01,  1.1250e-01, -1.3791e-01,  2.9807e-03, -1.3263e-01,
          8.8369e-02]], device='cuda:0')), ('bn3.weight', tensor([1., 1., 1., 1., 1., 1., 1., 1., 1., 1., 1., 1., 1., 1., 1., 1., 1., 1.,
        1., 1., 1., 1., 1., 1., 1., 1., 1., 1., 1., 1., 1., 1.],
       device='cuda:0')), ('bn3.bias', tensor([0., 0., 0., 0., 0., 0., 0., 0., 0., 0., 0., 0., 0., 0., 0., 0., 0., 0., 0., 0., 0., 0., 0., 0.,
        0., 0., 0., 0., 0., 0., 0., 0.], device='cuda:0')), ('bn3.running_mean', tensor([0., 0., 0., 0., 0., 0., 0., 0., 0., 0., 0., 0., 0., 0., 0., 0., 0., 0., 0., 0., 0., 0., 0., 0.,
        0., 0., 0., 0., 0., 0., 0., 0.], device='cuda:0')), ('bn3.running_var', tensor([1., 1., 1., 1., 1., 1., 1., 1., 1., 1., 1., 1., 1., 1., 1., 1., 1., 1.,
        1., 1., 1., 1., 1., 1., 1., 1., 1., 1., 1., 1., 1., 1.],
       device='cuda:0')), ('bn3.num_batches_tracked', tensor(0, device='cuda:0'))])