OrderedDict([('conv1.bias', tensor([ 4.0761e-06,  1.3596e-05, -8.2453e-05,  1.9336e-05, -1.2127e-06,
        -2.9599e-06, -1.7817e-05, -7.2292e-06], device='cuda:0')), ('conv1.lin.weight', tensor([[-3.1907e-01, -7.2412e-02,  2.3681e-01, -1.6575e-01,  8.2237e-02,
          2.3457e-01,  1.3214e-42, -8.7294e-14,  7.6511e-43, -1.5176e-42,
          1.7682e-01],
        [ 7.7712e-02, -8.2767e-03, -8.4823e-02, -5.5236e-02,  1.8952e-03,
         -6.9745e-03,  3.5173e-43, -3.9629e-42,  1.8456e-07, -1.7068e-42,
          8.0314e-02],
        [-2.6240e-01, -8.3017e-02,  5.5832e-02, -5.1249e-02, -1.0954e-02,
         -5.4886e-02,  3.3198e-08, -4.8961e-42,  4.7437e-07,  2.6232e-42,
          4.6176e-01],
        [-4.6129e-02,  3.8380e-01, -2.9165e-02, -2.6669e-01,  2.0593e-01,
         -4.2305e-03, -1.2458e-42, -2.4481e-42,  1.6970e-42,  1.4447e-42,
         -1.9306e-01],
        [ 1.9389e-02, -2.7699e-01, -2.8359e-01,  3.6914e-01,  2.0944e-02,
          2.5909e-02, -7.6511e-43, -6.0060e-42, -9.6900e-42, -2.8530e-42,
          4.4175e-02],
        [ 9.0929e-02, -2.7560e-01,  4.3710e-01, -4.6887e-02,  1.3808e-03,
         -1.2842e-02,  9.2914e-14, -7.1060e-42, -1.4770e-42,  1.6227e-42,
          1.3456e-01],
        [-1.7152e-01, -6.7347e-02,  3.2527e-01,  1.3075e-01, -1.4305e-01,
          1.7564e-02,  1.6087e-42, -3.5593e-42, -3.3304e-15, -6.4740e-43,
         -2.7334e-01],
        [-1.5401e-01,  1.2837e-01, -2.8407e-02,  1.6091e-01, -2.1717e-03,
         -7.0412e-02,  4.3300e-43, -3.7049e-11, -1.3649e-42,  2.5807e-07,
          2.2779e-02]], device='cuda:0')), ('conv1.aggr.t', tensor([1.], device='cuda:0')), ('bn1.weight', tensor([0.8466, 0.8484, 0.6924, 0.7049, 0.6754, 0.8585, 0.8778, 0.7855],
       device='cuda:0')), ('bn1.bias', tensor([-0.1309, -0.0067, -0.3253, -0.3237, -0.1666, -0.1376, -0.2039, -0.0443],
       device='cuda:0')), ('bn1.running_mean', tensor([ 0.8373,  0.0465, -0.0584, -0.0233,  0.0330, -0.0156, -0.1815, -0.2562],
       device='cuda:0')), ('bn1.running_var', tensor([0.1684, 0.0023, 0.0224, 0.0074, 0.0069, 0.0090, 0.0191, 0.0053],
       device='cuda:0')), ('bn1.num_batches_tracked', tensor(47024, device='cuda:0')), ('conv2.bias', tensor([-2.9955e-06, -2.3351e-06, -1.2521e-06,  3.8849e-06,  1.9446e-07,
        -5.0032e-06, -5.7752e-06, -5.0708e-07, -1.0398e-05, -2.6844e-07,
         2.7420e-06, -6.0780e-06, -1.1461e-05,  3.0737e-06,  5.2778e-06,
         1.2453e-06], device='cuda:0')), ('conv2.lin.weight', tensor([[-2.9400e-01, -1.8985e-01, -1.2454e-01,  6.8381e-02, -8.7164e-02,
         -2.7856e-01,  4.5818e-01,  1.5900e-01],
        [-1.6865e-01, -1.8964e-01,  1.1968e-01, -2.0309e-01, -2.2073e-01,
         -3.4180e-01,  3.9093e-01,  2.3380e-01],
        [-4.1390e-01, -1.3934e-01,  1.6829e-02, -1.7022e-01,  1.8220e-01,
          3.0295e-01,  2.0099e-01, -2.8402e-02],
        [-1.1752e-01,  2.6534e-01,  2.2568e-02,  3.3465e-01,  3.1185e-03,
         -3.0311e-01,  2.7091e-01, -1.5704e-01],
        [-7.7810e-02, -3.1073e-01, -2.1141e-01,  1.0810e-01,  9.2662e-02,
          1.6335e-04,  2.3059e-01,  4.8877e-01],
        [-1.7684e-02,  8.5130e-02, -2.5954e-01, -1.6239e-01, -2.0387e-01,
         -3.0459e-01,  2.0374e-01,  4.7046e-03],
        [-2.5004e-01, -1.8521e-01, -9.3533e-02, -2.8616e-01, -1.4223e-01,
          1.2616e-01,  2.8680e-01, -2.4235e-01],
        [-2.4970e-01,  3.2482e-01,  6.0037e-02, -1.6919e-01,  7.9206e-02,
         -2.9738e-01,  2.0065e-01, -2.2870e-01],
        [ 2.0036e-01, -7.4079e-02, -1.4883e-01,  3.1228e-03, -7.2243e-02,
         -1.3812e-01, -4.2143e-01, -2.7906e-02],
        [-5.4943e-02,  3.9032e-01, -2.2783e-01,  1.1040e-01,  3.6785e-02,
         -6.2618e-02, -7.0282e-02, -2.1026e-01],
        [ 1.2943e-01,  3.1818e-01,  2.6670e-01,  3.3732e-01,  2.0174e-01,
         -7.6265e-03, -1.2554e-01, -1.6634e-01],
        [ 1.6820e-01, -2.8433e-01, -1.9823e-01,  1.9872e-01, -5.5655e-02,
         -9.6536e-02,  1.3650e-01,  3.2604e-02],
        [ 3.0742e-01,  9.7580e-02,  9.1158e-02,  9.3303e-02,  1.3360e-01,
          1.3068e-01, -2.3339e-01,  6.2750e-02],
        [-9.6765e-02, -1.1083e-01,  1.2128e-01, -4.5114e-02,  3.2564e-01,
         -1.3089e-01,  2.7005e-01, -2.7677e-02],
        [ 1.3264e-01,  4.0586e-01,  2.7235e-02, -6.6496e-02,  1.6624e-01,
         -2.5733e-01,  2.9723e-01,  2.8010e-01],
        [ 3.0014e-01, -2.0994e-01, -3.1698e-01, -2.0646e-01,  1.5011e-01,
         -1.9086e-02, -1.3145e-02,  1.3278e-01]], device='cuda:0')), ('conv2.aggr.t', tensor([1.], device='cuda:0')), ('bn2.weight', tensor([0.7331, 0.6707, 0.6007, 0.7122, 0.7716, 0.6520, 0.6509, 0.7032, 0.7038,
        0.7672, 0.7424, 0.7181, 0.6662, 0.6731, 0.7114, 0.6663],
       device='cuda:0')), ('bn2.bias', tensor([-0.1149,  0.2640, -0.0278,  0.5108,  0.0871, -0.1192, -0.2403,  0.3175,
        -0.3653,  0.0362, -0.4879, -0.2183,  0.6000, -0.0926, -0.4955,  0.2411],
       device='cuda:0')), ('bn2.running_mean', tensor([-0.0820, -0.0905, -0.0536,  0.0525,  0.0746, -0.0897, -0.1825, -0.0604,
        -0.1299,  0.0125,  0.1817, -0.0165,  0.1673,  0.0361,  0.2812,  0.0233],
       device='cuda:0')), ('bn2.running_var', tensor([0.0831, 0.0641, 0.0691, 0.0580, 0.0614, 0.0343, 0.0568, 0.0516, 0.0553,
        0.0286, 0.0423, 0.0743, 0.0292, 0.0604, 0.0746, 0.0561],
       device='cuda:0')), ('bn2.num_batches_tracked', tensor(47024, device='cuda:0')), ('conv3.bias', tensor([ 1.8097e-06,  1.9499e-06,  4.3894e-07,  1.5837e-06, -2.6111e-06,
        -1.8090e-06, -2.4537e-06,  3.1561e-06, -4.5529e-07, -2.6434e-06,
         8.9358e-09,  1.0232e-06, -1.1208e-06,  3.8650e-06, -9.8838e-07,
         1.9083e-06, -4.3181e-07,  7.2487e-08,  6.3704e-07, -4.7624e-07,
         1.0552e-06, -1.7965e-06,  3.5000e-06,  5.0976e-07,  8.7668e-07,
        -1.2287e-06,  1.8686e-06,  1.7860e-06,  1.3900e-06,  3.2975e-06,
        -1.3950e-06,  2.8019e-06], device='cuda:0')), ('conv3.lin.weight', tensor([[-2.1241e-01,  3.5725e-02,  4.8700e-02,  1.8911e-01,  8.7969e-02,
          1.5221e-01,  2.5054e-03, -1.0830e-01, -1.5687e-01,  1.4410e-01,
         -2.4472e-01, -1.8348e-01,  2.8500e-01,  1.0345e-01, -9.8675e-02,
          5.7946e-02],
        [ 4.9820e-02,  1.0401e-01,  2.0103e-01,  9.0323e-02, -9.6301e-02,
         -1.1504e-01, -1.8509e-01,  6.5030e-02,  5.4525e-02,  8.9729e-02,
          4.3969e-02,  5.2893e-02, -8.7428e-02,  8.6475e-02, -1.5796e-01,
          1.6584e-01],
        [-1.7794e-01,  1.0067e-01,  1.2742e-01,  2.1484e-02, -5.5836e-02,
         -6.6653e-02, -4.0492e-02,  2.5305e-02,  2.1235e-01, -4.5244e-02,
          5.0371e-02,  2.1991e-02, -1.2167e-01, -2.3355e-02,  2.2066e-02,
          8.1179e-02],
        [-2.1496e-03, -2.9760e-01, -2.6774e-02,  5.7517e-02,  3.9177e-02,
          8.9822e-02,  4.5476e-02, -2.3630e-01, -1.0470e-01,  3.1246e-02,
         -3.8592e-02, -2.1338e-01, -7.4817e-02,  4.8557e-03,  1.3082e-01,
          1.4129e-01],
        [ 5.3314e-02,  6.2936e-04,  2.1020e-02, -1.4840e-01, -9.7274e-02,
         -7.0974e-02, -6.0330e-02, -5.0313e-02,  1.2246e-01, -7.1517e-02,
          2.2939e-01,  3.1591e-02, -2.6094e-01,  1.9665e-01,  8.8745e-04,
         -2.6797e-03],
        [ 1.7810e-01, -6.2560e-02,  7.9442e-02, -3.8188e-02,  6.1525e-02,
          7.5904e-02, -8.7812e-02,  4.2832e-02,  1.0285e-01,  1.2443e-01,
         -1.2894e-01,  1.4454e-01,  1.3451e-01,  1.0851e-01, -1.1849e-01,
         -1.4350e-01],
        [ 9.0040e-03, -4.0995e-02,  3.4451e-02,  6.9167e-02, -1.7784e-02,
          4.7338e-02, -1.3296e-01,  5.4457e-02, -8.3736e-02,  4.1989e-02,
         -1.4553e-01,  2.6511e-03,  1.5096e-01,  3.0361e-02, -1.4498e-01,
          2.0049e-01],
        [-1.4580e-01, -1.5490e-01, -1.2427e-01, -6.5900e-02, -2.5121e-03,
         -1.5894e-02,  9.5893e-02, -4.6196e-02, -1.8084e-02,  1.7342e-01,
         -1.4125e-01,  1.3061e-01, -2.1743e-01,  1.1818e-01,  1.7223e-01,
          6.6874e-02],
        [-8.8602e-02,  1.2542e-01, -1.0860e-01,  1.3793e-01, -8.7069e-02,
          1.2475e-01, -1.6280e-01,  8.3210e-02, -2.0111e-01, -2.2548e-01,
          7.3868e-02, -9.9688e-02,  6.0610e-02, -8.4602e-02, -1.8864e-01,
          9.8471e-02],
        [ 6.8605e-02, -1.3159e-01, -2.7315e-02, -1.5943e-01, -1.3261e-01,
          1.0007e-01, -4.7102e-02, -6.9759e-02,  6.6769e-02,  7.8836e-02,
          5.4159e-02,  1.6278e-01, -1.2926e-01, -1.1695e-02,  1.1949e-01,
         -2.5604e-02],
        [-1.2453e-01,  1.1173e-01, -1.4927e-01, -1.0039e-01,  1.9259e-01,
          1.4156e-02,  1.6261e-03,  3.9368e-02, -1.1503e-01, -1.6311e-01,
          1.7450e-01, -1.0771e-01, -1.9247e-01, -9.5650e-02, -5.0971e-02,
          1.0879e-01],
        [-1.8946e-02,  2.9942e-02, -1.7550e-01,  1.0196e-02,  2.0613e-01,
         -2.3906e-01, -9.0645e-02,  1.4846e-01, -3.4378e-02,  1.9044e-01,
         -1.4822e-01, -3.0281e-02, -8.8198e-02, -1.2278e-01, -1.5116e-01,
          5.7767e-02],
        [-8.7701e-02, -4.7553e-03,  2.2259e-02,  1.0707e-02,  2.0952e-01,
          1.7501e-01, -1.1767e-01,  6.4726e-02, -1.1264e-01,  6.2999e-02,
         -2.2243e-02,  2.7419e-02,  8.7637e-02, -1.2113e-01, -1.6827e-01,
         -1.8041e-01],
        [-3.8281e-02, -1.0544e-01,  1.6675e-02, -9.0583e-02, -1.2812e-02,
          1.9228e-02,  5.4015e-02, -3.1653e-02,  1.1531e-01, -3.7375e-02,
         -3.2087e-02,  9.7996e-02, -5.5987e-02,  3.9826e-02, -2.2524e-02,
         -6.6160e-02],
        [-6.0816e-02, -1.4774e-01,  8.9839e-02,  1.1051e-01,  1.4112e-01,
          9.4018e-02, -8.9319e-02,  4.8251e-02,  5.1970e-02, -2.7523e-02,
         -1.7187e-01, -1.8995e-01,  2.0218e-01,  1.1306e-01,  3.7602e-02,
         -2.9827e-02],
        [-4.8189e-02, -1.0209e-01, -1.5709e-01, -2.1447e-01,  1.2854e-01,
          1.8866e-01,  5.5514e-02, -5.2722e-02, -6.4342e-02,  1.8444e-01,
         -3.9535e-02,  9.6984e-02, -7.1618e-02, -4.7688e-02,  9.9869e-02,
         -1.3185e-01],
        [-4.9451e-02,  1.5685e-01, -7.6948e-03,  1.1499e-01,  8.9369e-02,
         -8.3361e-02,  1.2387e-02,  8.3425e-02, -1.5784e-01,  1.7332e-01,
         -1.7396e-01, -8.1453e-02,  1.7515e-01, -8.1476e-03, -1.7476e-01,
          2.0632e-04],
        [-1.1821e-01, -8.7042e-02,  1.1476e-03, -1.2206e-01,  1.1028e-01,
          2.5575e-02,  1.1035e-01, -9.4864e-02,  6.7204e-02,  1.4625e-01,
          6.5698e-02,  3.0498e-02, -2.8569e-01, -7.6548e-02,  1.7687e-01,
         -6.8331e-02],
        [-1.3573e-02, -2.2809e-02,  2.7663e-02,  1.7214e-01,  1.7044e-01,
         -7.0944e-02, -7.7086e-02,  1.7350e-02,  8.5394e-02,  2.8607e-02,
         -9.0425e-02,  3.7536e-02,  1.5155e-01,  1.0417e-01,  9.2865e-03,
         -1.2045e-01],
        [ 5.6487e-02,  6.4313e-02, -1.3281e-01,  5.1680e-02, -1.6938e-01,
         -1.6166e-01, -8.9178e-02, -1.3329e-01, -1.1809e-02,  6.6108e-02,
          5.3296e-02, -4.3365e-02, -7.3978e-02,  1.0388e-01,  4.2890e-02,
          6.4645e-02],
        [ 2.5178e-01, -1.6043e-01,  4.7399e-03,  9.1700e-03, -9.4444e-02,
         -5.1273e-02, -5.6315e-02, -1.0000e-01, -1.1915e-01,  3.1811e-03,
          1.4001e-02,  9.7745e-03,  6.9829e-02, -4.7449e-02, -1.2150e-01,
         -4.8800e-02],
        [ 1.1050e-01,  8.2804e-02, -6.8214e-02, -1.7264e-01, -4.2992e-02,
         -1.1302e-01,  3.9975e-02,  1.6530e-01,  1.1882e-01,  1.0395e-02,
         -3.7672e-02, -2.1154e-02,  2.1222e-03,  1.4612e-01,  2.2395e-02,
         -1.5418e-01],
        [ 8.2832e-02, -7.2112e-02, -3.0776e-02, -1.7059e-01, -1.7728e-01,
          4.7861e-02, -7.1801e-02,  1.8017e-01, -3.8782e-02,  5.9214e-02,
         -9.5612e-02,  5.6748e-02, -3.4618e-02,  1.3653e-01, -1.0431e-01,
          6.3166e-03],
        [-7.2292e-02, -4.6178e-02, -5.7257e-02,  8.6463e-02, -9.9481e-02,
          1.6367e-01, -9.1300e-02,  1.7263e-01, -1.6648e-01, -4.7557e-02,
         -1.7634e-01,  1.6247e-01,  1.5652e-01, -5.0482e-02, -1.3300e-01,
          1.7057e-02],
        [-1.8493e-01, -3.2311e-02, -5.1506e-02,  2.2471e-01, -1.2038e-01,
         -1.3447e-01,  1.7527e-01, -9.4339e-02, -3.6716e-02, -1.6062e-01,
         -2.4610e-02, -1.4960e-01, -1.1875e-01,  2.8209e-02,  6.8207e-02,
          3.6954e-02],
        [-2.4591e-02,  9.8346e-02,  6.6218e-02,  1.8640e-01,  1.7826e-03,
         -1.2405e-01, -5.2904e-02,  1.2460e-01,  1.2524e-01, -1.2850e-01,
         -1.0751e-01,  1.0457e-01,  2.0375e-01, -1.6038e-01, -6.3208e-02,
         -1.1484e-01],
        [-1.6952e-01,  1.4134e-01, -1.2462e-01,  1.3310e-01, -1.9197e-01,
         -2.5639e-02,  8.9670e-02, -1.2818e-01, -1.6830e-01,  5.8918e-02,
         -8.6891e-02,  6.7292e-02,  6.5906e-02,  1.2348e-01, -9.8699e-02,
         -7.1474e-02],
        [ 1.1940e-01, -2.1464e-02, -5.4134e-02,  9.0165e-02, -1.3642e-01,
         -1.6845e-01, -1.5541e-01,  1.3958e-01, -1.2926e-01,  1.4172e-01,
         -2.3872e-01,  1.0856e-01,  9.7886e-02,  6.2722e-03, -1.9966e-01,
          1.8391e-01],
        [-7.0660e-02,  1.2569e-01, -1.0353e-01,  1.8261e-01,  5.4005e-02,
         -2.9818e-01,  3.4842e-02,  7.0797e-02, -6.0680e-02,  1.1901e-01,
         -2.2970e-01, -1.7580e-01,  5.5344e-02, -6.8352e-02, -1.5603e-01,
          1.9004e-01],
        [-1.2706e-01,  1.3606e-01, -1.4134e-01, -8.1759e-03, -7.7174e-02,
          1.5776e-02,  1.4758e-02,  1.4014e-01, -3.3439e-02, -8.7638e-02,
         -1.1044e-01, -6.4840e-02,  1.4637e-01,  4.5810e-02,  1.5775e-02,
          6.1500e-02],
        [-7.0795e-02,  1.8395e-01,  1.2067e-01,  8.5009e-02,  8.8905e-02,
         -3.4298e-02, -7.2151e-02, -6.7072e-02, -3.7650e-02,  1.3846e-01,
          1.3452e-01, -1.4692e-01, -4.5758e-03, -3.8664e-02,  1.1201e-02,
          1.0304e-01],
        [ 6.7699e-02, -1.0449e-01, -7.8648e-02, -1.1083e-01,  8.5488e-02,
          1.5662e-01, -7.3985e-02,  2.1075e-01,  3.1054e-02, -1.5320e-01,
         -1.4511e-01, -1.5619e-01,  2.0450e-01,  4.5264e-02, -8.7752e-02,
         -7.7376e-02]], device='cuda:0')), ('bn3.weight', tensor([1., 1., 1., 1., 1., 1., 1., 1., 1., 1., 1., 1., 1., 1., 1., 1., 1., 1.,
        1., 1., 1., 1., 1., 1., 1., 1., 1., 1., 1., 1., 1., 1.],
       device='cuda:0')), ('bn3.bias', tensor([0., 0., 0., 0., 0., 0., 0., 0., 0., 0., 0., 0., 0., 0., 0., 0., 0., 0., 0., 0., 0., 0., 0., 0.,
        0., 0., 0., 0., 0., 0., 0., 0.], device='cuda:0')), ('bn3.running_mean', tensor([0., 0., 0., 0., 0., 0., 0., 0., 0., 0., 0., 0., 0., 0., 0., 0., 0., 0., 0., 0., 0., 0., 0., 0.,
        0., 0., 0., 0., 0., 0., 0., 0.], device='cuda:0')), ('bn3.running_var', tensor([1., 1., 1., 1., 1., 1., 1., 1., 1., 1., 1., 1., 1., 1., 1., 1., 1., 1.,
        1., 1., 1., 1., 1., 1., 1., 1., 1., 1., 1., 1., 1., 1.],
       device='cuda:0')), ('bn3.num_batches_tracked', tensor(0, device='cuda:0'))])