OrderedDict([('conv1.bias', tensor([-4.5905e-07, -5.9080e-06, -3.8820e-06, -3.8605e-06, -4.8486e-06,
         8.1614e-07,  2.3246e-06,  6.1241e-07], device='cuda:0')), ('conv1.lin.weight', tensor([[ 2.2500e-01,  2.6993e-01,  1.0619e-01,  1.7842e-01, -4.6905e-04,
          1.3403e-01, -2.1972e-42, -2.8446e-42, -7.1887e-43,  3.7555e-43,
          2.3937e-01],
        [-2.3963e-01, -8.3166e-02, -2.7399e-01,  3.2847e-01,  9.7836e-03,
         -4.3135e-02, -2.2412e-09,  3.1162e-13,  3.9417e-06, -8.3091e-18,
         -1.6454e-01],
        [-2.1422e-01,  3.0130e-01, -5.9674e-02, -4.0319e-02,  3.0313e-02,
          1.1956e-01, -7.7688e-42,  5.5410e-18,  1.1757e-42,  2.9203e-42,
          2.2620e-01],
        [-1.5644e-01,  2.5312e-01, -4.7680e-02, -7.1923e-02,  4.2667e-03,
          7.3677e-02,  4.7575e-28, -5.7941e-11, -4.7770e-42,  1.7250e-42,
         -9.7269e-02],
        [-1.7785e-01, -1.6584e-01,  7.0548e-02, -9.4551e-02,  1.1199e-02,
          5.5907e-02,  7.5488e-20,  1.1662e-07,  5.0096e-42,  1.6171e-42,
         -1.5345e-01],
        [ 2.1755e-01,  2.7864e-01, -5.3014e-02,  2.0211e-01,  3.3975e-03,
         -8.8117e-02,  1.1294e-42,  2.5686e-42, -1.1105e-40, -1.2752e-43,
         -2.1597e-01],
        [-9.5431e-02, -5.8486e-02,  1.7486e-01,  1.1829e-01,  2.8760e-03,
          1.4714e-01,  1.0170e-16,  3.8598e-12,  8.9263e-43, -5.5020e-12,
          1.9517e-01],
        [-3.5500e-01, -3.1958e-01, -1.4039e-01,  2.8452e-01,  5.1862e-03,
         -1.2696e-01,  2.2239e-42, -1.7376e-42,  7.9328e-42, -2.7690e-42,
          6.2957e-02]], device='cuda:0')), ('conv1.aggr.t', tensor([1.], device='cuda:0')), ('bn1.weight', tensor([0.7516, 0.7778, 0.8940, 0.8277, 0.6241, 0.7394, 0.7424, 0.8603],
       device='cuda:0')), ('bn1.bias', tensor([ 0.0168,  0.1189,  0.1607,  0.1587,  0.1437,  0.1674, -0.0361,  0.1886],
       device='cuda:0')), ('bn1.running_mean', tensor([ 0.7694, -0.3468,  0.5402,  0.2167, -0.0420, -0.1971,  0.5338, -0.6225],
       device='cuda:0')), ('bn1.running_var', tensor([0.9799, 0.2349, 0.8390, 0.3289, 0.2404, 0.5339, 0.9774, 0.8911],
       device='cuda:0')), ('bn1.num_batches_tracked', tensor(47024, device='cuda:0')), ('conv2.bias', tensor([ 8.1617e-06,  8.1043e-06, -9.2575e-06,  2.3857e-06,  5.2673e-06,
         8.8974e-06,  5.1098e-07, -2.7542e-06, -7.3410e-06,  2.2926e-06,
         9.7800e-07,  2.3403e-06,  7.0658e-08, -3.1788e-06,  3.8846e-06,
        -5.6023e-06], device='cuda:0')), ('conv2.lin.weight', tensor([[ 2.7872e-01,  1.6649e-01,  1.6999e-01, -2.2988e-01, -5.9093e-02,
          6.3453e-02,  3.0316e-01, -7.0445e-02],
        [ 2.4813e-01,  3.1552e-01,  8.5965e-02,  1.1192e-01, -3.3973e-01,
          2.1702e-01,  3.2015e-01, -1.3631e-01],
        [ 8.6441e-02, -2.9200e-01, -3.2626e-01, -1.9991e-01, -1.9754e-01,
         -2.8879e-01, -4.0816e-02, -2.8206e-01],
        [ 4.7981e-02,  2.1565e-01, -1.4981e-01,  4.3560e-01,  1.3297e-01,
         -8.2659e-02,  1.6191e-01,  1.6218e-01],
        [-2.9094e-01,  2.2472e-01,  9.2818e-02,  3.8449e-01,  1.4955e-01,
         -2.9853e-01, -3.9526e-01, -6.3611e-02],
        [ 6.4579e-02, -3.5773e-02,  1.0342e-01,  8.0937e-02, -1.3140e-01,
          1.5673e-01,  2.6866e-01,  9.9050e-02],
        [-1.9348e-01,  5.5772e-02, -1.4974e-01, -8.2457e-02,  2.8220e-01,
         -2.8647e-01,  1.0865e-02,  4.5092e-02],
        [-2.8463e-01, -2.1255e-01, -2.8086e-01, -2.3287e-01, -1.8835e-01,
          5.8665e-02,  3.7506e-01, -4.0343e-01],
        [ 5.1703e-03, -2.3497e-01, -3.0578e-01,  1.5154e-01, -1.8302e-01,
         -2.3445e-01, -1.8235e-01,  2.1578e-01],
        [-1.6368e-01,  7.5347e-02,  1.9466e-02,  3.5015e-01,  8.4183e-02,
          8.7611e-02,  2.6846e-01,  1.2732e-01],
        [-1.2108e-01, -1.4413e-01, -2.6236e-01,  6.8651e-02, -4.1645e-01,
          4.4528e-02, -1.7154e-01,  1.9782e-01],
        [ 3.7084e-01, -1.7071e-01,  4.7176e-01,  3.5624e-02, -5.0573e-02,
          1.0276e-01,  2.9774e-01, -2.8301e-02],
        [ 2.7510e-01,  2.0148e-01,  1.6741e-01,  2.0306e-01, -2.5292e-01,
          1.3220e-01,  2.7939e-01, -3.2471e-01],
        [ 1.1963e-01,  1.5243e-01,  3.4290e-01,  3.1149e-01,  1.8398e-01,
         -1.3086e-01, -2.2291e-01, -1.2546e-01],
        [ 3.6687e-01,  1.5854e-01, -2.5925e-01, -2.7358e-02, -6.4748e-02,
          1.7804e-01, -6.7405e-02, -3.8400e-04],
        [-1.2490e-01, -3.1132e-01, -3.9146e-01, -2.4025e-01,  7.3345e-02,
          2.1414e-01,  9.2318e-02,  4.5659e-02]], device='cuda:0')), ('conv2.aggr.t', tensor([1.], device='cuda:0')), ('bn2.weight', tensor([0.6543, 0.7484, 0.7446, 0.6199, 0.7092, 0.7568, 0.7617, 0.6982, 0.6785,
        0.6097, 0.7464, 0.8091, 0.7302, 0.6214, 0.6549, 0.8014],
       device='cuda:0')), ('bn2.bias', tensor([ 0.0904, -0.3343,  0.5695, -0.2931,  0.0949,  0.5030, -0.0796, -0.3984,
        -0.4125,  0.4285, -0.0345, -0.5981,  0.1008, -0.0388,  0.1342, -0.1037],
       device='cuda:0')), ('bn2.running_mean', tensor([ 0.1806,  0.2637, -0.5719,  0.3097, -0.0247,  0.2081, -0.1274, -0.4692,
        -0.2384,  0.2922, -0.2310,  0.3421,  0.2012,  0.2359,  0.0794, -0.2507],
       device='cuda:0')), ('bn2.running_var', tensor([0.0987, 0.1268, 0.1313, 0.1129, 0.1188, 0.0568, 0.0715, 0.1443, 0.0975,
        0.0904, 0.1817, 0.4154, 0.2170, 0.1995, 0.0565, 0.1750],
       device='cuda:0')), ('bn2.num_batches_tracked', tensor(47024, device='cuda:0')), ('conv3.bias', tensor([ 2.3034e-06, -1.5624e-08, -3.4958e-06,  2.8350e-07, -8.9035e-07,
         3.7594e-06,  3.3096e-07, -6.7708e-07, -3.2338e-07, -2.7070e-06,
         8.0972e-07,  4.0766e-07, -1.2612e-06, -1.7589e-06,  3.8638e-06,
         3.1631e-06,  1.5754e-06, -1.5407e-06, -3.2496e-06, -1.2324e-07,
         2.3902e-06,  1.3923e-06,  1.2730e-06,  1.4604e-06, -1.6771e-06,
         2.0124e-06,  2.0084e-06,  6.1189e-07, -3.6351e-06,  8.7644e-07,
        -7.4017e-08, -1.6680e-06], device='cuda:0')), ('conv3.lin.weight', tensor([[-5.0495e-02,  6.9619e-02,  8.9662e-02, -2.7228e-02, -7.8102e-02,
          3.8168e-02,  6.2459e-02, -1.6881e-01,  2.3484e-01, -6.3409e-03,
         -6.8203e-02, -7.9812e-02,  1.5375e-01, -8.7294e-02,  5.5817e-02,
         -4.3712e-02],
        [-8.9557e-02,  8.0310e-02,  6.1731e-02, -1.1355e-01,  4.0934e-02,
         -6.8198e-02, -1.5787e-02,  1.1282e-01, -5.2761e-02,  1.9563e-01,
          1.5889e-01, -4.4479e-02,  2.7824e-02, -1.7347e-01, -2.8501e-02,
         -3.0174e-01],
        [ 8.3823e-02,  1.9961e-01, -1.1966e-01,  1.2010e-01, -3.1103e-02,
          1.5450e-01,  1.0770e-01,  1.5039e-01, -8.4516e-02, -1.7132e-01,
          3.9086e-02, -2.6917e-01, -2.1170e-01,  7.1001e-02, -7.6049e-02,
         -1.6007e-01],
        [ 1.2781e-01,  1.3517e-01,  7.5468e-02, -2.7754e-02,  2.3877e-01,
         -1.4969e-01,  2.5836e-02,  1.0330e-01,  1.3737e-03, -7.3619e-02,
          4.3743e-02,  2.0532e-01, -1.1457e-01, -1.0092e-01,  5.7352e-03,
         -1.6594e-01],
        [-1.6633e-01,  1.3124e-01, -2.6230e-01,  1.7415e-02,  3.3805e-02,
         -6.5455e-02,  1.2767e-01,  1.7284e-01,  2.0663e-01, -1.6745e-01,
         -1.1217e-01,  9.1940e-02,  1.8657e-01, -1.0955e-01, -3.6874e-02,
          6.2686e-02],
        [ 1.2102e-01,  6.4188e-03, -6.4646e-02,  9.0414e-02, -1.9168e-02,
         -1.5102e-01, -4.2673e-03,  3.4084e-02,  4.9114e-02, -9.5228e-02,
          2.1482e-01,  2.0204e-01, -4.5818e-02, -5.7644e-02, -8.7992e-02,
         -2.1034e-01],
        [ 9.3850e-07, -3.3843e-02, -2.9827e-02,  1.1583e-01, -5.0560e-02,
         -3.8826e-02,  1.2471e-01,  1.0610e-01,  2.9839e-02, -2.7001e-01,
          2.3684e-01,  2.2962e-01,  4.7081e-02, -2.1826e-03,  4.9543e-02,
         -1.6606e-01],
        [ 2.0859e-01, -1.9940e-01, -7.9428e-02, -8.0672e-02,  1.2990e-01,
          1.7479e-01, -7.1002e-02, -2.6931e-02,  2.2332e-02, -1.4118e-01,
          7.6228e-02, -2.6124e-02, -8.1303e-02,  5.5721e-02, -8.5830e-02,
          4.5913e-02],
        [ 2.1861e-01, -8.9379e-02, -1.9359e-01,  2.5971e-02, -1.1671e-01,
          1.0813e-01,  3.5449e-02,  1.8614e-01,  1.6910e-01, -8.1476e-02,
          7.7815e-02,  4.7335e-02, -1.4922e-01,  1.4783e-01,  4.8881e-02,
         -1.4621e-01],
        [ 1.2587e-02,  1.4194e-01, -1.3924e-01,  1.8677e-01, -1.3098e-01,
         -2.3008e-01,  5.3184e-02,  4.4821e-02, -6.5039e-02, -1.7930e-01,
          1.3810e-02,  1.5526e-01, -1.4048e-01,  7.2577e-02, -8.3312e-02,
          1.1960e-01],
        [ 1.3895e-01,  1.3755e-01, -3.9511e-02, -5.6246e-03,  6.5799e-02,
          1.7532e-01,  2.1038e-01, -1.3706e-01,  5.2925e-02, -1.0101e-01,
          2.4597e-01, -1.2523e-01,  1.7516e-01, -1.3822e-01, -1.7642e-01,
          7.5340e-02],
        [-3.1364e-02,  1.2359e-01, -1.6723e-01,  1.6631e-01,  2.2878e-02,
         -1.9317e-01, -2.4930e-01,  1.4556e-02,  1.6130e-01, -1.4137e-01,
         -1.8460e-01,  1.6410e-01, -2.3869e-01, -1.3732e-02, -9.2158e-02,
          2.0436e-01],
        [-4.7904e-03, -1.9200e-01,  2.8155e-01, -1.8177e-02, -4.1459e-02,
         -1.6921e-02, -9.7036e-02, -1.6872e-01, -2.0808e-01,  1.2810e-01,
         -2.0533e-03, -1.5004e-01,  1.2980e-01,  5.7462e-02, -7.2369e-02,
          5.0194e-02],
        [ 1.7837e-01, -2.3576e-02,  1.2228e-01,  9.3294e-02,  8.2392e-02,
         -1.3154e-01, -1.8220e-01,  4.2827e-02, -1.6920e-02,  7.0612e-02,
          5.4583e-02,  1.2060e-01, -1.4363e-01, -1.1273e-01,  1.3941e-01,
         -2.0175e-03],
        [ 1.0710e-01, -2.0413e-02,  1.4617e-01,  2.0882e-01,  6.2046e-03,
         -9.9615e-02, -7.8420e-02,  1.0236e-01, -5.7375e-02, -7.0033e-02,
          1.1610e-01, -5.5006e-02,  1.3906e-01,  1.2815e-01, -1.8219e-01,
         -1.5225e-02],
        [-1.1457e-01, -6.5799e-02,  8.2404e-02, -3.5550e-02, -9.7682e-02,
          1.5296e-01, -1.6212e-02,  7.4736e-02,  5.6522e-02,  1.6359e-02,
          5.2095e-02,  7.9227e-02, -4.0569e-02, -1.3010e-02, -1.0287e-01,
         -6.4254e-02],
        [ 5.5024e-02,  1.2787e-01,  1.9967e-01,  1.0169e-02,  1.8582e-01,
          8.8410e-02, -2.2848e-01, -1.4721e-01, -1.1451e-01,  2.1373e-02,
         -5.0189e-02, -5.6249e-02, -2.5605e-01,  6.1556e-02,  9.7364e-02,
          1.3392e-01],
        [-7.8714e-02,  2.2973e-01, -1.5551e-01, -5.6271e-04, -1.3983e-01,
         -2.5988e-01,  7.2378e-02, -1.8522e-02,  1.2839e-02, -4.3384e-02,
         -1.7036e-02,  2.3878e-01, -2.1615e-01,  9.4548e-02,  4.7518e-02,
          6.2109e-02],
        [ 1.1790e-01, -7.7417e-03,  3.0457e-03, -2.3946e-01,  6.5861e-03,
          2.4587e-01,  1.6118e-01, -6.0798e-02,  7.0988e-02,  2.6311e-01,
         -6.3991e-02, -1.6349e-01, -1.3818e-01, -1.3001e-02,  1.4534e-01,
         -8.2793e-02],
        [ 3.2903e-02,  5.4321e-02,  7.0552e-02, -1.4344e-01,  1.9716e-02,
         -4.6599e-02,  2.1562e-01, -1.0365e-01, -1.0960e-01, -7.5510e-02,
          1.3666e-01, -1.0291e-01,  2.5583e-01, -1.3726e-01,  6.8881e-03,
         -2.0539e-01],
        [-1.2400e-02, -5.7490e-04,  4.1650e-04, -1.2056e-01,  3.6343e-02,
         -1.1465e-01, -4.0469e-02,  2.0780e-01, -3.7223e-02,  1.3355e-01,
         -1.6336e-01,  7.9107e-02, -1.1740e-01,  9.7928e-02,  1.6118e-01,
          7.4880e-02],
        [-1.8128e-03, -1.9571e-01, -7.3627e-02,  1.0070e-01,  1.3711e-01,
          5.5934e-02, -5.2288e-02, -2.5604e-02, -1.0667e-01, -4.0140e-02,
          1.5217e-02,  6.1025e-02, -8.9457e-02,  1.5956e-02,  6.4623e-02,
          3.5281e-02],
        [ 8.2304e-02,  5.9972e-02,  4.2982e-02,  6.7890e-02, -1.3054e-01,
         -1.6807e-01, -6.0480e-02, -1.5293e-01, -1.1050e-01, -1.4692e-01,
          4.9412e-02, -2.2646e-01,  8.6012e-02,  3.0052e-02, -7.6742e-02,
         -1.4138e-01],
        [-3.1208e-02, -1.3464e-02, -3.6616e-03, -9.0830e-02, -1.5200e-01,
         -1.6880e-01,  7.2941e-02,  6.5681e-02, -1.1841e-01,  1.0790e-01,
          8.7058e-02,  1.8811e-01,  6.9799e-02,  1.5538e-01, -7.1471e-02,
          1.0781e-01],
        [-9.6154e-02, -4.0633e-02, -1.9175e-01,  3.1653e-02,  7.5892e-02,
         -2.2188e-01, -5.2522e-02,  1.1274e-01,  1.9203e-02, -1.5142e-01,
         -6.2353e-02,  1.6392e-01,  5.1476e-02, -5.2641e-02,  2.4098e-02,
          1.8337e-02],
        [ 1.3529e-01,  6.5930e-02, -1.5861e-01, -2.3486e-01,  1.8714e-02,
         -2.9464e-02,  2.9434e-02,  2.2850e-02,  2.0525e-01,  1.7595e-02,
          2.1913e-01,  8.3885e-02,  8.3934e-02,  1.0798e-01, -1.4086e-01,
          1.1189e-01],
        [-7.9567e-02,  1.5822e-01,  1.5792e-01, -6.4453e-02, -1.0385e-01,
         -7.9591e-03,  1.0414e-01, -8.1012e-02,  2.3245e-01,  1.4475e-01,
         -1.1299e-01,  1.0609e-01, -1.7256e-02,  1.6957e-01, -4.3127e-03,
          5.4231e-02],
        [ 6.0425e-03, -1.3742e-01,  7.2995e-02, -1.2236e-01, -1.2394e-01,
          3.8788e-02,  1.1770e-02, -7.3440e-02, -2.2802e-01,  1.5531e-01,
         -2.6191e-02, -2.1013e-01,  4.5385e-02, -2.2385e-02,  9.2513e-02,
         -7.1310e-02],
        [-6.0414e-02, -2.0174e-01,  9.0307e-02,  3.6609e-02, -1.2992e-02,
          1.0010e-01,  7.2758e-02, -7.1512e-02,  3.3361e-02,  6.3507e-03,
         -1.6123e-01, -1.2007e-02, -3.5807e-02, -1.1642e-01,  1.2937e-01,
         -1.8153e-01],
        [-1.0289e-01,  2.1824e-02, -1.3220e-01,  1.6128e-01, -6.8534e-02,
         -2.5633e-01,  4.3208e-02,  1.5068e-01,  1.7494e-01,  1.7698e-02,
         -1.2152e-01,  1.5466e-01,  1.1008e-01, -1.5077e-01,  5.1796e-02,
         -9.8616e-02],
        [ 2.1578e-03,  1.4556e-01, -5.7034e-02,  1.2281e-01, -7.0841e-02,
         -1.3641e-01, -1.0572e-02,  3.8663e-02, -1.5110e-01, -5.0804e-02,
          9.9052e-02, -1.6493e-01,  1.8709e-01,  5.0162e-02, -7.5555e-02,
          4.1372e-02],
        [ 6.3207e-02, -1.8283e-01,  1.2308e-01,  4.0228e-02, -1.9872e-02,
         -9.0716e-02,  1.5170e-01,  1.2695e-01, -9.7479e-02,  4.1901e-03,
          1.1440e-01,  1.4941e-01,  8.5887e-02, -1.1059e-01,  5.9634e-02,
         -2.5942e-01]], device='cuda:0')), ('bn3.weight', tensor([1., 1., 1., 1., 1., 1., 1., 1., 1., 1., 1., 1., 1., 1., 1., 1., 1., 1.,
        1., 1., 1., 1., 1., 1., 1., 1., 1., 1., 1., 1., 1., 1.],
       device='cuda:0')), ('bn3.bias', tensor([0., 0., 0., 0., 0., 0., 0., 0., 0., 0., 0., 0., 0., 0., 0., 0., 0., 0., 0., 0., 0., 0., 0., 0.,
        0., 0., 0., 0., 0., 0., 0., 0.], device='cuda:0')), ('bn3.running_mean', tensor([0., 0., 0., 0., 0., 0., 0., 0., 0., 0., 0., 0., 0., 0., 0., 0., 0., 0., 0., 0., 0., 0., 0., 0.,
        0., 0., 0., 0., 0., 0., 0., 0.], device='cuda:0')), ('bn3.running_var', tensor([1., 1., 1., 1., 1., 1., 1., 1., 1., 1., 1., 1., 1., 1., 1., 1., 1., 1.,
        1., 1., 1., 1., 1., 1., 1., 1., 1., 1., 1., 1., 1., 1.],
       device='cuda:0')), ('bn3.num_batches_tracked', tensor(0, device='cuda:0'))])