OrderedDict([('conv1.bias', tensor([-2.1428e-06,  2.5539e-06,  8.3862e-06, -2.1721e-06, -8.8151e-06,
         3.4620e-06,  4.6620e-06,  3.7029e-06], device='cuda:0')), ('conv1.lin.weight', tensor([[-2.6924e-02,  9.8922e-02, -4.0210e-03, -3.3630e-02, -1.6975e-03,
          1.4039e-02,  7.2394e-30,  1.8693e-42,  3.9517e-43, -1.3227e-16,
         -1.6462e-03],
        [-3.7347e-02, -2.6138e-02,  4.1762e-03, -3.9289e-02, -4.9897e-03,
          8.5615e-02,  2.1760e-22, -5.5491e-43,  3.0371e-16, -2.8026e-42,
          1.2657e-02],
        [ 2.9397e-02, -1.9792e-02,  4.0853e-03,  2.3000e-02,  9.8218e-04,
         -2.7165e-02,  3.8858e-42,  2.4901e-42,  1.2331e-42,  1.9694e-13,
          3.5740e-03],
        [-5.6899e-02, -1.2495e-02, -6.8505e-03, -1.0491e-01, -4.4084e-03,
          1.2102e-01,  1.9198e-43, -3.8020e-13,  3.6854e-43,  1.1491e-43,
         -7.0416e-02],
        [-3.5065e-02,  1.2070e-01, -2.7658e-02, -5.7423e-02, -5.4603e-03,
          7.8990e-02, -3.1221e-42, -4.9037e-11,  1.3873e-42, -1.3144e-42,
         -8.7916e-02],
        [-3.3712e-02, -2.7389e-02,  1.7429e-02, -3.4037e-02, -3.9455e-03,
          1.6550e-01, -1.5204e-42, -5.3628e-42,  1.4307e-42, -1.7530e-42,
         -8.5794e-02],
        [ 7.4911e-02, -5.8520e-02, -7.9093e-02, -1.7165e-01, -1.3960e-02,
          3.8804e-03,  1.8497e-42, -2.8699e-42, -9.5246e-42,  9.1925e-43,
         -1.6277e-01],
        [ 3.1937e-02,  3.1117e-02, -2.8789e-02,  6.5428e-02, -2.3749e-03,
          6.0715e-02,  9.0944e-43,  3.2538e-42, -1.6437e-42,  1.1015e-08,
          1.8122e-01]], device='cuda:0')), ('conv1.aggr.t', tensor([1.], device='cuda:0')), ('bn1.weight', tensor([0.6887, 0.5745, 0.6315, 0.6073, 0.5512, 0.7335, 0.6765, 0.7188],
       device='cuda:0')), ('bn1.bias', tensor([-0.0037,  0.0003, -0.0070, -0.0317, -0.0129,  0.0533, -0.1277,  0.0038],
       device='cuda:0')), ('bn1.running_mean', tensor([ 0.0693,  0.2883, -0.0878,  0.3619,  0.2603,  0.5287, -0.0739,  0.3471],
       device='cuda:0')), ('bn1.running_var', tensor([0.0041, 0.0346, 0.0046, 0.0572, 0.0303, 0.1061, 0.0170, 0.0426],
       device='cuda:0')), ('bn1.num_batches_tracked', tensor(47024, device='cuda:0')), ('conv2.bias', tensor([ 2.1549e-06,  1.6340e-06,  6.8415e-06, -2.6134e-06,  5.7106e-06,
        -2.0541e-07, -3.4706e-06,  4.5065e-06, -1.0451e-05, -2.6959e-06,
        -6.5425e-07, -3.5055e-06, -9.2137e-06, -2.1602e-07,  2.6557e-07,
         1.1667e-06], device='cuda:0')), ('conv2.lin.weight', tensor([[ 0.1465, -0.1692, -0.2388,  0.1450,  0.0892,  0.2803, -0.0169, -0.1648],
        [-0.0696, -0.2311,  0.0463, -0.1553, -0.1004,  0.2344,  0.1313,  0.1658],
        [ 0.0632,  0.2122, -0.1171,  0.1903, -0.1500,  0.1426,  0.2118, -0.2404],
        [ 0.1290, -0.1553, -0.0062, -0.0787, -0.0602, -0.1316, -0.0111,  0.0269],
        [ 0.1085,  0.1334, -0.0327,  0.2305, -0.0113, -0.0804, -0.0053,  0.1264],
        [ 0.1578,  0.0673, -0.1544, -0.1035, -0.2311, -0.2546, -0.2009,  0.2274],
        [-0.3415,  0.1481,  0.1997, -0.1391,  0.1624,  0.2464,  0.1280, -0.2984],
        [ 0.0101,  0.0578, -0.0979,  0.1733,  0.1141,  0.2592, -0.2169, -0.2736],
        [ 0.1119,  0.0344,  0.1130, -0.0548, -0.0927, -0.0037, -0.1411, -0.1606],
        [-0.2418, -0.0536,  0.1175,  0.2004, -0.0192, -0.1692,  0.1299,  0.1170],
        [ 0.0935,  0.1194, -0.0578,  0.0285, -0.2640,  0.1187, -0.1949, -0.0297],
        [ 0.1304, -0.0885, -0.1179,  0.0920, -0.1868, -0.2709,  0.1338,  0.2363],
        [-0.1626, -0.0333, -0.1510, -0.0430, -0.0932, -0.2067, -0.1198, -0.1923],
        [-0.2277,  0.0501,  0.1461,  0.0597, -0.0830, -0.2140, -0.1588,  0.0203],
        [-0.0532, -0.2254,  0.1297,  0.0948,  0.0346, -0.1267,  0.1769, -0.1002],
        [-0.1884,  0.0491, -0.2685,  0.1274, -0.0145, -0.1223,  0.1985,  0.0782]],
       device='cuda:0')), ('conv2.aggr.t', tensor([1.], device='cuda:0')), ('bn2.weight', tensor([0.6713, 0.6136, 0.6467, 0.5219, 0.5824, 0.6675, 0.7086, 0.6431, 0.6038,
        0.6477, 0.5616, 0.5953, 0.6361, 0.6730, 0.6144, 0.5199],
       device='cuda:0')), ('bn2.bias', tensor([-0.6483,  0.1451, -0.0233,  0.2895, -0.0997, -0.6110, -0.5274,  0.4715,
         0.2649,  0.2143, -0.0684, -0.0326,  0.1635, -0.3057, -0.4832,  0.2567],
       device='cuda:0')), ('bn2.running_mean', tensor([ 0.0410,  0.0269,  0.0725, -0.0766,  0.1226, -0.1131,  0.0096,  0.0281,
        -0.0428, -0.0072, -0.0167, -0.0307, -0.2805, -0.1203, -0.0487, -0.0625],
       device='cuda:0')), ('bn2.running_var', tensor([0.0805, 0.0354, 0.0481, 0.0234, 0.0410, 0.0682, 0.1098, 0.0869, 0.0156,
        0.0438, 0.0255, 0.0549, 0.0675, 0.0493, 0.0531, 0.0270],
       device='cuda:0')), ('bn2.num_batches_tracked', tensor(47024, device='cuda:0')), ('conv3.bias', tensor([-1.9538e-07,  2.3286e-07,  4.5376e-07,  5.0153e-07,  5.5857e-07,
         8.4735e-07,  2.4600e-07,  1.1153e-06,  2.5332e-06, -8.9744e-07,
         5.2579e-06,  2.2964e-07, -1.1012e-06,  3.8586e-06, -2.5692e-07,
        -3.1720e-06,  2.3905e-06, -9.0667e-07, -1.6243e-06, -3.0027e-07,
        -2.6117e-06, -1.8052e-06,  1.9358e-06, -1.6899e-06,  1.4088e-06,
        -2.7373e-07, -1.7057e-06,  5.5810e-08,  2.5447e-06,  8.5080e-08,
         9.8100e-07,  1.2401e-06], device='cuda:0')), ('conv3.lin.weight', tensor([[-0.1415,  0.0902, -0.1515,  0.0958,  0.0992, -0.0643, -0.1009,  0.1769,
          0.0395, -0.1390,  0.1112, -0.0881,  0.0067,  0.1290,  0.1365,  0.0165],
        [ 0.0854, -0.0567, -0.1204, -0.1357, -0.0061,  0.0735, -0.0060,  0.0883,
         -0.0800, -0.0219,  0.0064, -0.0249, -0.1403,  0.1339,  0.1125, -0.0897],
        [ 0.2454, -0.0211, -0.1135,  0.1052,  0.0564,  0.1161,  0.0871,  0.0477,
         -0.1280, -0.0830,  0.0474, -0.0511,  0.0805,  0.1365,  0.1552, -0.0384],
        [ 0.0831, -0.0858, -0.0259, -0.0196, -0.0837,  0.0673, -0.0497, -0.0495,
         -0.0255, -0.0752,  0.0509,  0.0405, -0.1137,  0.0302,  0.0586, -0.0539],
        [ 0.1277,  0.0439, -0.0224,  0.0143,  0.1581,  0.0076,  0.0942, -0.0912,
         -0.1306, -0.0700, -0.0574, -0.0171, -0.1068,  0.1310,  0.0924, -0.1031],
        [-0.1832,  0.0593, -0.0626,  0.1914, -0.1049, -0.2964, -0.2675,  0.1847,
          0.1684,  0.1593,  0.0845, -0.0768, -0.0942,  0.0130, -0.2099,  0.1581],
        [ 0.2417, -0.0975,  0.0278, -0.0068, -0.0263,  0.2588,  0.1701, -0.1473,
         -0.0673,  0.0324,  0.0850,  0.0203, -0.0751,  0.1676,  0.0716, -0.0576],
        [-0.1965,  0.0805,  0.0712,  0.0097, -0.0200, -0.2093, -0.2113,  0.1426,
          0.0809,  0.0988, -0.1240,  0.1085,  0.0248,  0.0136, -0.1096, -0.0132],
        [-0.1680, -0.0186, -0.0440,  0.0735, -0.0596, -0.1371, -0.1805,  0.1255,
          0.0642, -0.0147, -0.0775, -0.0011,  0.1031, -0.1831, -0.0955, -0.0178],
        [ 0.1127,  0.0201, -0.0074, -0.0268, -0.0118,  0.0711, -0.0778, -0.0075,
         -0.1552,  0.0524,  0.0538, -0.0991,  0.1294, -0.0498,  0.1010,  0.0601],
        [-0.0306,  0.1251, -0.0695,  0.0410,  0.1815, -0.1489, -0.1122,  0.1906,
         -0.0144, -0.0319,  0.0340,  0.0110,  0.0365,  0.1023, -0.0280,  0.0182],
        [ 0.0744, -0.0741,  0.1262, -0.0089, -0.0080,  0.1783,  0.1065, -0.0186,
          0.1214,  0.1185, -0.0650,  0.0350, -0.1703, -0.1325,  0.1550,  0.0217],
        [-0.1287,  0.0905, -0.0134,  0.0042, -0.0750,  0.0778, -0.2073,  0.1288,
          0.1106,  0.1603,  0.0108, -0.2202,  0.1468, -0.1107, -0.1662,  0.1149],
        [-0.0314,  0.1739,  0.1443,  0.0330, -0.0151, -0.1602, -0.1791,  0.1344,
          0.1010,  0.0094, -0.0232,  0.1121,  0.1124,  0.1292, -0.0859,  0.0773],
        [ 0.0676,  0.0211,  0.0704, -0.0565, -0.0890,  0.0303,  0.0051,  0.0424,
         -0.0643, -0.0074,  0.0307, -0.0429, -0.0212,  0.0765, -0.0137,  0.0669],
        [ 0.0614, -0.1316,  0.0288, -0.0241,  0.0590,  0.0034, -0.0646,  0.0634,
         -0.0318,  0.0906, -0.0076, -0.0081,  0.0634,  0.0629,  0.0189, -0.1483],
        [ 0.0170, -0.0408, -0.1281, -0.0924,  0.1365, -0.1568, -0.1150, -0.0723,
         -0.0464,  0.0889,  0.0918, -0.1245,  0.1098,  0.1220, -0.0513, -0.1428],
        [-0.0945, -0.1555, -0.0778, -0.0175, -0.1141, -0.0317,  0.0684, -0.0985,
         -0.1597, -0.1450,  0.0087,  0.0152,  0.1473, -0.1872, -0.0666,  0.0240],
        [ 0.0111,  0.0092,  0.1396,  0.0323,  0.1367, -0.0944, -0.0229, -0.0718,
          0.0175,  0.0226,  0.1157, -0.0207,  0.0918, -0.0051,  0.0376, -0.0985],
        [-0.0618, -0.1175,  0.0337, -0.0263, -0.0233,  0.0676, -0.0349, -0.0083,
         -0.0166, -0.1260, -0.1943, -0.0408, -0.0697,  0.0097,  0.0442,  0.1450],
        [ 0.0239, -0.0356, -0.0476,  0.0952, -0.1183, -0.0254, -0.0655,  0.1694,
          0.0407,  0.1057,  0.0031, -0.1067, -0.0258, -0.1075, -0.0400,  0.0738],
        [-0.2046, -0.0738,  0.1485, -0.0509, -0.1019, -0.0432, -0.0636, -0.0598,
          0.0038, -0.0708, -0.0173, -0.0728, -0.0326, -0.0684, -0.1022,  0.1384],
        [-0.1945, -0.1128,  0.0983,  0.1325,  0.0676, -0.1120, -0.1089,  0.0779,
          0.0226,  0.1721, -0.0651, -0.0494,  0.0730, -0.1346, -0.1421, -0.0967],
        [-0.1854,  0.1093,  0.0274, -0.0495, -0.0663, -0.0435,  0.0071,  0.0256,
          0.0669, -0.1013,  0.0611,  0.0741,  0.0015, -0.0176, -0.1431,  0.0362],
        [ 0.1246, -0.1350, -0.0551, -0.1174, -0.0947,  0.0278,  0.1205, -0.2278,
         -0.0752,  0.0723,  0.1211, -0.1120,  0.0134,  0.0039,  0.0278, -0.0803],
        [ 0.1482,  0.0348,  0.0610, -0.1086,  0.0474,  0.1959, -0.0898,  0.0200,
          0.0405,  0.0011, -0.0341, -0.1147,  0.1403,  0.1366,  0.1080,  0.0068],
        [ 0.1968, -0.0398, -0.0410,  0.0362,  0.0589,  0.0582,  0.2172, -0.0921,
          0.0209, -0.0272,  0.0274,  0.0201, -0.0335,  0.1176,  0.0878, -0.1007],
        [-0.1005, -0.0587,  0.1242, -0.1084, -0.0274,  0.1851,  0.0894, -0.0882,
         -0.1022, -0.1675, -0.0234, -0.0698, -0.1344,  0.1750,  0.0365, -0.0683],
        [ 0.0223, -0.0106, -0.0982, -0.0342,  0.1208,  0.0612,  0.0573,  0.0210,
          0.1459, -0.1574, -0.1999, -0.0650,  0.0608,  0.0418, -0.1061,  0.0085],
        [ 0.1701,  0.0857,  0.0482, -0.1563,  0.0894,  0.1615,  0.0388, -0.1324,
          0.0206, -0.0086,  0.0303,  0.1097, -0.0213,  0.0195,  0.1618, -0.0352],
        [ 0.1990,  0.1012,  0.1396, -0.2291, -0.0839,  0.1461, -0.0569, -0.1821,
          0.0441, -0.1029, -0.0600,  0.0023, -0.0162,  0.0952,  0.1179, -0.1405],
        [ 0.0329, -0.0209, -0.0694,  0.0362, -0.1102, -0.1262, -0.0568,  0.0137,
          0.0601,  0.0795, -0.1427,  0.0306,  0.0191, -0.1391, -0.0551,  0.0568]],
       device='cuda:0')), ('bn3.weight', tensor([1., 1., 1., 1., 1., 1., 1., 1., 1., 1., 1., 1., 1., 1., 1., 1., 1., 1.,
        1., 1., 1., 1., 1., 1., 1., 1., 1., 1., 1., 1., 1., 1.],
       device='cuda:0')), ('bn3.bias', tensor([0., 0., 0., 0., 0., 0., 0., 0., 0., 0., 0., 0., 0., 0., 0., 0., 0., 0., 0., 0., 0., 0., 0., 0.,
        0., 0., 0., 0., 0., 0., 0., 0.], device='cuda:0')), ('bn3.running_mean', tensor([0., 0., 0., 0., 0., 0., 0., 0., 0., 0., 0., 0., 0., 0., 0., 0., 0., 0., 0., 0., 0., 0., 0., 0.,
        0., 0., 0., 0., 0., 0., 0., 0.], device='cuda:0')), ('bn3.running_var', tensor([1., 1., 1., 1., 1., 1., 1., 1., 1., 1., 1., 1., 1., 1., 1., 1., 1., 1.,
        1., 1., 1., 1., 1., 1., 1., 1., 1., 1., 1., 1., 1., 1.],
       device='cuda:0')), ('bn3.num_batches_tracked', tensor(0, device='cuda:0'))])