OrderedDict([('conv1.bias', tensor([-1.7575e-06, -5.0265e-06, -1.2417e-06,  8.9895e-06, -3.2579e-08,
         7.5520e-06,  5.2164e-06,  3.7957e-06], device='cuda:0')), ('conv1.lin.weight', tensor([[ 1.6837e-02,  3.2532e-01,  6.4078e-02, -2.5072e-01,  1.0507e-01,
          9.2651e-02,  2.6358e-42,  1.1039e-12,  2.8516e-42,  1.7782e-42,
         -2.0949e-01],
        [ 2.0602e-01, -1.2516e-01,  2.0517e-01, -7.3101e-02, -4.7986e-03,
         -1.6966e-01, -8.5619e-43,  4.2413e-11, -7.2447e-43, -1.1967e-42,
          4.6263e-02],
        [-8.5537e-02, -1.7627e-01, -2.3849e-01,  4.6696e-01,  2.6882e-02,
          2.7960e-02,  4.3190e-16, -2.5364e-42,  1.1575e-42,  9.5849e-43,
          2.1896e-04],
        [-1.0271e-01,  2.8916e-01,  1.2933e-01,  1.8400e-01,  4.3515e-02,
          1.2002e-01,  1.4433e-43, -3.7190e-42, -4.4726e-39,  3.2510e-43,
         -2.3370e-01],
        [-2.5352e-01,  2.3262e-01, -2.0534e-01,  4.2432e-02,  3.7486e-02,
          2.7972e-02,  1.5344e-42, -1.4195e-42, -6.2218e-43, -1.2152e-41,
         -1.0508e-01],
        [ 1.8509e-02, -1.9542e-01,  2.8982e-01,  1.7816e-01,  1.3130e-02,
          1.4658e-01, -3.7569e-42,  1.7796e-43, -1.6063e-15, -1.4572e-12,
          1.6947e-01],
        [-3.4582e-02, -1.6664e-01,  1.7499e-01, -1.4312e-01, -1.4563e-02,
         -1.6461e-01,  4.5136e-42,  1.3088e-42,  5.0629e-42, -1.0074e-26,
          1.2408e-01],
        [ 4.5222e-02, -1.5497e-01,  5.1484e-01,  1.1738e-01, -1.3620e-02,
         -3.0911e-02,  5.9331e-42,  5.5225e-42,  3.7550e-08, -7.5250e-43,
         -7.7044e-02]], device='cuda:0')), ('conv1.aggr.t', tensor([1.], device='cuda:0')), ('bn1.weight', tensor([0.7893, 0.8050, 0.7382, 0.7548, 0.8790, 0.6991, 0.9558, 0.7119],
       device='cuda:0')), ('bn1.bias', tensor([0.0497, 0.1169, 0.0294, 0.0855, 0.1888, 0.0436, 0.1709, 0.0337],
       device='cuda:0')), ('bn1.running_mean', tensor([ 0.2933, -0.4540,  0.0057,  0.3350,  0.0013,  0.5051, -0.5266, -0.1402],
       device='cuda:0')), ('bn1.running_var', tensor([0.0457, 0.1655, 0.0210, 0.1008, 0.0309, 0.1002, 0.1117, 0.0231],
       device='cuda:0')), ('bn1.num_batches_tracked', tensor(47024, device='cuda:0')), ('conv2.bias', tensor([-1.8888e-06,  7.1348e-06, -2.4758e-06,  3.6303e-07,  4.4002e-06,
        -5.8940e-06, -1.0389e-06,  1.0633e-06, -1.5060e-06, -1.8483e-06,
         5.8950e-06,  6.1539e-06, -3.6979e-06, -1.0736e-06,  1.0839e-06,
         4.1207e-06], device='cuda:0')), ('conv2.lin.weight', tensor([[ 0.0770, -0.1639,  0.1847,  0.2689,  0.2470,  0.0572,  0.0348, -0.3451],
        [ 0.1660,  0.4029, -0.1731,  0.0507,  0.3723, -0.0514,  0.2446,  0.0692],
        [-0.2133,  0.0401, -0.0090, -0.3826, -0.2577,  0.1930, -0.4104,  0.3699],
        [ 0.0853, -0.0838, -0.0405,  0.3255, -0.2518, -0.2529, -0.3441, -0.2577],
        [ 0.0410, -0.1461, -0.1503, -0.2551,  0.1011, -0.0189,  0.4175, -0.3015],
        [ 0.0140,  0.3426, -0.0378,  0.1826, -0.2155, -0.0262,  0.2564,  0.1913],
        [-0.0894,  0.1876, -0.1872, -0.1812, -0.1805, -0.0024, -0.0514,  0.3377],
        [ 0.0133, -0.0438,  0.3566,  0.2729,  0.3488, -0.1109,  0.2234, -0.0332],
        [-0.1812, -0.1179,  0.3849, -0.0766,  0.3121, -0.4678, -0.1588, -0.0471],
        [-0.1511, -0.2049,  0.1080,  0.0545, -0.1054,  0.1257, -0.3393, -0.2154],
        [-0.0063,  0.1572,  0.0466,  0.2993,  0.0973, -0.0595, -0.2333,  0.1698],
        [ 0.0477,  0.0710, -0.3019,  0.0718, -0.2706,  0.0715, -0.1296,  0.3426],
        [ 0.0832, -0.1777,  0.1265,  0.2668,  0.2855,  0.0794, -0.3955, -0.0056],
        [-0.4052, -0.2381, -0.1555,  0.0616, -0.2566,  0.1540, -0.2111, -0.0824],
        [ 0.2029, -0.0468,  0.1653,  0.0796, -0.0071, -0.2017, -0.5137,  0.2441],
        [-0.4283, -0.3783, -0.0279, -0.1420, -0.2303,  0.1624, -0.1316, -0.2047]],
       device='cuda:0')), ('conv2.aggr.t', tensor([1.], device='cuda:0')), ('bn2.weight', tensor([0.8263, 0.7898, 0.7879, 0.6915, 0.7650, 0.8060, 0.8254, 0.8109, 0.7434,
        0.8185, 0.7626, 0.7836, 0.8081, 0.7014, 0.7857, 0.8292],
       device='cuda:0')), ('bn2.bias', tensor([-0.2414,  0.4831, -0.1421, -0.3580,  0.4575, -0.0816, -0.6941,  0.6313,
        -0.6409,  0.8501,  0.2517,  0.3929, -0.1984, -0.3442,  0.8998,  0.4933],
       device='cuda:0')), ('bn2.running_mean', tensor([ 0.1534,  0.4859, -0.3449, -0.3205, -0.0234,  0.2646, -0.0791,  0.3895,
        -0.1394, -0.3176,  0.1464, -0.0644,  0.0572, -0.4453, -0.1130, -0.5368],
       device='cuda:0')), ('bn2.running_var', tensor([0.3009, 0.2168, 0.2991, 0.2085, 0.1978, 0.2230, 0.2199, 0.2803, 0.2438,
        0.1833, 0.1135, 0.1748, 0.4678, 0.1622, 0.2799, 0.2158],
       device='cuda:0')), ('bn2.num_batches_tracked', tensor(47024, device='cuda:0')), ('conv3.bias', tensor([-1.7578e-07, -1.2245e-06,  6.5698e-07,  2.8037e-06, -1.1092e-06,
         2.0640e-06,  1.3326e-06, -3.0190e-06, -7.9188e-07, -1.5384e-06,
        -2.3057e-07, -1.4549e-06,  1.2201e-07, -8.9352e-07,  1.5086e-06,
         7.8716e-07,  2.3965e-06,  1.0863e-06, -2.5927e-06,  9.0991e-07,
         9.8396e-07, -2.1865e-07,  1.3683e-06,  2.8234e-06, -2.4947e-06,
         1.9962e-07, -1.4925e-06, -9.4489e-07,  1.0532e-06, -2.0371e-06,
         3.4709e-06, -1.3017e-07], device='cuda:0')), ('conv3.lin.weight', tensor([[ 7.3983e-02, -3.8386e-02,  3.1882e-02,  1.4787e-01,  2.2483e-01,
         -1.8460e-01,  1.0194e-01,  1.0877e-01, -6.6442e-02, -5.1194e-02,
          1.8978e-01,  2.3939e-02, -2.2644e-01, -1.1907e-01, -1.6343e-03,
          2.1265e-02],
        [-5.4711e-02,  1.0466e-01, -9.9407e-02, -7.3087e-02, -1.1808e-01,
          6.0280e-02, -1.2504e-01,  1.5523e-01, -5.3176e-02,  1.1877e-01,
         -7.6996e-02,  1.3702e-01, -1.3848e-01,  1.3620e-01,  4.3654e-02,
          4.9930e-02],
        [ 9.4314e-02,  2.7092e-02,  9.3191e-02,  1.0698e-01, -2.9412e-01,
          1.0078e-01, -1.2200e-02, -1.4024e-02, -9.4204e-02, -2.0831e-01,
         -2.1580e-01, -6.7464e-02,  2.2466e-01,  2.5213e-03, -7.2908e-02,
          7.3775e-02],
        [-7.3659e-02, -6.4145e-03, -1.0173e-01,  4.7882e-02,  7.5050e-02,
         -5.8539e-02, -3.5177e-02,  1.6337e-01,  4.9979e-02, -1.3089e-01,
          1.3680e-01,  8.2244e-02, -2.6976e-01,  5.9757e-02,  2.1692e-01,
          1.2038e-01],
        [-1.3508e-01, -1.5992e-01, -1.0624e-01, -6.8193e-02,  5.5569e-02,
          1.1987e-01, -1.3940e-01, -2.4288e-02,  5.1329e-02, -1.2148e-01,
          1.7525e-01, -5.3201e-02,  5.1040e-02,  2.1976e-01, -3.0987e-02,
         -1.5839e-01],
        [ 7.8246e-02, -1.8551e-01, -1.5705e-01, -5.6378e-02, -1.3136e-01,
         -1.1181e-01, -6.7380e-02, -2.1079e-01,  7.0634e-02, -2.2997e-01,
         -1.0101e-01,  1.5405e-01,  6.6998e-02, -1.1254e-01, -1.3383e-02,
          6.1348e-02],
        [-7.8520e-02,  1.0465e-01,  1.4174e-02,  1.7530e-02, -9.6109e-04,
         -8.4357e-02,  1.0972e-01,  2.3523e-02, -1.4254e-02, -2.7241e-02,
          1.7825e-01, -1.2281e-01,  7.8553e-02,  1.6430e-01, -1.2487e-01,
         -5.1882e-02],
        [-1.4409e-01,  1.6787e-01,  1.6638e-01, -2.4584e-02,  5.6929e-02,
          1.5799e-01, -2.2131e-01,  7.3141e-03,  5.1767e-02,  2.1317e-01,
         -2.8426e-02,  1.0110e-01,  9.6449e-02,  2.7939e-02, -5.3056e-03,
          3.7149e-02],
        [-2.1969e-01, -1.2235e-01,  7.7705e-03, -1.7562e-01,  1.5323e-01,
         -4.9035e-02,  3.7479e-02,  1.1846e-01, -1.8204e-01, -4.4212e-03,
          1.6362e-01, -1.2136e-01,  1.5292e-01,  7.6813e-02, -8.6881e-03,
         -8.2256e-02],
        [-1.5811e-02,  5.5483e-02, -2.1510e-02,  1.0221e-01, -1.8627e-01,
         -1.1040e-01,  3.1725e-01,  8.0719e-02,  1.1113e-02,  1.3392e-01,
         -6.7402e-02, -9.8972e-02,  2.1570e-01, -9.0349e-03, -3.7493e-01,
         -1.0412e-01],
        [ 8.4239e-02,  9.8121e-02,  2.0027e-01,  5.6160e-02,  1.0292e-02,
         -1.3741e-01, -1.2304e-01,  1.2341e-01,  1.0718e-01, -8.9176e-02,
         -2.3846e-02,  1.9295e-01, -1.0988e-01,  1.8342e-02, -4.4866e-02,
          1.3097e-01],
        [ 1.5671e-01, -1.7386e-01, -6.1104e-02,  2.7678e-02, -1.4718e-01,
         -1.3466e-01,  1.7189e-01,  8.2217e-02,  8.2126e-02, -4.4087e-02,
         -1.1390e-01,  1.5367e-01,  5.9179e-02,  1.8847e-01, -2.4289e-01,
         -2.4519e-01],
        [-8.8777e-02,  1.1564e-01,  1.2366e-02,  5.9002e-02,  1.1893e-01,
         -3.5434e-02, -1.4892e-01,  3.9612e-02,  3.7266e-03,  1.7988e-01,
          1.4563e-01,  2.0848e-01, -1.4892e-01, -1.1550e-01, -5.7827e-02,
          1.5796e-01],
        [ 1.4228e-02, -5.7161e-03,  4.4519e-05, -5.3858e-02,  1.0337e-01,
         -9.3101e-02,  4.3791e-02, -1.2007e-01, -6.4212e-02, -2.1350e-01,
          2.3797e-01, -4.9796e-02,  4.0657e-03, -7.7643e-02,  1.4058e-01,
          1.2943e-01],
        [-5.6202e-03, -1.5773e-01,  1.6332e-01,  8.8658e-02,  2.3429e-01,
          2.6176e-01, -1.8068e-01, -2.3941e-01,  1.0135e-02,  2.0398e-01,
          2.1805e-01, -5.1404e-02,  1.1246e-01, -2.4557e-01, -2.3180e-01,
         -1.4749e-01],
        [ 2.4397e-01,  6.5640e-02, -1.2061e-02,  1.1874e-01,  9.0876e-03,
         -1.1775e-01,  2.0187e-01, -8.8291e-02,  6.4621e-02,  1.2165e-01,
         -3.1034e-02,  7.9695e-02, -1.1442e-01,  2.6194e-02, -7.2356e-02,
         -1.0164e-01],
        [ 2.3587e-02, -7.9260e-02, -1.9346e-01, -1.0635e-01, -1.5406e-01,
          5.9082e-02,  2.2263e-01,  1.4127e-01,  1.8779e-02,  1.3467e-01,
         -1.1858e-01,  9.7905e-02,  1.4837e-01,  1.9730e-02, -1.4444e-01,
          2.1704e-02],
        [ 2.0223e-01, -4.3878e-02, -3.2895e-02, -1.6333e-01,  5.8800e-02,
          7.9129e-02,  1.1753e-01,  4.7744e-03,  1.0875e-01,  1.8242e-01,
         -1.1059e-01, -5.0818e-02, -1.4240e-01,  1.6474e-01,  9.4021e-02,
         -2.1253e-01],
        [-2.3611e-02,  1.9075e-01,  1.6265e-01,  6.5464e-03,  3.1823e-02,
          2.0658e-01, -3.2095e-01,  2.1113e-02,  5.0653e-02,  2.1718e-01,
         -4.9408e-02,  4.8769e-02, -2.5918e-01,  1.5775e-01,  1.8437e-01,
         -7.8413e-02],
        [-2.4839e-01,  1.4740e-01, -2.5806e-01, -1.5799e-01, -1.7446e-01,
         -6.2250e-02,  7.7399e-02, -1.3646e-01, -5.5399e-02,  9.2261e-02,
         -3.0300e-03, -1.6521e-01,  2.2560e-01, -8.0578e-02, -1.2074e-01,
          2.2066e-01],
        [ 7.8314e-05,  8.0567e-02,  8.7110e-02,  1.3961e-01, -1.3863e-01,
         -1.7353e-01,  1.1349e-01,  8.8451e-02,  7.2209e-02, -4.0071e-02,
          2.8504e-02, -1.0687e-01, -7.4662e-02,  8.2682e-02, -1.7501e-01,
         -4.2049e-02],
        [-2.3112e-01, -2.1845e-01,  1.6106e-01, -6.6713e-02,  1.1375e-01,
         -1.6675e-01, -1.3496e-01,  1.2662e-01, -6.2376e-02, -2.4834e-01,
          8.8873e-02, -3.2246e-02,  1.2826e-01,  1.6095e-01, -1.7774e-02,
         -2.4699e-01],
        [-5.2014e-02,  2.2715e-01,  1.0285e-01,  6.8032e-02,  1.1149e-01,
          1.9120e-01,  1.0387e-01,  1.5453e-02, -9.0662e-02,  1.9120e-01,
         -8.1968e-02, -2.6547e-01,  1.3753e-01, -1.1741e-01,  8.9739e-02,
          1.5649e-01],
        [ 2.5329e-02, -1.3479e-01, -1.3889e-01,  1.8993e-02, -1.6002e-01,
          1.2121e-01,  2.2292e-02, -1.7613e-02,  1.1905e-01, -3.2471e-03,
         -1.9765e-01,  2.6139e-02,  8.4673e-02,  3.1078e-02, -5.3398e-02,
         -4.9146e-02],
        [ 3.0479e-02,  6.3359e-02,  6.1268e-02,  5.6385e-02, -1.7357e-01,
          1.4194e-02, -1.2584e-01, -1.7329e-01, -1.0812e-01, -1.0738e-01,
         -8.8114e-02, -1.0702e-01,  1.5297e-01, -8.2007e-02, -1.4293e-01,
          1.4944e-01],
        [-4.1015e-02,  1.6981e-01, -1.1763e-01, -1.7404e-01,  1.5054e-01,
         -1.8207e-01, -2.8057e-01,  3.4145e-01, -3.8638e-01,  3.5870e-01,
          1.2233e-01,  1.9734e-01, -1.3102e-02, -1.6038e-01,  4.0064e-01,
          1.4056e-01],
        [-1.2745e-02, -1.2384e-01, -2.9479e-01, -7.5296e-02,  4.0575e-02,
         -1.8730e-01,  1.6899e-01,  4.7733e-02,  1.2409e-01,  2.7129e-02,
          7.2942e-02,  2.0054e-01, -5.0201e-02,  1.0563e-01, -9.2305e-02,
         -4.2666e-02],
        [-1.3966e-02,  7.4662e-02,  2.0124e-01,  1.5909e-01, -1.9068e-01,
          8.5953e-02, -1.7179e-01, -1.1535e-02,  2.8398e-02, -1.1961e-01,
         -1.2950e-01, -1.3885e-01, -2.3208e-02, -2.1488e-02,  7.5795e-03,
          2.9342e-02],
        [ 2.6718e-01, -5.7743e-02,  4.5646e-03,  4.3790e-02, -1.2929e-01,
         -1.5394e-01,  8.0982e-03, -3.9512e-02, -4.3911e-02, -2.0813e-01,
          2.6112e-02,  1.1871e-01, -1.8087e-01,  6.3308e-02, -4.9473e-02,
         -1.1746e-01],
        [ 1.2461e-01, -1.3997e-01,  2.7645e-01,  1.1491e-01,  5.0427e-02,
          1.4960e-02, -6.3254e-02, -4.8836e-02, -1.1936e-01, -2.9160e-02,
         -1.0411e-01, -1.4491e-01,  5.6674e-02,  5.7588e-02, -1.1892e-01,
         -3.7734e-01],
        [-4.3461e-02,  1.8656e-01, -6.4371e-02,  8.8479e-02, -2.0540e-03,
          7.6309e-02, -8.1361e-02,  3.6797e-02,  5.4518e-02,  1.5549e-01,
          2.7101e-02,  1.2094e-01, -3.8012e-02,  9.7557e-02, -1.0331e-01,
          3.2895e-02],
        [ 9.5717e-02,  1.3493e-01, -4.3250e-02,  4.1223e-02, -1.4972e-01,
         -1.7543e-01, -3.5128e-02, -1.5268e-01,  3.6462e-02, -3.1463e-01,
          1.2520e-01, -2.0523e-01, -2.2396e-01,  1.7525e-01,  7.9812e-02,
          5.3099e-02]], device='cuda:0')), ('bn3.weight', tensor([1., 1., 1., 1., 1., 1., 1., 1., 1., 1., 1., 1., 1., 1., 1., 1., 1., 1.,
        1., 1., 1., 1., 1., 1., 1., 1., 1., 1., 1., 1., 1., 1.],
       device='cuda:0')), ('bn3.bias', tensor([0., 0., 0., 0., 0., 0., 0., 0., 0., 0., 0., 0., 0., 0., 0., 0., 0., 0., 0., 0., 0., 0., 0., 0.,
        0., 0., 0., 0., 0., 0., 0., 0.], device='cuda:0')), ('bn3.running_mean', tensor([0., 0., 0., 0., 0., 0., 0., 0., 0., 0., 0., 0., 0., 0., 0., 0., 0., 0., 0., 0., 0., 0., 0., 0.,
        0., 0., 0., 0., 0., 0., 0., 0.], device='cuda:0')), ('bn3.running_var', tensor([1., 1., 1., 1., 1., 1., 1., 1., 1., 1., 1., 1., 1., 1., 1., 1., 1., 1.,
        1., 1., 1., 1., 1., 1., 1., 1., 1., 1., 1., 1., 1., 1.],
       device='cuda:0')), ('bn3.num_batches_tracked', tensor(0, device='cuda:0'))])