OrderedDict([('conv1.bias', tensor([ 1.8478e-06,  1.1194e-05,  4.7517e-06, -7.6405e-06,  1.7482e-05,
        -1.4278e-05, -1.0281e-05,  5.1895e-06], device='cuda:0')), ('conv1.lin.weight', tensor([[ 1.2792e-01,  2.7648e-01, -1.5041e-01,  7.2784e-02, -5.4262e-03,
         -1.0270e-01, -1.7250e-42,  7.9194e-07,  1.3733e-42,  1.6130e-39,
          1.9513e-01],
        [-3.9622e-01, -2.3326e-01,  9.1610e-02,  2.8818e-01,  7.4517e-03,
         -1.8357e-01,  2.0319e-42, -2.2617e-42, -1.4265e-42, -2.4907e-07,
          3.2481e-01],
        [-1.4286e-01, -1.1783e-01, -6.3076e-02,  8.5086e-02,  2.8237e-02,
          3.2335e-01,  3.3491e-43, -2.4214e-42, -3.0436e-42,  1.4055e-42,
         -6.5765e-04],
        [-2.1631e-01, -2.3977e-04, -6.9958e-02,  7.0536e-02, -4.4976e-05,
         -1.9481e-01, -2.2841e-43,  1.2233e-21,  1.7404e-42,  3.4318e-42,
          4.0354e-01],
        [-1.9253e-01,  3.0592e-02,  1.6392e-01, -4.4398e-01,  8.2215e-02,
          5.0917e-02, -4.1030e-42,  1.3733e-42,  3.7200e-13,  1.6353e-42,
         -3.7223e-01],
        [-5.0851e-01, -2.3849e-01,  4.1800e-01,  7.4899e-02,  4.4390e-03,
         -1.4697e-01, -2.8390e-42,  5.3838e-09,  2.3967e-06,  2.7171e-42,
          1.9834e-01],
        [-3.5730e-01,  3.9702e-01, -1.0766e-01,  1.0321e-01, -3.2128e-03,
         -1.9571e-01,  1.2752e-42, -8.3549e-18,  3.4458e-42,  1.3150e-10,
          2.9111e-01],
        [-2.7514e-02,  8.9629e-02, -9.4709e-02,  1.1532e-02,  2.8675e-03,
         -7.2039e-02, -1.0734e-42,  1.6869e-18, -1.8693e-42, -9.8497e-42,
          7.4255e-02]], device='cuda:0')), ('conv1.aggr.t', tensor([1.], device='cuda:0')), ('bn1.weight', tensor([0.7048, 0.6794, 0.7853, 0.7760, 0.8532, 0.8281, 0.8648, 0.7294],
       device='cuda:0')), ('bn1.bias', tensor([-0.2371, -0.3294, -0.0230, -0.1505,  0.0286, -0.2060,  0.0885,  0.0207],
       device='cuda:0')), ('bn1.running_mean', tensor([-0.1074, -0.7502,  1.1270, -0.5943, -0.1337, -0.7389, -0.5736, -0.2111],
       device='cuda:0')), ('bn1.running_var', tensor([0.0417, 0.0686, 0.3972, 0.1050, 0.0308, 0.0366, 0.0738, 0.0148],
       device='cuda:0')), ('bn1.num_batches_tracked', tensor(47024, device='cuda:0')), ('conv2.bias', tensor([-1.0444e-07,  9.2711e-06,  7.4540e-07, -2.1300e-05,  8.2332e-06,
         3.7654e-06,  4.2438e-06, -1.7343e-06, -9.8049e-06,  2.6761e-06,
        -2.3206e-07,  2.4831e-07,  6.7731e-06, -6.7743e-06,  4.5513e-06,
         1.8523e-06], device='cuda:0')), ('conv2.lin.weight', tensor([[-6.9780e-02, -3.4695e-01,  2.2071e-01, -2.3805e-01, -4.2970e-01,
         -3.4820e-02,  2.4170e-01, -1.4171e-01],
        [ 2.7222e-01, -1.9621e-01, -2.1825e-01, -1.5474e-04, -1.8791e-01,
         -3.8632e-01, -6.2600e-02, -2.6948e-01],
        [-3.1690e-01,  2.3507e-01,  1.9750e-01,  1.9980e-01, -2.0833e-01,
          1.0047e-01,  2.3696e-02,  4.6177e-02],
        [ 6.5466e-03,  3.2997e-03, -2.7768e-01, -1.7265e-01,  2.6694e-01,
         -2.7496e-01, -3.3473e-01, -1.6286e-01],
        [ 2.5310e-02,  2.1682e-01,  4.0199e-01, -2.6521e-01, -3.4744e-01,
          4.0831e-01,  2.2412e-01, -1.2559e-02],
        [ 3.6699e-01,  4.1800e-01, -6.3502e-02,  1.1831e-01, -1.1738e-01,
         -1.1231e-01,  1.4835e-01, -5.3077e-02],
        [-2.0780e-02, -6.4944e-02, -1.6244e-01, -1.2496e-01, -2.1812e-01,
         -3.8397e-01, -2.5157e-01,  8.9735e-02],
        [-2.4834e-01,  6.6329e-02,  1.4430e-01,  4.3243e-02,  2.5047e-01,
          1.5221e-01, -1.3962e-01, -2.0265e-01],
        [ 1.4593e-01,  3.0852e-02,  4.1776e-02,  2.0685e-01, -2.1502e-01,
          1.3402e-01,  3.3250e-01,  1.2580e-01],
        [-1.4107e-01, -9.5332e-02,  2.8965e-01,  2.6705e-01, -3.8336e-01,
         -6.7490e-02,  2.8483e-01,  4.4984e-02],
        [-2.5046e-01, -4.4730e-02,  1.5821e-01, -4.3171e-01, -1.8182e-01,
         -2.9858e-01,  2.4418e-01, -1.5062e-01],
        [-1.3574e-01,  3.6492e-01, -1.9749e-01,  2.5193e-01, -3.8146e-02,
          1.3378e-01, -1.6647e-01,  1.0545e-01],
        [ 1.0999e-01, -1.5257e-02, -2.9346e-01,  2.3872e-01, -3.6920e-01,
         -2.3102e-01, -1.4458e-01, -2.5033e-01],
        [-2.0813e-01, -3.7792e-01, -3.2263e-01,  2.2279e-01, -1.0103e-01,
         -1.3701e-01, -2.6270e-01, -5.7272e-02],
        [ 1.4583e-01,  2.5986e-01,  9.9100e-02,  3.7972e-01, -2.8482e-01,
          2.4477e-01, -4.3766e-01,  5.1971e-02],
        [ 1.0736e-01, -1.9365e-01,  1.5475e-01, -2.6408e-01,  1.1055e-01,
         -2.1155e-01,  2.3713e-01, -1.7222e-01]], device='cuda:0')), ('conv2.aggr.t', tensor([1.], device='cuda:0')), ('bn2.weight', tensor([0.7232, 0.6376, 0.8121, 0.8395, 0.8136, 0.8804, 0.7295, 0.8102, 0.8599,
        0.8106, 0.7648, 0.8338, 0.7994, 0.6409, 0.7555, 0.7748],
       device='cuda:0')), ('bn2.bias', tensor([-0.2923,  0.0504, -0.1837,  0.5853,  0.2089, -0.3711,  0.0890,  0.2160,
         0.5654,  0.4325,  0.1677,  0.2523, -0.0793, -0.0460,  0.1745,  0.3728],
       device='cuda:0')), ('bn2.running_mean', tensor([-0.1203, -0.2945,  0.0649, -0.2565,  0.1491,  0.0647, -0.2947,  0.0380,
         0.1836,  0.0968, -0.1487, -0.0077, -0.3229, -0.2916, -0.0208,  0.0165],
       device='cuda:0')), ('bn2.running_var', tensor([0.1015, 0.0565, 0.0362, 0.1189, 0.1145, 0.0591, 0.0648, 0.0880, 0.1140,
        0.1156, 0.0708, 0.0474, 0.1264, 0.0600, 0.0990, 0.0591],
       device='cuda:0')), ('bn2.num_batches_tracked', tensor(47024, device='cuda:0')), ('conv3.bias', tensor([ 1.1735e-06,  8.7532e-07, -2.4156e-06, -3.1265e-06, -3.0048e-06,
         4.0495e-08,  6.2253e-07,  1.4062e-06, -1.0128e-06,  3.4941e-07,
        -5.2944e-08,  4.7265e-08,  3.5272e-07, -4.6474e-07,  1.9832e-06,
        -1.2965e-06,  4.0923e-06,  4.9395e-09,  4.4802e-07, -5.0323e-06,
         5.9980e-07, -3.6182e-06,  2.4160e-06, -4.9783e-06, -2.0847e-06,
        -9.4092e-07, -4.7921e-07,  1.8441e-06,  1.9329e-06,  6.1402e-07,
        -1.0857e-06, -4.7807e-06], device='cuda:0')), ('conv3.lin.weight', tensor([[ 0.0015, -0.0327,  0.1071, -0.1672, -0.2835, -0.0749, -0.0932, -0.2840,
         -0.1223, -0.0163,  0.0542, -0.1473, -0.0025,  0.0742,  0.2200,  0.1153],
        [ 0.2091,  0.1324, -0.0344,  0.1134, -0.0896, -0.0955, -0.1501,  0.0267,
          0.2236, -0.1697, -0.0343,  0.0332, -0.1538, -0.0589,  0.3122,  0.0214],
        [-0.0525, -0.1754, -0.1792,  0.1615,  0.1099, -0.0877,  0.0349,  0.0756,
          0.2649,  0.1935, -0.0509,  0.0438,  0.1981,  0.1365, -0.0489,  0.2284],
        [ 0.1065, -0.0848, -0.0310,  0.0754,  0.1865,  0.1191,  0.0771,  0.1756,
          0.1328, -0.0531, -0.1202, -0.0890,  0.0767,  0.0618, -0.1459,  0.0406],
        [-0.1590, -0.1081, -0.1648, -0.1398, -0.0745,  0.0384,  0.1469,  0.0870,
          0.1585,  0.1841,  0.1103, -0.0960, -0.1165,  0.0973,  0.0323,  0.0121],
        [-0.1446,  0.1788,  0.0485, -0.1527, -0.1242, -0.0093,  0.1052,  0.1436,
          0.0449,  0.1988, -0.0825, -0.1021, -0.1854, -0.0256,  0.0380, -0.0279],
        [-0.0718,  0.0362, -0.0832, -0.2172,  0.0282, -0.0290, -0.0162,  0.2060,
          0.1285,  0.0574, -0.0717,  0.0498,  0.0579,  0.1791, -0.0525,  0.2232],
        [-0.1796,  0.1289,  0.0843, -0.0435,  0.0781, -0.0566,  0.1820,  0.2016,
         -0.0641,  0.2026, -0.0751,  0.1870,  0.0870, -0.2461, -0.0633,  0.1443],
        [ 0.0622,  0.1656,  0.2410,  0.1310, -0.2831, -0.4356,  0.0280,  0.0954,
         -0.0348, -0.0750,  0.1220, -0.2641, -0.0926, -0.0785,  0.0948,  0.1313],
        [ 0.1048, -0.1494, -0.0360, -0.2312,  0.1362,  0.0845,  0.0732, -0.0145,
         -0.1423, -0.2717, -0.1580,  0.0172,  0.0515,  0.0690, -0.0931,  0.1198],
        [ 0.1378,  0.1467, -0.2026, -0.1246,  0.0082, -0.1000, -0.1465, -0.1111,
         -0.1782,  0.0817, -0.0017, -0.1051, -0.1681, -0.0319,  0.1897, -0.2576],
        [-0.3382,  0.0574, -0.1741,  0.0683,  0.1730,  0.1130,  0.1010,  0.1100,
          0.1301,  0.1934,  0.1339, -0.0819, -0.1304,  0.0219,  0.1795,  0.0483],
        [-0.1548, -0.0656, -0.0041,  0.2515,  0.1674, -0.0417,  0.0649,  0.0275,
          0.1622,  0.0979,  0.1912,  0.2496, -0.0437, -0.0392, -0.1439, -0.0050],
        [-0.0445, -0.0436,  0.2189, -0.2609, -0.0788, -0.0092,  0.0454, -0.1003,
         -0.1220, -0.2016,  0.0896, -0.0434, -0.0694,  0.0388, -0.1080, -0.0791],
        [-0.0497, -0.0556, -0.2911, -0.0372,  0.0614,  0.1103,  0.2194,  0.2246,
          0.1557,  0.2091, -0.1510,  0.0463, -0.0871,  0.0706,  0.1468,  0.2996],
        [ 0.1240,  0.1851, -0.2495, -0.1365, -0.1890, -0.1125, -0.1051,  0.2195,
          0.1988,  0.0610,  0.0086, -0.0086, -0.1259, -0.0725,  0.1225, -0.2217],
        [ 0.0471,  0.0641,  0.3022, -0.2773, -0.1519,  0.1215, -0.0706,  0.0384,
         -0.1824, -0.2755,  0.0503,  0.0410,  0.0008,  0.0557, -0.1435,  0.0227],
        [-0.0421,  0.0723, -0.0462, -0.1352,  0.0398,  0.1912,  0.0388,  0.0472,
         -0.1886, -0.0457,  0.1273,  0.0738, -0.2951,  0.0164, -0.0789, -0.2285],
        [-0.0099, -0.0510, -0.1926,  0.1894,  0.0768, -0.0729, -0.0912, -0.1353,
         -0.0603,  0.1608,  0.1812,  0.1355,  0.0952, -0.0864,  0.2036,  0.0557],
        [ 0.0283,  0.0847, -0.1190, -0.2035, -0.0479, -0.1468, -0.0343, -0.1994,
          0.0196, -0.0371, -0.1192, -0.1390, -0.1939,  0.1365,  0.1732,  0.0481],
        [ 0.0925,  0.0697,  0.1054,  0.1768,  0.1445, -0.1607, -0.0637,  0.0790,
          0.1400, -0.0479, -0.1865,  0.2093,  0.0746,  0.0063,  0.0323,  0.2478],
        [-0.1219,  0.0767,  0.0546, -0.0157, -0.1547,  0.0886,  0.0727,  0.0132,
         -0.1329,  0.1322,  0.0453,  0.1979, -0.0993, -0.1478,  0.1824,  0.2275],
        [-0.0106,  0.0050, -0.1019, -0.0317, -0.0798,  0.1168,  0.1446,  0.2291,
          0.0881,  0.0258,  0.0072,  0.0303, -0.0081, -0.1515, -0.1442, -0.1396],
        [ 0.0292, -0.0011,  0.0608, -0.2224, -0.1982, -0.2161, -0.0454,  0.0748,
          0.1692, -0.0511,  0.1179, -0.0470,  0.0586, -0.0232, -0.0789, -0.1735],
        [-0.0007, -0.0637, -0.0456,  0.1832,  0.1095, -0.1610, -0.1756,  0.0058,
          0.3080, -0.1251,  0.2337,  0.1736,  0.1488,  0.0207,  0.1038,  0.1395],
        [-0.1104, -0.1732, -0.1704,  0.2181,  0.1633,  0.0773,  0.1228,  0.1516,
          0.2777,  0.0402,  0.1970, -0.1460, -0.0933, -0.0533,  0.0771, -0.2838],
        [ 0.1139, -0.1206, -0.1591, -0.3055,  0.0335,  0.2310,  0.0509,  0.2181,
         -0.1969, -0.1624, -0.0367, -0.2175,  0.1562,  0.0299,  0.0081, -0.1658],
        [ 0.0734, -0.0439, -0.0106, -0.0793, -0.1083,  0.1775,  0.0966,  0.0468,
          0.0019, -0.1433, -0.0540, -0.2407,  0.1329, -0.0931,  0.0215,  0.0042],
        [ 0.0589, -0.0192, -0.0567,  0.1952,  0.1481, -0.1442, -0.1162,  0.1683,
          0.3401, -0.0110,  0.0099,  0.1137,  0.0473,  0.0818, -0.0254,  0.0214],
        [ 0.0132, -0.1458, -0.1660,  0.1148,  0.1200, -0.1065,  0.0616,  0.0006,
          0.1478,  0.0657, -0.0989, -0.1366,  0.1684,  0.0875, -0.1751, -0.1654],
        [ 0.2354, -0.0499,  0.1509, -0.1208, -0.1786,  0.1598, -0.0751,  0.0979,
         -0.1733, -0.2222, -0.0870, -0.1716,  0.2144, -0.0556, -0.0433, -0.1124],
        [-0.0213, -0.1759, -0.2440, -0.0351,  0.1933,  0.1235,  0.1426,  0.0028,
         -0.1238,  0.0318,  0.0421, -0.1901,  0.0470, -0.0796,  0.0104, -0.2209]],
       device='cuda:0')), ('bn3.weight', tensor([1., 1., 1., 1., 1., 1., 1., 1., 1., 1., 1., 1., 1., 1., 1., 1., 1., 1.,
        1., 1., 1., 1., 1., 1., 1., 1., 1., 1., 1., 1., 1., 1.],
       device='cuda:0')), ('bn3.bias', tensor([0., 0., 0., 0., 0., 0., 0., 0., 0., 0., 0., 0., 0., 0., 0., 0., 0., 0., 0., 0., 0., 0., 0., 0.,
        0., 0., 0., 0., 0., 0., 0., 0.], device='cuda:0')), ('bn3.running_mean', tensor([0., 0., 0., 0., 0., 0., 0., 0., 0., 0., 0., 0., 0., 0., 0., 0., 0., 0., 0., 0., 0., 0., 0., 0.,
        0., 0., 0., 0., 0., 0., 0., 0.], device='cuda:0')), ('bn3.running_var', tensor([1., 1., 1., 1., 1., 1., 1., 1., 1., 1., 1., 1., 1., 1., 1., 1., 1., 1.,
        1., 1., 1., 1., 1., 1., 1., 1., 1., 1., 1., 1., 1., 1.],
       device='cuda:0')), ('bn3.num_batches_tracked', tensor(0, device='cuda:0'))])