OrderedDict([('conv1.bias', tensor([-3.5974e-06, -1.0043e-07,  1.6834e-06, -1.8946e-07,  1.2639e-06,
        -3.5825e-07,  8.4821e-07,  1.8419e-08], device='cuda:0')), ('conv1.lin.weight', tensor([[ 2.0691e-01,  7.5914e-02, -1.5710e-01, -2.3137e-01,  3.5490e-04,
         -1.9411e-01, -2.7103e-13,  1.9156e-42, -5.2556e-20,  2.0949e-42,
          7.5809e-02],
        [ 6.0359e-03, -2.1413e-02,  3.8013e-01,  2.1037e-01,  1.5398e-03,
          3.7444e-02,  4.4253e-42,  6.2330e-42,  3.7086e-25,  1.6591e-42,
         -7.9610e-02],
        [ 1.1970e-01,  1.3816e-01,  1.2706e-01,  1.4186e-01,  3.9040e-03,
         -1.9335e-01,  2.8124e-42,  5.4511e-43,  6.4165e-42,  4.9842e-15,
         -8.8259e-02],
        [-1.6446e-01,  2.3120e-01, -3.7031e-01,  3.2491e-01,  3.0884e-03,
         -2.1821e-01,  1.2131e-41, -3.9797e-42, -1.0528e-11, -1.5751e-42,
         -1.4586e-01],
        [-1.4573e-01,  2.1349e-01, -1.1677e-02, -8.8859e-02, -4.9851e-04,
         -2.2607e-01, -5.8855e-44, -6.4684e-42,  1.3088e-42, -3.0184e-42,
          1.4047e-01],
        [ 1.5253e-01, -1.5590e-01, -1.1436e-01, -9.7519e-02,  1.9917e-04,
         -1.4861e-01, -2.1678e-42, -1.6115e-43, -4.9732e-42, -2.7325e-43,
          7.2842e-02],
        [ 4.9168e-02, -1.0351e-01, -4.1313e-02, -5.2598e-02, -1.1821e-03,
         -2.4576e-01, -9.1925e-43, -1.3733e-42, -4.6803e-42,  2.1700e-27,
          1.9598e-01],
        [ 1.6770e-01,  2.4140e-01, -7.9359e-02, -3.8640e-02, -4.6384e-04,
         -1.9125e-01,  8.6586e-42,  6.2162e-42, -9.3975e-10, -1.0622e-12,
         -1.6197e-01]], device='cuda:0')), ('conv1.aggr.t', tensor([1.], device='cuda:0')), ('bn1.weight', tensor([0.6525, 0.7371, 0.9384, 0.8464, 0.6402, 0.6411, 0.7065, 0.8595],
       device='cuda:0')), ('bn1.bias', tensor([ 0.1547, -0.0030,  0.1881,  0.0244,  0.1297,  0.1295,  0.1976,  0.2119],
       device='cuda:0')), ('bn1.running_mean', tensor([-0.5410,  0.1163, -0.6007, -0.8197, -0.7075, -0.4787, -0.7733, -0.5958],
       device='cuda:0')), ('bn1.running_var', tensor([3.0759, 0.1770, 2.9618, 3.8493, 4.0004, 1.8351, 4.7625, 3.0556],
       device='cuda:0')), ('bn1.num_batches_tracked', tensor(47024, device='cuda:0')), ('conv2.bias', tensor([-1.7472e-06,  1.1583e-05, -2.2656e-06,  5.4604e-06,  6.2645e-06,
        -2.7668e-06,  6.0270e-07, -7.2171e-06,  2.1142e-05,  1.4179e-05,
        -2.0733e-06, -2.2486e-06,  1.4572e-05,  1.3754e-06, -5.2052e-06,
        -1.0164e-05], device='cuda:0')), ('conv2.lin.weight', tensor([[-0.0728, -0.2395, -0.0200,  0.0859,  0.2358,  0.1268,  0.1268, -0.4930],
        [-0.2193,  0.0742,  0.2476,  0.2244, -0.3137,  0.0692,  0.1575,  0.4152],
        [-0.3662,  0.0519, -0.2543, -0.3819, -0.2348,  0.1765,  0.1928,  0.0889],
        [ 0.2677, -0.1782,  0.0701,  0.1231,  0.0031,  0.0200,  0.1475,  0.0931],
        [-0.0351, -0.1808, -0.1047, -0.2356,  0.1755,  0.2456,  0.3600, -0.3513],
        [-0.0522,  0.0373, -0.1555,  0.1732,  0.3247, -0.0606,  0.2770, -0.4127],
        [ 0.1325, -0.0807,  0.2571, -0.0036,  0.1056, -0.1763, -0.1783,  0.1970],
        [-0.1203,  0.2347,  0.1765,  0.0076,  0.0350,  0.1477, -0.1893,  0.2333],
        [ 0.1537,  0.1484, -0.0097,  0.3532,  0.2380,  0.3242, -0.1015,  0.0579],
        [ 0.3771, -0.0497,  0.1660, -0.0780, -0.0461,  0.1462, -0.2878,  0.1603],
        [-0.2012,  0.2815, -0.3326,  0.1002, -0.1146, -0.2195,  0.1129, -0.1662],
        [ 0.0416, -0.3154,  0.0241, -0.2531, -0.1117, -0.0953,  0.2860, -0.0613],
        [ 0.2336,  0.0862,  0.3049, -0.2288,  0.1539, -0.1925,  0.1608,  0.1582],
        [-0.2198, -0.2372, -0.2019, -0.2085,  0.2748, -0.0306,  0.4821, -0.1635],
        [-0.1070,  0.2889, -0.0157,  0.0603, -0.0155,  0.0185, -0.1955, -0.0118],
        [-0.1698,  0.0588, -0.1547, -0.1188, -0.3641, -0.0675,  0.1134, -0.1778]],
       device='cuda:0')), ('conv2.aggr.t', tensor([1.], device='cuda:0')), ('bn2.weight', tensor([0.7385, 0.6998, 0.7058, 0.8071, 0.7756, 0.7817, 0.6645, 0.7397, 0.7128,
        0.7083, 0.6926, 0.6838, 0.6776, 0.7861, 0.7094, 0.8345],
       device='cuda:0')), ('bn2.bias', tensor([ 0.2847, -0.3687, -0.2084,  0.3948, -0.3931, -0.4183,  0.0116,  0.4637,
         0.3242, -0.1625,  0.0424,  0.3743,  0.0724,  0.5382,  0.3792,  0.4415],
       device='cuda:0')), ('bn2.running_mean', tensor([-0.1137,  0.2679, -0.2212,  0.2010, -0.0560, -0.0226,  0.1256,  0.1699,
         0.3184,  0.1448, -0.2327, -0.0987,  0.2621, -0.0885, -0.0320, -0.2894],
       device='cuda:0')), ('bn2.running_var', tensor([0.0992, 0.0961, 0.0883, 0.0698, 0.1050, 0.0850, 0.0528, 0.0616, 0.0628,
        0.0684, 0.1555, 0.0822, 0.0687, 0.1229, 0.0708, 0.0743],
       device='cuda:0')), ('bn2.num_batches_tracked', tensor(47024, device='cuda:0')), ('conv3.bias', tensor([ 1.6106e-07,  8.9403e-07, -6.6257e-07,  1.1162e-06,  3.0860e-06,
         6.6963e-07,  1.3939e-06,  3.3237e-07, -1.4296e-06, -9.4916e-07,
        -3.6263e-06,  1.5101e-06,  6.4115e-07, -1.2471e-06, -3.5924e-06,
        -4.9951e-07,  1.8294e-06,  3.3121e-07, -1.1032e-06,  1.8613e-06,
         3.3528e-06,  8.8536e-07,  3.7975e-06,  8.9776e-07,  7.4850e-07,
        -1.6728e-06, -8.4731e-07, -1.6527e-06, -1.4259e-06,  1.5106e-06,
         2.9558e-06,  6.8293e-07], device='cuda:0')), ('conv3.lin.weight', tensor([[ 1.3696e-01, -3.7681e-02, -1.2504e-01,  1.4265e-01,  3.7325e-02,
         -1.8691e-01,  3.5513e-02,  1.2159e-01,  1.5719e-01, -1.1269e-01,
         -9.6155e-02,  7.2252e-02,  4.2067e-02,  1.8426e-01,  2.4863e-01,
          2.9424e-01],
        [ 5.6077e-02, -4.4633e-02,  1.2958e-01, -1.8518e-01, -1.6521e-01,
          1.3825e-01,  1.6014e-01,  1.0376e-01, -2.7166e-02, -6.8456e-02,
         -1.4513e-01, -8.5921e-02, -1.0514e-01, -2.8072e-02, -2.5511e-01,
         -5.2797e-02],
        [-9.5044e-02,  8.1260e-02, -5.9135e-02,  1.2857e-01, -1.5024e-01,
          2.5986e-01, -2.6346e-02,  4.6121e-02, -6.2723e-02, -2.1459e-02,
          1.8858e-02,  3.0125e-01, -1.4851e-03, -2.3324e-03,  1.8788e-01,
         -2.6622e-02],
        [-2.6302e-01, -1.1233e-01, -6.6974e-02,  1.7252e-01, -8.4026e-02,
          1.1688e-01, -8.1591e-02, -2.9057e-02, -1.1120e-01,  4.0881e-02,
          1.3265e-01,  1.2896e-01, -9.7581e-02,  1.2225e-01,  1.7130e-01,
         -1.8121e-01],
        [-1.3619e-01,  1.6969e-01, -2.1545e-02, -1.0317e-01,  9.8616e-02,
          1.7497e-01, -6.7649e-02, -2.2453e-01, -1.1241e-01,  2.6858e-01,
          1.1198e-01, -4.8612e-02,  1.3063e-01,  4.0494e-02,  1.5500e-01,
         -1.0408e-01],
        [ 1.0768e-01, -2.1195e-02,  1.1720e-01, -1.1878e-01, -9.3124e-02,
         -6.0603e-02,  9.3596e-03, -1.6845e-02,  1.1636e-01,  5.8354e-02,
         -5.9342e-02,  1.6834e-01,  4.8027e-03,  1.5169e-01,  9.2627e-02,
         -8.1108e-02],
        [-6.9199e-02,  1.6403e-01, -2.4746e-02, -1.1148e-01,  1.2055e-01,
         -1.0554e-01, -2.6531e-02, -1.9261e-01,  4.2966e-02, -5.7919e-02,
          6.4731e-03, -1.3462e-01,  9.9123e-02,  2.5419e-02,  8.9453e-02,
         -7.5571e-03],
        [ 7.9062e-02, -1.2985e-01, -6.0285e-02,  1.4295e-01, -1.4616e-01,
         -1.2032e-01, -3.7802e-03, -3.5199e-02,  4.2977e-02,  2.6746e-02,
          2.6444e-02,  8.3602e-02,  6.2314e-02, -1.7154e-03,  1.2033e-01,
          1.3395e-01],
        [ 1.5599e-01, -2.4742e-02, -8.0699e-02,  1.1119e-01, -2.1426e-01,
         -9.0612e-02, -1.3812e-01,  1.3856e-01, -2.1388e-02,  4.2344e-02,
         -9.4975e-02,  6.5265e-02,  6.2722e-02,  6.7616e-02,  7.4042e-02,
          2.2432e-01],
        [ 2.7470e-02,  2.1489e-01,  6.6569e-02, -1.0863e-01, -3.3870e-02,
          1.7971e-01, -1.4344e-01, -1.6206e-01, -5.6256e-02,  2.3376e-01,
         -4.8490e-02,  8.9160e-02, -2.2894e-02, -1.9570e-01, -7.6993e-02,
         -6.8414e-02],
        [-9.4526e-02,  9.0233e-02, -5.0054e-02, -9.7888e-02,  1.2722e-01,
         -2.0282e-01, -1.7034e-01, -1.0052e-01, -8.8025e-02, -1.5035e-01,
         -5.8618e-02,  5.2518e-02,  7.8136e-02, -6.3581e-02,  1.1190e-01,
         -2.1098e-01],
        [-2.1772e-02,  1.3740e-01, -1.0828e-02, -3.2325e-03,  1.8214e-01,
          1.0121e-01, -1.4852e-01,  1.8039e-01, -1.7237e-01,  2.4231e-01,
         -5.2338e-02, -1.0199e-01, -4.3184e-03,  7.5107e-02,  2.5900e-02,
          3.5952e-02],
        [ 8.8310e-02,  7.4416e-02, -2.6465e-01, -1.6268e-01,  1.9704e-01,
         -2.6793e-01, -4.3261e-02,  3.4297e-02, -8.7112e-02, -1.6826e-01,
          9.5683e-02, -7.3093e-02,  1.3877e-01,  2.4474e-02, -1.6436e-01,
          3.1789e-02],
        [-1.0500e-02, -3.4321e-02,  1.3462e-01,  5.4144e-02, -1.9709e-01,
         -1.0180e-01, -1.0588e-01, -9.1810e-02,  1.4997e-01,  2.7841e-02,
         -1.4639e-01,  1.2614e-01, -1.2661e-02,  2.0797e-01,  2.3829e-01,
          5.1333e-02],
        [ 3.9203e-02,  2.0764e-02, -2.0242e-01,  1.3153e-01, -1.2236e-01,
         -1.5507e-01, -1.2037e-01, -1.5212e-02,  3.8531e-02, -2.0571e-01,
         -2.9632e-02, -8.0293e-02,  3.5110e-02,  1.5625e-01,  6.3907e-02,
          1.4665e-01],
        [ 3.4839e-03, -1.2654e-01, -1.1938e-01,  1.5354e-01,  5.8093e-02,
          2.0456e-02,  4.5357e-02,  1.8423e-01,  6.9774e-02,  9.1265e-02,
          3.4070e-02, -8.3131e-02,  8.0830e-03,  1.9757e-01,  2.2276e-02,
          2.6445e-01],
        [ 1.5635e-01,  1.4736e-01,  9.3814e-02, -6.7979e-02, -1.2820e-01,
          5.4395e-02,  1.2821e-01, -2.3004e-01,  1.5562e-01, -1.3404e-01,
         -1.5674e-01, -5.7514e-02, -1.4423e-02, -1.5068e-01, -1.0580e-01,
          1.7053e-01],
        [-5.7165e-02, -5.2664e-02, -9.7932e-02, -4.3501e-02, -2.2531e-01,
          5.9471e-02, -4.6383e-02,  8.0047e-04,  7.2819e-02,  5.0052e-03,
         -1.8887e-01,  1.7694e-01,  1.2000e-01,  1.7733e-01,  2.4184e-02,
          1.2374e-01],
        [ 1.2612e-01,  1.2359e-01,  1.9017e-01,  1.6004e-01, -2.2935e-01,
          1.9323e-01, -1.1189e-01,  4.3284e-02, -2.6458e-01, -4.3349e-02,
         -4.3086e-02, -5.0764e-02, -8.4486e-02, -1.2814e-01, -8.3953e-02,
         -1.6048e-01],
        [-2.0938e-01, -8.3008e-02,  1.7145e-01, -1.3294e-01,  1.1139e-01,
          1.7622e-01,  1.5583e-01, -1.8729e-01, -1.0312e-01, -8.1991e-02,
         -2.1019e-01, -1.8346e-01, -7.4584e-03, -1.7029e-01, -1.4425e-01,
         -9.3914e-02],
        [ 2.8282e-02,  1.7776e-01,  1.6284e-01,  1.0761e-04,  7.7696e-02,
          1.0916e-01,  1.5735e-01, -2.8668e-01,  1.9066e-01,  1.4894e-01,
          1.8455e-02, -1.3871e-01,  1.4456e-01, -8.5277e-02,  3.6738e-02,
          1.3415e-01],
        [ 1.2598e-01, -4.3778e-02,  1.3741e-01,  3.7132e-02, -9.8703e-02,
          9.4853e-02,  7.2564e-02,  7.1153e-03, -1.5465e-01,  3.5569e-02,
         -8.1340e-02,  9.1353e-02,  4.9519e-02, -1.2263e-01,  6.2157e-02,
          2.1771e-02],
        [ 1.4048e-01, -1.0114e-02, -6.0996e-02, -5.2133e-02,  1.3712e-01,
         -7.3456e-02, -9.5107e-02, -1.6709e-01, -1.4473e-01, -5.8281e-02,
          1.3179e-02, -1.5002e-01,  1.7754e-01, -2.3106e-01,  2.2245e-02,
         -1.1710e-01],
        [-1.7246e-01,  2.0275e-01, -1.1612e-01, -7.7777e-02,  1.7825e-01,
          1.5479e-01, -1.4828e-01, -5.6966e-02, -9.7599e-02,  2.1438e-01,
         -4.7572e-02, -1.3643e-01, -7.6757e-02, -1.3246e-02, -1.8625e-01,
          1.1920e-01],
        [ 1.0775e-01, -4.9046e-02, -5.0178e-03,  1.0158e-01,  1.5718e-01,
         -2.3416e-01,  1.8361e-01,  7.6420e-02,  1.8114e-01, -2.1170e-01,
          6.0940e-02,  6.6316e-03,  8.6987e-02,  1.5955e-01,  1.8818e-01,
          1.5002e-01],
        [ 9.4754e-02, -1.4930e-01, -1.0605e-01,  7.2761e-02, -1.7585e-01,
         -2.2955e-01, -9.4708e-02,  3.9403e-02,  2.2328e-01,  5.5395e-02,
          8.9183e-02,  1.4893e-01,  2.6117e-02,  1.4419e-01,  2.2593e-02,
          1.7149e-01],
        [ 1.4288e-01,  3.7736e-02, -3.9045e-02, -1.0325e-01, -1.5310e-01,
          2.5704e-02,  8.6388e-02,  2.2182e-01,  8.8959e-02,  5.1400e-02,
          5.6281e-02,  1.1656e-01,  1.0598e-01,  1.5957e-01, -1.0117e-01,
          8.9257e-02],
        [ 2.1836e-01, -7.9310e-02, -4.0632e-02, -1.9016e-02, -1.5083e-01,
         -1.0266e-01, -1.1028e-02,  1.3120e-01,  2.0159e-02, -4.0784e-02,
         -1.4598e-01,  2.6642e-02,  1.2428e-01,  2.3854e-02,  5.8185e-02,
          2.0133e-01],
        [ 3.0414e-02, -1.9876e-01,  1.3630e-01,  1.1866e-01, -1.5066e-01,
          2.3917e-02,  7.5863e-02,  1.6054e-01, -2.3390e-02,  1.1045e-02,
          1.3814e-01,  1.6792e-01,  4.5092e-03,  1.1893e-01,  1.8323e-01,
         -8.0794e-02],
        [ 6.3950e-02,  1.4445e-03,  2.1903e-02, -1.6751e-01,  1.5320e-01,
         -7.8142e-02,  1.8270e-01, -1.1172e-01,  1.6535e-01, -1.2299e-01,
          4.0023e-03, -9.2390e-02, -2.9301e-02, -1.7307e-01, -6.3363e-02,
         -6.4230e-02],
        [ 1.6755e-01,  2.2131e-02, -3.7277e-02, -2.1621e-01, -1.0464e-02,
          5.5788e-02,  3.2025e-03,  1.0794e-01,  9.6174e-02, -1.1802e-01,
         -1.8325e-01,  1.0512e-01, -4.7983e-03, -1.5287e-01, -1.4274e-01,
          9.6027e-03],
        [-1.5903e-01, -2.6709e-02, -1.3561e-01, -6.9731e-02,  1.4913e-01,
         -1.0767e-01,  1.1208e-01,  8.2713e-02,  9.9438e-02, -8.4794e-02,
          5.1230e-02,  1.5623e-02, -7.7300e-02,  1.3016e-01, -1.0612e-01,
         -4.5331e-02]], device='cuda:0')), ('bn3.weight', tensor([1., 1., 1., 1., 1., 1., 1., 1., 1., 1., 1., 1., 1., 1., 1., 1., 1., 1.,
        1., 1., 1., 1., 1., 1., 1., 1., 1., 1., 1., 1., 1., 1.],
       device='cuda:0')), ('bn3.bias', tensor([0., 0., 0., 0., 0., 0., 0., 0., 0., 0., 0., 0., 0., 0., 0., 0., 0., 0., 0., 0., 0., 0., 0., 0.,
        0., 0., 0., 0., 0., 0., 0., 0.], device='cuda:0')), ('bn3.running_mean', tensor([0., 0., 0., 0., 0., 0., 0., 0., 0., 0., 0., 0., 0., 0., 0., 0., 0., 0., 0., 0., 0., 0., 0., 0.,
        0., 0., 0., 0., 0., 0., 0., 0.], device='cuda:0')), ('bn3.running_var', tensor([1., 1., 1., 1., 1., 1., 1., 1., 1., 1., 1., 1., 1., 1., 1., 1., 1., 1.,
        1., 1., 1., 1., 1., 1., 1., 1., 1., 1., 1., 1., 1., 1.],
       device='cuda:0')), ('bn3.num_batches_tracked', tensor(0, device='cuda:0'))])