OrderedDict([('conv1.bias', tensor([ 1.8424e-06,  9.3819e-07, -1.1530e-06, -9.0779e-07,  7.6954e-08,
         2.8864e-06,  1.3373e-06,  1.2436e-06], device='cuda:0')), ('conv1.lin.weight', tensor([[-1.9814e-01, -8.2290e-02,  1.5364e-02,  2.2073e-02,  7.4308e-05,
          6.5883e-04,  3.1529e-42, -2.5083e-43, -1.2387e-42, -1.1584e-26,
          2.8058e-01],
        [ 6.7452e-02, -1.2851e-01, -1.3171e-02, -2.7735e-02,  2.0117e-04,
         -8.2715e-02, -1.1095e-26,  1.0748e-42,  2.9848e-43,  5.9611e-42,
         -1.0006e-01],
        [-1.4065e-02,  6.9981e-02,  1.3444e-03, -6.5981e-03,  1.7902e-06,
          1.1849e-01, -1.3088e-42, -2.1272e-42,  4.7700e-42,  4.5108e-42,
          3.8703e-02],
        [-1.3362e-01,  7.7747e-02,  4.0971e-03,  8.6425e-02, -9.4108e-04,
         -1.0312e-01, -2.1709e-07, -7.1331e-10,  4.1372e-15,  6.2554e-42,
         -1.1167e-01],
        [ 2.7191e-01, -4.8216e-02,  9.3369e-02,  1.1584e-02, -5.2159e-04,
         -1.1245e-01, -2.2813e-42,  2.1221e-06,  3.7574e-07, -3.9671e-42,
         -2.3741e-03],
        [-3.7575e-01,  2.9146e-01,  3.2847e-03, -2.0582e-02, -1.0552e-03,
         -6.7913e-02,  1.2903e-41,  6.0312e-42,  4.7754e-17, -2.6330e-42,
          7.2829e-02],
        [ 3.0175e-02, -2.2129e-03, -8.3919e-04, -1.4017e-02,  8.3413e-04,
          6.3332e-02, -1.5316e-20, -1.0384e-42,  2.5574e-42, -2.7465e-42,
         -1.1738e-01],
        [-7.5921e-02,  5.2896e-02, -1.2245e-02, -1.8497e-02, -9.9259e-04,
          2.9504e-02,  1.1129e-41,  1.8161e-42,  2.1720e-42, -3.2090e-43,
         -7.9424e-02]], device='cuda:0')), ('conv1.aggr.t', tensor([1.], device='cuda:0')), ('bn1.weight', tensor([0.6757, 0.6694, 0.7273, 0.6489, 0.6279, 0.6561, 0.8084, 0.8670],
       device='cuda:0')), ('bn1.bias', tensor([ 4.0851e-02,  1.2935e-01, -1.8609e-04,  1.9594e-01,  5.9360e-02,
         1.5289e-01,  5.1187e-02,  1.0180e-01], device='cuda:0')), ('bn1.running_mean', tensor([ 0.0246, -0.3603,  0.4579, -0.4571, -0.2751, -0.2885,  0.1761,  0.0415],
       device='cuda:0')), ('bn1.running_var', tensor([0.3656, 0.5702, 1.0086, 0.8135, 1.0588, 0.6749, 0.3243, 0.0978],
       device='cuda:0')), ('bn1.num_batches_tracked', tensor(47024, device='cuda:0')), ('conv2.bias', tensor([ 9.2344e-06,  4.8486e-06,  2.2824e-06,  7.8986e-07,  8.0472e-07,
        -8.5998e-06, -4.1805e-06, -1.3606e-05, -3.0928e-06, -9.0854e-07,
        -1.8771e-06, -2.3682e-07, -1.1912e-07,  1.6838e-06,  5.2002e-06,
        -6.3962e-06], device='cuda:0')), ('conv2.lin.weight', tensor([[ 3.1267e-01,  6.1115e-03,  1.0675e-02,  3.0765e-01,  2.1094e-02,
          1.1360e-01, -1.4160e-01, -1.0089e-01],
        [ 2.9578e-04,  7.9598e-02,  1.3655e-01,  1.0051e-01, -3.7008e-02,
          1.8579e-01,  2.0059e-01,  1.6071e-01],
        [ 3.7032e-02,  4.5745e-02, -1.5507e-01,  3.7218e-01,  1.6480e-01,
          1.0414e-01, -1.2916e-01,  1.4438e-01],
        [ 7.9731e-02,  1.0641e-01,  1.0727e-01,  1.3818e-02, -3.5093e-01,
          4.9029e-03,  7.6192e-02, -2.3860e-01],
        [ 7.4351e-03, -2.4253e-02,  1.0353e-01, -1.2443e-01,  8.6732e-02,
         -1.3480e-01, -2.5914e-01,  2.6869e-01],
        [-3.0200e-01, -1.2376e-01,  1.3859e-03,  2.0514e-03,  8.5255e-02,
          6.4361e-02,  3.2008e-02, -1.3311e-01],
        [-2.0552e-01,  1.3574e-01, -5.6017e-02,  1.7200e-01, -1.1194e-03,
         -2.8893e-01, -7.1711e-02, -5.7887e-02],
        [-1.3844e-01, -3.4930e-01, -6.1419e-02,  2.0459e-01, -3.2153e-01,
         -1.0210e-02, -1.2135e-01, -9.9821e-02],
        [-2.8468e-01,  2.8857e-02, -1.5314e-01,  1.4434e-01, -2.8990e-02,
          5.3089e-02,  9.2002e-04, -2.1658e-01],
        [ 9.5213e-02, -1.9829e-02, -1.0980e-01,  3.5381e-02,  1.3799e-01,
         -9.1539e-02,  3.0029e-01,  1.3191e-01],
        [-1.0187e-01,  1.1806e-02, -2.9891e-01,  1.3294e-01, -4.0861e-02,
         -1.5370e-01, -2.0819e-01,  2.3896e-01],
        [-2.4634e-01, -7.8741e-02, -2.6099e-01, -6.1591e-02, -1.9687e-02,
          1.2275e-01,  2.4866e-01, -3.5481e-01],
        [-2.2942e-01,  3.2606e-02,  7.5052e-03, -1.3704e-02, -4.5324e-02,
          1.4777e-01,  1.9039e-01, -2.8061e-01],
        [-2.4743e-01,  9.2081e-02,  1.1754e-01,  1.4240e-01,  6.4249e-02,
         -2.0893e-01,  3.3485e-01,  5.2168e-02],
        [ 7.4478e-02, -9.3685e-02, -1.8816e-01, -7.6326e-02,  1.4380e-02,
          3.8163e-01, -1.0338e-02,  3.2032e-01],
        [-7.0038e-02, -3.7141e-01,  8.7733e-02, -5.3405e-02,  2.5276e-01,
         -6.0327e-02,  7.2301e-02,  2.7899e-02]], device='cuda:0')), ('conv2.aggr.t', tensor([1.], device='cuda:0')), ('bn2.weight', tensor([0.7356, 0.6094, 0.6842, 0.6572, 0.6081, 0.7257, 0.6978, 0.7003, 0.6641,
        0.6502, 0.6194, 0.7035, 0.5390, 0.6849, 0.6462, 0.7095],
       device='cuda:0')), ('bn2.bias', tensor([-3.6117e-01,  3.1585e-01, -4.4741e-04, -4.7348e-01, -1.8718e-01,
        -6.6158e-02, -3.3463e-01,  2.6398e-01,  4.9628e-01,  3.1177e-01,
        -2.7795e-01, -3.2605e-01, -1.2431e-01, -5.3224e-01, -6.0190e-01,
        -3.0355e-01], device='cuda:0')), ('bn2.running_mean', tensor([ 0.1396,  0.2398,  0.1904, -0.0513, -0.0365, -0.0799, -0.0779, -0.2098,
        -0.0800,  0.1143, -0.0811, -0.1530, -0.0287,  0.1087,  0.1314, -0.0578],
       device='cuda:0')), ('bn2.running_var', tensor([0.0930, 0.0950, 0.0579, 0.0345, 0.0518, 0.0424, 0.0588, 0.0572, 0.1050,
        0.0709, 0.0821, 0.1295, 0.0547, 0.1512, 0.0770, 0.0378],
       device='cuda:0')), ('bn2.num_batches_tracked', tensor(47024, device='cuda:0')), ('conv3.bias', tensor([-1.9551e-06, -9.5347e-07, -1.5650e-06,  1.3109e-06, -8.4167e-07,
        -8.9055e-07,  8.5174e-07,  5.7307e-07, -5.0250e-07, -1.1253e-06,
        -2.0615e-06,  1.7644e-06,  3.7077e-07,  9.2871e-07,  5.3076e-08,
        -1.3782e-06, -2.2353e-06, -2.8295e-06,  3.4287e-07, -4.3866e-06,
        -1.2567e-07,  1.0780e-06, -2.3259e-06, -1.1490e-06,  3.2766e-07,
        -3.6680e-06, -8.1313e-07, -4.4471e-07, -6.2407e-07,  1.1267e-06,
         2.0736e-06, -1.2544e-06], device='cuda:0')), ('conv3.lin.weight', tensor([[ 1.2136e-01, -1.3867e-02,  1.4762e-02,  1.0035e-01,  9.1099e-02,
         -9.7450e-02,  1.1347e-01, -2.0037e-01,  2.2066e-02, -1.3566e-01,
          5.9555e-02,  8.0858e-02,  1.8789e-01,  1.3408e-01,  2.0439e-01,
          2.1850e-03],
        [-8.5045e-02, -1.6684e-01, -3.8686e-02, -2.0099e-01, -8.7774e-02,
          2.2012e-01, -6.6789e-04,  2.8057e-02, -1.2462e-01,  1.4552e-01,
         -6.4013e-02, -1.3345e-01, -9.7386e-02, -6.7573e-02, -7.3349e-02,
         -1.1604e-01],
        [-1.6310e-01, -1.8357e-01,  2.0485e-01, -3.2439e-02, -1.0147e-01,
          5.1810e-02, -1.0290e-01, -5.8370e-03, -1.2030e-01, -1.1943e-01,
         -1.8520e-01, -4.5875e-03,  1.8682e-02, -7.7655e-03, -1.5181e-01,
          6.3428e-02],
        [-1.0839e-01, -4.3459e-03,  4.1537e-02,  1.5359e-01,  2.0980e-01,
          5.3545e-02, -1.5481e-02, -6.8993e-02, -1.9694e-01, -1.4915e-01,
          1.0373e-01,  1.5989e-01,  7.6431e-02,  5.5860e-02,  1.2076e-01,
         -7.5463e-02],
        [ 6.0552e-02, -1.0200e-01, -4.4531e-02,  9.1612e-02,  2.2888e-02,
          1.4035e-01, -1.2991e-01,  4.3914e-02,  6.3142e-03, -1.4564e-01,
          9.4579e-02,  4.6018e-02, -1.0766e-01,  1.6344e-01,  5.7280e-02,
          2.2146e-02],
        [ 9.0560e-02, -3.0828e-02,  4.5736e-02, -9.6291e-02, -9.4143e-02,
         -8.5586e-02,  1.9437e-01,  1.1300e-01, -1.6293e-02,  2.8311e-02,
         -5.7465e-02, -3.3975e-02, -6.5756e-02,  1.3860e-01,  1.0614e-01,
          9.6722e-02],
        [-4.1009e-02,  6.7372e-02,  4.1390e-02,  3.6254e-02,  8.0025e-03,
          1.2265e-01, -2.1747e-01,  1.6609e-01, -4.2107e-02, -4.9193e-04,
          9.4266e-02,  5.4728e-02, -1.0634e-01,  1.1261e-02, -2.9381e-02,
          5.0745e-02],
        [ 5.1317e-02,  7.1268e-02, -1.1053e-01,  2.5535e-02,  5.2060e-03,
         -1.1896e-01,  1.0923e-01,  8.0504e-02, -2.1197e-01, -4.9015e-02,
          8.2985e-02,  5.6850e-02,  1.2281e-01,  1.4369e-01,  3.1196e-03,
         -4.4817e-02],
        [ 2.0477e-01, -3.8865e-02, -4.5702e-02,  5.6995e-02, -2.1398e-02,
         -9.2949e-02,  2.3171e-01, -5.8070e-02, -2.1793e-01, -1.4962e-01,
          3.7028e-02,  1.6578e-01,  7.6079e-02,  2.3982e-01,  2.4722e-01,
          5.3192e-02],
        [ 3.7842e-02,  7.5896e-02, -1.5983e-01, -1.1978e-01, -9.2540e-03,
          3.2157e-02, -2.3793e-02,  9.4869e-02, -3.1799e-02, -2.7484e-03,
         -1.3682e-02, -1.5550e-01,  2.8321e-02, -8.4876e-02, -1.0740e-01,
         -1.5177e-02],
        [ 8.1178e-02, -1.4951e-01,  6.4174e-02,  1.1524e-01,  2.8245e-02,
          5.8102e-02,  3.6052e-02,  2.8824e-02, -8.3449e-02, -1.4643e-01,
         -8.1340e-02, -1.3379e-01,  8.4101e-02,  1.6324e-01,  1.7436e-01,
          1.2367e-01],
        [ 1.1395e-01,  1.0189e-01, -1.1449e-01,  2.5645e-02,  4.0758e-02,
          8.4493e-02, -1.8639e-01,  4.1478e-06,  4.1586e-02,  2.6626e-02,
          1.5550e-01,  1.0281e-01, -1.2498e-01, -1.1667e-01, -3.8973e-02,
         -1.0105e-02],
        [ 2.7277e-02, -6.5962e-02,  6.9939e-03,  6.4902e-02,  8.2173e-02,
          3.8456e-02, -1.2404e-01, -9.0707e-02,  6.3733e-02,  1.3880e-01,
         -1.6734e-03,  7.5738e-02, -5.1409e-02,  3.1639e-02,  3.8735e-02,
          3.3861e-02],
        [ 1.4126e-01, -1.0427e-01,  5.5743e-02,  1.6065e-01,  7.1568e-02,
          1.1990e-01,  2.7405e-02, -6.7613e-02, -2.4141e-01, -5.9750e-02,
          1.9350e-01,  8.5696e-02, -8.1549e-02,  9.7924e-02,  4.0126e-02,
          1.6020e-01],
        [ 4.8632e-02, -9.6765e-02, -5.1417e-02, -2.0561e-01, -1.3592e-01,
         -1.6864e-01,  4.2487e-02,  7.4800e-02, -1.7603e-01, -2.5045e-02,
         -8.8622e-02, -3.2034e-02, -9.4348e-03,  1.2953e-01, -8.2287e-02,
         -1.4883e-01],
        [ 1.9164e-01,  7.5266e-02,  7.5171e-02,  8.9941e-02,  3.8420e-02,
          1.6506e-01,  1.3146e-01, -8.6849e-02,  1.2446e-01,  3.8605e-02,
         -1.1469e-01, -1.1341e-01, -8.0271e-02,  1.4486e-01,  1.0923e-01,
          6.6329e-02],
        [-1.5717e-02, -1.6638e-01, -4.1775e-02,  1.7426e-01,  2.9303e-02,
         -1.0669e-01,  8.1916e-02,  4.7525e-02, -2.3440e-01, -4.8922e-02,
          1.5000e-01,  4.9279e-02,  6.8655e-02,  9.5379e-02,  1.1024e-01,
          4.3902e-02],
        [ 1.6850e-01,  1.0229e-02,  4.5712e-02,  1.7176e-02,  1.7302e-01,
         -5.2035e-02, -1.6892e-01, -1.7040e-01,  2.2964e-01, -6.1343e-02,
          1.3133e-01, -5.9869e-03,  6.2236e-02,  6.3121e-02, -6.1788e-02,
          5.1978e-02],
        [ 1.4139e-01, -7.6480e-02, -1.5981e-01, -3.3610e-02, -8.9521e-02,
          7.4925e-02,  1.9179e-01, -1.9231e-01, -1.3342e-01, -1.5927e-01,
         -2.4692e-02,  5.3333e-02,  3.9466e-02,  5.1509e-02,  2.2445e-01,
          1.0014e-01],
        [-1.5643e-02, -4.7095e-02, -3.1034e-02, -4.5632e-02, -7.5363e-02,
         -2.4921e-01,  1.4277e-01,  1.1595e-01, -2.6197e-02,  1.1685e-02,
         -3.1267e-02,  1.4485e-01, -7.5831e-02, -5.5233e-02, -8.9745e-02,
          1.6249e-01],
        [ 4.4689e-03, -8.1078e-02, -1.4661e-01,  9.4152e-02,  1.4204e-01,
         -8.3733e-02,  1.0994e-01, -1.4138e-02, -5.7178e-02,  1.0240e-01,
         -4.2755e-02,  5.3101e-02,  1.7360e-01,  2.5537e-02,  1.1214e-01,
         -1.0468e-01],
        [-6.4723e-03,  8.0450e-02, -1.9308e-01,  8.1177e-02,  6.8611e-02,
          1.1159e-01,  1.1596e-02,  3.6123e-02,  2.9839e-02,  1.1589e-01,
          1.2664e-01, -2.0556e-02,  5.9020e-02, -8.7028e-02,  2.0906e-01,
         -7.3122e-02],
        [-1.4782e-01,  1.5759e-01,  9.8133e-02, -1.2509e-01, -9.3345e-02,
         -2.6272e-02, -1.7986e-01, -3.6802e-02,  1.0666e-01, -1.7531e-01,
         -1.5043e-01, -5.9992e-02, -6.5057e-02,  1.4749e-02, -1.1771e-01,
         -1.6848e-01],
        [-5.1170e-02,  5.5870e-02,  2.1151e-01,  1.0968e-01, -1.2899e-01,
          1.4000e-01,  1.6360e-03, -5.8318e-02, -2.3243e-01, -1.0046e-01,
         -5.3333e-02,  1.4854e-01, -1.0164e-01,  1.2276e-02, -9.4582e-02,
          3.0356e-04],
        [-7.6828e-02,  7.6111e-02, -1.2390e-01, -2.9464e-02,  9.7927e-02,
          5.1126e-02,  8.9149e-02,  1.5117e-02,  2.1002e-01,  1.5901e-01,
         -1.0970e-01, -9.6846e-02, -7.4907e-02, -1.1079e-01, -6.6819e-02,
         -1.9980e-01],
        [ 1.2142e-01, -1.1695e-01, -4.9712e-02,  8.2180e-02,  1.1924e-01,
         -3.6363e-02, -3.8115e-02, -2.0685e-01,  3.3164e-02, -9.1601e-02,
          9.1569e-02,  1.5921e-01,  9.3594e-02,  1.0320e-02,  1.1792e-01,
          2.1539e-01],
        [ 1.3739e-01, -4.9656e-02,  8.9734e-02,  8.6562e-02,  1.5944e-02,
          1.2949e-01,  1.9772e-01,  4.3212e-02, -2.0413e-01, -9.4592e-03,
         -8.5378e-02,  8.5253e-02, -1.4375e-01,  2.0094e-01,  9.3279e-02,
          1.0236e-01],
        [ 4.7321e-02,  1.7209e-01, -1.5234e-01, -6.2501e-02,  4.2244e-02,
         -3.7172e-02, -8.7981e-03, -4.2674e-02, -8.4366e-02, -1.6578e-01,
          2.2065e-01, -5.8412e-02,  1.6980e-01, -9.8338e-02, -1.9259e-01,
         -3.8296e-02],
        [-4.1480e-02, -2.2718e-01, -4.6578e-02,  1.7077e-01,  1.4153e-01,
          1.9758e-01, -1.2024e-01, -1.3884e-01, -7.7073e-02, -1.1013e-01,
          1.1002e-01, -1.1486e-02, -1.4880e-02,  8.8505e-02,  1.2456e-01,
          1.7782e-02],
        [ 1.6714e-01,  1.2207e-01, -2.1913e-02,  1.7911e-02, -2.7126e-02,
          2.6007e-01, -9.5719e-03, -1.3838e-01, -6.4555e-02, -9.9064e-02,
          1.2492e-01, -1.0527e-01, -1.3923e-01,  1.9528e-01,  9.3321e-04,
         -1.8466e-01],
        [ 1.0624e-01, -1.0393e-01, -6.1051e-03,  7.8851e-02,  2.0313e-02,
         -1.7031e-02, -7.2012e-03,  1.8928e-01,  1.2728e-01,  3.3899e-02,
         -1.6418e-01, -8.6328e-02, -1.0126e-01,  2.8794e-01,  1.2463e-01,
         -1.3022e-01],
        [ 4.5004e-02,  6.6676e-02, -1.1136e-02, -1.8520e-01, -6.1179e-02,
         -7.7357e-02, -7.2106e-02,  1.2024e-01,  3.1940e-02, -7.3693e-02,
         -1.8156e-01, -1.3078e-01,  1.1282e-01, -1.6804e-02, -8.6773e-02,
          2.3389e-02]], device='cuda:0')), ('bn3.weight', tensor([1., 1., 1., 1., 1., 1., 1., 1., 1., 1., 1., 1., 1., 1., 1., 1., 1., 1.,
        1., 1., 1., 1., 1., 1., 1., 1., 1., 1., 1., 1., 1., 1.],
       device='cuda:0')), ('bn3.bias', tensor([0., 0., 0., 0., 0., 0., 0., 0., 0., 0., 0., 0., 0., 0., 0., 0., 0., 0., 0., 0., 0., 0., 0., 0.,
        0., 0., 0., 0., 0., 0., 0., 0.], device='cuda:0')), ('bn3.running_mean', tensor([0., 0., 0., 0., 0., 0., 0., 0., 0., 0., 0., 0., 0., 0., 0., 0., 0., 0., 0., 0., 0., 0., 0., 0.,
        0., 0., 0., 0., 0., 0., 0., 0.], device='cuda:0')), ('bn3.running_var', tensor([1., 1., 1., 1., 1., 1., 1., 1., 1., 1., 1., 1., 1., 1., 1., 1., 1., 1.,
        1., 1., 1., 1., 1., 1., 1., 1., 1., 1., 1., 1., 1., 1.],
       device='cuda:0')), ('bn3.num_batches_tracked', tensor(0, device='cuda:0'))])