OrderedDict([('conv1.bias', tensor([ 5.8252e-06,  1.9915e-06, -4.0082e-06,  6.8309e-06,  1.6715e-06,
         4.2597e-06, -6.9306e-06,  8.5571e-07], device='cuda:0')), ('conv1.lin.weight', tensor([[-9.5906e-02,  2.1202e-01, -1.1589e-01, -1.1510e-01,  2.1677e-01,
          3.6397e-02, -5.5542e-13,  3.3771e-43, -5.2689e-43,  6.0116e-43,
         -2.4170e-01],
        [ 1.1399e-01,  4.7681e-02, -2.9556e-02,  1.0198e-01,  1.2437e-03,
         -7.0971e-02,  2.2799e-42, -2.6530e-13, -1.9912e-42,  1.4097e-42,
          3.1986e-01],
        [ 1.3399e-03, -7.1185e-02, -1.3783e-01,  4.1717e-01, -2.7210e-02,
          1.8703e-02, -9.6690e-43, -3.4794e-42,  1.0580e-42, -6.0992e-13,
         -2.1990e-02],
        [ 1.2506e-01, -3.6726e-02, -8.5662e-02, -7.4209e-02, -7.3711e-03,
         -6.7070e-02,  4.5146e-14, -2.8793e-19, -1.3457e-08,  2.4285e-42,
          4.8218e-01],
        [ 2.5431e-01,  2.4500e-02, -4.6349e-02,  5.7111e-02,  4.1346e-03,
         -7.0393e-02,  1.2398e-08,  1.3817e-42,  3.0380e-42, -2.3434e-27,
          9.3098e-02],
        [-3.1774e-02, -4.9342e-02,  2.9854e-01, -1.1061e-01,  1.8723e-01,
          9.4262e-03,  2.2810e-13, -2.3534e-06, -9.0103e-43, -3.4192e-43,
         -2.9909e-02],
        [ 3.6788e-01,  1.9834e-01,  2.0911e-01,  7.1776e-02, -1.2057e-04,
         -1.9117e-01,  6.3225e-10, -3.3980e-10, -1.6914e-42,  1.2888e-41,
          3.0082e-01],
        [-1.3798e-02, -9.9142e-02, -2.9928e-01,  8.3799e-02,  8.5351e-03,
         -1.2313e-01, -5.3880e-42,  6.5160e-42, -5.5435e-42,  1.0259e-13,
          1.6308e-01]], device='cuda:0')), ('conv1.aggr.t', tensor([1.], device='cuda:0')), ('bn1.weight', tensor([0.7631, 0.7430, 0.6694, 0.7604, 0.7512, 0.9633, 0.8476, 0.6960],
       device='cuda:0')), ('bn1.bias', tensor([-0.0353,  0.1312,  0.0303,  0.0949,  0.1185,  0.0882,  0.1635,  0.0283],
       device='cuda:0')), ('bn1.running_mean', tensor([ 0.0030,  0.0185,  0.0470,  0.0847, -0.0702, -0.0089, -0.2274, -0.3516],
       device='cuda:0')), ('bn1.running_var', tensor([0.0133, 0.0274, 0.0080, 0.0498, 0.0266, 0.0028, 0.1289, 0.0485],
       device='cuda:0')), ('bn1.num_batches_tracked', tensor(47024, device='cuda:0')), ('conv2.bias', tensor([-3.2203e-06, -2.1955e-06, -3.7504e-06,  3.8000e-07, -2.7375e-06,
         1.1540e-05, -3.1494e-06,  3.1400e-06,  5.7853e-08, -1.0071e-06,
         1.9156e-06,  2.6040e-06,  2.6373e-06,  5.3204e-06, -3.8898e-07,
        -3.9746e-07], device='cuda:0')), ('conv2.lin.weight', tensor([[-0.0380, -0.1398,  0.0313,  0.1296,  0.0202,  0.1747, -0.1969, -0.2345],
        [ 0.1540,  0.1651, -0.0287,  0.3208, -0.0502, -0.1252,  0.4560, -0.0576],
        [-0.0776,  0.1992, -0.0095,  0.1996, -0.0433, -0.3156,  0.2391,  0.0463],
        [ 0.1453,  0.0928,  0.1999, -0.2541, -0.3290,  0.4088, -0.0833,  0.3201],
        [-0.2616,  0.0317,  0.1392,  0.1582,  0.1844, -0.2462,  0.2550,  0.0460],
        [ 0.0146,  0.2078,  0.1397,  0.1706, -0.1830, -0.0147,  0.1880,  0.3071],
        [-0.1336, -0.3678,  0.0908,  0.0582, -0.0815,  0.1518, -0.1419, -0.1892],
        [-0.3094,  0.1522, -0.0871,  0.1965,  0.0183, -0.3326,  0.2714, -0.0951],
        [-0.1057,  0.3811,  0.1911, -0.2236,  0.0371, -0.2026,  0.2362,  0.0012],
        [-0.1219, -0.1462, -0.2494,  0.2663,  0.3286, -0.3618,  0.3528,  0.2314],
        [ 0.0480,  0.2506, -0.1897,  0.2629,  0.0541, -0.2513,  0.0761,  0.1142],
        [-0.2075, -0.3019,  0.1084,  0.2927,  0.3494, -0.1030,  0.1599, -0.1002],
        [ 0.1579, -0.0929, -0.2126,  0.1690,  0.0409, -0.2672,  0.1700,  0.1401],
        [-0.1519,  0.2270,  0.3070,  0.2514,  0.2605, -0.2279,  0.0726,  0.1566],
        [ 0.2051, -0.1373,  0.0304,  0.0221, -0.0097,  0.1470, -0.1693, -0.2099],
        [ 0.0604, -0.0360, -0.2568, -0.2830, -0.0522,  0.2110, -0.2598, -0.1433]],
       device='cuda:0')), ('conv2.aggr.t', tensor([1.], device='cuda:0')), ('bn2.weight', tensor([0.6752, 0.7835, 0.7574, 0.7487, 0.7207, 0.7760, 0.7340, 0.7417, 0.6526,
        0.7611, 0.6878, 0.7109, 0.7302, 0.8058, 0.7504, 0.7491],
       device='cuda:0')), ('bn2.bias', tensor([ 0.3193,  0.3071,  0.3791, -0.1082, -0.0646, -0.0889,  0.1876, -0.3830,
        -0.0678,  0.1768, -0.5445, -0.3492,  0.2364,  0.4972, -0.3969,  0.3695],
       device='cuda:0')), ('bn2.running_mean', tensor([-0.0887,  0.3060,  0.0967,  0.1118,  0.1236,  0.2529, -0.2091, -0.0121,
         0.1189,  0.1453,  0.1323,  0.0888,  0.0476,  0.2780, -0.0563, -0.2418],
       device='cuda:0')), ('bn2.running_var', tensor([0.0799, 0.1860, 0.2239, 0.2880, 0.2233, 0.0874, 0.1227, 0.3016, 0.1449,
        0.4625, 0.2043, 0.1261, 0.1322, 0.2619, 0.1121, 0.1850],
       device='cuda:0')), ('bn2.num_batches_tracked', tensor(47024, device='cuda:0')), ('conv3.bias', tensor([-2.1218e-06, -1.6949e-06,  1.2865e-06, -1.3465e-06, -5.0478e-08,
         2.1662e-07, -2.0404e-07,  6.2883e-07, -2.7686e-06,  2.9254e-06,
         7.4919e-07, -2.3972e-06, -3.1535e-06,  1.2978e-06, -2.1734e-06,
        -3.0202e-06, -2.2288e-06, -1.1739e-06, -2.1237e-06, -1.4126e-07,
         3.2142e-06, -1.5077e-07, -2.0659e-07, -6.9016e-07,  7.1181e-08,
         7.7510e-07,  2.2807e-06, -1.9081e-06,  1.1530e-06,  2.1932e-06,
        -1.0444e-06, -1.0072e-06], device='cuda:0')), ('conv3.lin.weight', tensor([[-0.0320,  0.1983,  0.2042, -0.1124,  0.1262, -0.1077,  0.1806,  0.0162,
         -0.1466, -0.0154, -0.2840, -0.2398, -0.1193,  0.0554, -0.2112,  0.0329],
        [-0.0763, -0.1608,  0.1039, -0.0846,  0.0963,  0.1661,  0.0449, -0.2254,
         -0.1667,  0.1894,  0.0524, -0.1967,  0.0424,  0.1331,  0.2259, -0.0399],
        [-0.1376, -0.0969,  0.2692,  0.1646,  0.0184, -0.0680,  0.1771,  0.0568,
         -0.1758, -0.2597,  0.1887,  0.1184,  0.1554, -0.1723,  0.0179, -0.1364],
        [ 0.1179,  0.1386,  0.1058,  0.1144, -0.1346, -0.1000, -0.0950, -0.0366,
          0.1135, -0.1546, -0.0441,  0.0468,  0.2045,  0.3182,  0.1357,  0.1885],
        [ 0.0925, -0.1151,  0.0218, -0.0515, -0.2164,  0.1121, -0.1748,  0.0678,
         -0.1010,  0.0892, -0.0404, -0.0620, -0.1489,  0.0392, -0.0230, -0.0190],
        [-0.0765, -0.1291, -0.1748, -0.0565,  0.0114, -0.0146, -0.1101, -0.0850,
         -0.1336,  0.1195,  0.1890,  0.0827, -0.0781, -0.1771,  0.0015, -0.1836],
        [-0.0941,  0.1731, -0.0375,  0.1471, -0.1425, -0.1010,  0.2279,  0.0659,
         -0.0894,  0.0755,  0.0975,  0.0746, -0.1584,  0.1072,  0.0013, -0.1660],
        [-0.1261, -0.1786, -0.0547,  0.1610,  0.1249, -0.0619, -0.1222,  0.1636,
          0.1186, -0.1699,  0.1029,  0.1843,  0.0110, -0.1365,  0.2211, -0.1007],
        [ 0.0849,  0.0581,  0.2115,  0.0852,  0.1058,  0.0186,  0.2220, -0.1272,
         -0.0816,  0.0115, -0.1777, -0.0343,  0.1475,  0.0465, -0.1748,  0.1156],
        [-0.1826,  0.0140, -0.0883,  0.0284, -0.0826, -0.1134,  0.1080,  0.1115,
          0.1029, -0.0333,  0.1123,  0.1325, -0.2077,  0.1401, -0.0290,  0.1481],
        [ 0.1698,  0.0736,  0.0561, -0.0114,  0.0953, -0.1341, -0.1893, -0.0893,
          0.0873, -0.0918,  0.0136,  0.0684,  0.0335,  0.1436,  0.1550,  0.1722],
        [-0.0520, -0.0832,  0.0135,  0.1269,  0.0802,  0.1426,  0.0641,  0.1388,
          0.0246, -0.0737,  0.1971,  0.1543, -0.1549, -0.1576,  0.0593,  0.0058],
        [ 0.0403,  0.0908, -0.0711,  0.1984, -0.1334,  0.0180,  0.0118, -0.0096,
          0.0630,  0.1222,  0.0876, -0.0238,  0.0034,  0.1684,  0.1220,  0.0539],
        [ 0.1036,  0.0005, -0.1986, -0.0124, -0.1244, -0.1520,  0.0328,  0.1422,
         -0.1403, -0.1216,  0.2846, -0.0413, -0.1221,  0.1311, -0.1010, -0.2463],
        [-0.1879, -0.0353,  0.2507, -0.2275, -0.0536,  0.0572,  0.0472, -0.0733,
         -0.0336,  0.0533,  0.0585, -0.1740, -0.2003, -0.0044,  0.1971, -0.0621],
        [-0.0096,  0.1487,  0.0678, -0.1688, -0.1184, -0.1473,  0.0838, -0.2479,
         -0.0977,  0.1035, -0.2471, -0.1869,  0.0942,  0.2284, -0.1316, -0.0820],
        [ 0.0008, -0.0482,  0.0500,  0.1239,  0.1165, -0.2021,  0.0089, -0.1714,
          0.0012, -0.1671, -0.0232,  0.0725,  0.1478,  0.0855, -0.0304, -0.1814],
        [-0.1581,  0.1172, -0.1979, -0.1438, -0.2499, -0.0226,  0.0729, -0.1184,
          0.1831,  0.1758,  0.0447, -0.0605, -0.2213, -0.0912,  0.1409, -0.2908],
        [-0.0935,  0.1976, -0.0559, -0.0586, -0.2977, -0.0331, -0.0304,  0.1872,
          0.0093,  0.1668, -0.1419,  0.0419, -0.1659,  0.1081, -0.0911,  0.1597],
        [-0.0563, -0.2870,  0.0244,  0.2533,  0.1337, -0.0796,  0.0151,  0.1273,
         -0.0436,  0.1706,  0.0279, -0.1842,  0.0876,  0.1080,  0.1538, -0.0938],
        [ 0.0730,  0.1055, -0.1734,  0.0888, -0.1586, -0.0152,  0.0602, -0.1019,
         -0.0855,  0.1239,  0.1030,  0.1270,  0.0582,  0.2056, -0.1309,  0.0476],
        [-0.1757, -0.0343,  0.1032, -0.2376,  0.1406,  0.1424,  0.0257,  0.0211,
         -0.1484, -0.2386,  0.1063,  0.0400, -0.1274,  0.1051,  0.2250,  0.1174],
        [-0.0479,  0.0947, -0.0688,  0.2146, -0.0398, -0.1637, -0.1971,  0.2404,
          0.0520, -0.0021, -0.1190,  0.1167, -0.0421, -0.2127,  0.2134, -0.2742],
        [ 0.2061,  0.2109, -0.0041,  0.1524,  0.1643, -0.2294, -0.0476, -0.0431,
          0.0048,  0.0268, -0.0510, -0.2245,  0.0383,  0.0229, -0.1170,  0.0076],
        [-0.0669, -0.0338, -0.0862,  0.0474, -0.0516,  0.0611, -0.1784,  0.1094,
         -0.1441,  0.0497,  0.0157,  0.1327, -0.0788, -0.1846,  0.0081,  0.0306],
        [-0.0644, -0.1366, -0.2312,  0.0212,  0.1227,  0.1757, -0.1867,  0.2210,
          0.0281, -0.0673, -0.0745,  0.0204,  0.1486,  0.0575,  0.1135,  0.1421],
        [-0.1823,  0.0434, -0.1422, -0.0609,  0.1943, -0.0944, -0.1321, -0.0572,
         -0.1153, -0.0455,  0.2277,  0.1296, -0.1553, -0.1883,  0.1715, -0.0516],
        [ 0.1644,  0.1465,  0.0356, -0.0623,  0.1733, -0.1296,  0.0297, -0.0577,
         -0.1098,  0.0025,  0.0627, -0.1630, -0.1048,  0.1838, -0.1619,  0.2422],
        [-0.0043,  0.2081,  0.0895,  0.0102,  0.1124,  0.0322, -0.0887, -0.1841,
          0.0287,  0.1478, -0.2341, -0.0125, -0.0263,  0.0023,  0.1797,  0.0122],
        [ 0.0722,  0.0027, -0.1804,  0.0353,  0.0657,  0.1717, -0.1507,  0.1800,
          0.0719,  0.0922,  0.1838,  0.1394, -0.1381, -0.1106,  0.2156,  0.1227],
        [ 0.1278, -0.0027,  0.1375,  0.0007, -0.2548,  0.1346, -0.1657, -0.0021,
         -0.0408,  0.2338, -0.2383,  0.0929, -0.1638,  0.1896, -0.1430,  0.2717],
        [-0.0813,  0.1739, -0.0641, -0.0848, -0.0142, -0.1981,  0.1574,  0.1336,
         -0.0385, -0.1875,  0.1918, -0.1020, -0.1034, -0.2141, -0.1018, -0.2221]],
       device='cuda:0')), ('bn3.weight', tensor([1., 1., 1., 1., 1., 1., 1., 1., 1., 1., 1., 1., 1., 1., 1., 1., 1., 1.,
        1., 1., 1., 1., 1., 1., 1., 1., 1., 1., 1., 1., 1., 1.],
       device='cuda:0')), ('bn3.bias', tensor([0., 0., 0., 0., 0., 0., 0., 0., 0., 0., 0., 0., 0., 0., 0., 0., 0., 0., 0., 0., 0., 0., 0., 0.,
        0., 0., 0., 0., 0., 0., 0., 0.], device='cuda:0')), ('bn3.running_mean', tensor([0., 0., 0., 0., 0., 0., 0., 0., 0., 0., 0., 0., 0., 0., 0., 0., 0., 0., 0., 0., 0., 0., 0., 0.,
        0., 0., 0., 0., 0., 0., 0., 0.], device='cuda:0')), ('bn3.running_var', tensor([1., 1., 1., 1., 1., 1., 1., 1., 1., 1., 1., 1., 1., 1., 1., 1., 1., 1.,
        1., 1., 1., 1., 1., 1., 1., 1., 1., 1., 1., 1., 1., 1.],
       device='cuda:0')), ('bn3.num_batches_tracked', tensor(0, device='cuda:0'))])