OrderedDict([('conv1.bias', tensor([ 3.5541e-08,  1.7056e-06, -1.9554e-06,  4.7745e-06, -3.4498e-06,
         2.4310e-06,  6.3794e-06,  9.1059e-07], device='cuda:0')), ('conv1.lin.weight', tensor([[-2.2495e-02,  4.7101e-02,  6.7175e-03, -2.5804e-02, -1.5302e-03,
          8.2675e-02,  1.1304e-15, -3.0478e-42, -1.8799e-16,  4.7797e-07,
          6.8960e-02],
        [ 3.0293e-02, -1.0526e-02, -3.5975e-03,  4.1680e-03,  1.9309e-03,
         -6.0230e-03, -5.3460e-42, -1.0444e-12, -9.9338e-42,  5.1236e-11,
         -3.2387e-03],
        [-4.7163e-02, -5.7700e-02, -9.0787e-03, -7.8196e-02, -4.6857e-03,
          8.0785e-02,  2.8166e-43,  3.3057e-42, -1.5751e-42, -7.6931e-43,
          3.7552e-02],
        [ 1.1596e-03, -1.6825e-02, -9.4930e-04,  9.1015e-03, -1.9425e-05,
         -2.3214e-02,  2.8026e-43, -1.8451e-10, -3.7106e-42, -1.4882e-42,
         -6.8682e-03],
        [ 2.5856e-02, -6.3971e-03,  1.1819e-03,  1.1702e-02,  1.8758e-03,
         -7.5857e-03,  1.9716e-42, -1.9646e-42, -9.0103e-43,  3.4430e-42,
         -1.5050e-03],
        [ 2.6423e-01,  3.7724e-01, -3.9214e-03, -3.0211e-02, -9.5617e-04,
          3.1983e-02,  1.3060e-42,  2.1692e-42,  7.9552e-42,  2.8026e-42,
         -6.6760e-03],
        [-1.1842e-02, -2.0990e-02,  2.5918e-03,  7.6944e-05,  7.7466e-04,
         -3.3783e-02, -4.0638e-43,  7.7632e-43, -4.3307e-15, -2.7788e-42,
          2.0143e-02],
        [-3.0887e-02,  3.3485e-02, -2.4055e-03, -3.2179e-02, -2.1926e-03,
          1.2107e-01,  1.5228e-08,  1.6572e-07,  7.8534e-25,  2.6414e-42,
         -8.4687e-02]], device='cuda:0')), ('conv1.aggr.t', tensor([1.], device='cuda:0')), ('bn1.weight', tensor([0.5718, 0.4453, 0.6257, 0.5038, 0.4892, 0.5072, 0.5573, 0.5614],
       device='cuda:0')), ('bn1.bias', tensor([-0.0384, -0.0171, -0.0577, -0.0124, -0.0214, -0.1038, -0.0207, -0.0564],
       device='cuda:0')), ('bn1.running_mean', tensor([ 0.3418, -0.0126,  0.2639, -0.0931, -0.0175,  0.3751, -0.1254,  0.3895],
       device='cuda:0')), ('bn1.running_var', tensor([0.0498, 0.0008, 0.0338, 0.0032, 0.0007, 0.0128, 0.0046, 0.0643],
       device='cuda:0')), ('bn1.num_batches_tracked', tensor(47024, device='cuda:0')), ('conv2.bias', tensor([ 3.1085e-06, -8.6587e-07,  5.5250e-06, -1.6165e-06, -7.7435e-06,
        -1.5138e-06, -4.9564e-06,  3.2499e-07, -2.1529e-05,  6.5434e-07,
         6.3231e-06,  1.1361e-06, -4.0968e-06,  4.9046e-06,  6.5669e-06,
        -3.7482e-07], device='cuda:0')), ('conv2.lin.weight', tensor([[ 0.2614,  0.0351, -0.1647,  0.1578, -0.1428, -0.0987,  0.0576,  0.1652],
        [ 0.1136,  0.1403,  0.0145, -0.0523,  0.1134, -0.1592,  0.0754, -0.0780],
        [ 0.0790, -0.2107,  0.1523,  0.0366,  0.1604, -0.0096,  0.1317, -0.0257],
        [-0.0720, -0.1791, -0.2791,  0.1853,  0.0615,  0.0888, -0.1540,  0.2112],
        [-0.2069, -0.0852,  0.2078,  0.0417, -0.0967, -0.0732,  0.0263, -0.0355],
        [ 0.1557, -0.1744, -0.2175,  0.0202, -0.1657, -0.1019, -0.0832,  0.1153],
        [-0.1396, -0.0030,  0.0272,  0.0900,  0.1312, -0.1083, -0.1967,  0.0457],
        [-0.0588,  0.0262, -0.1687,  0.0804,  0.0447, -0.0766, -0.0662, -0.0331],
        [-0.1109,  0.0601, -0.0357, -0.0854, -0.1564,  0.0081, -0.1837, -0.0569],
        [-0.1283, -0.1583,  0.1637, -0.1514, -0.0635,  0.0297, -0.2074, -0.2112],
        [ 0.0099,  0.2228, -0.0873,  0.0694, -0.0353,  0.1248,  0.0918, -0.0379],
        [ 0.1418, -0.0057, -0.1369,  0.1365, -0.0272, -0.1090,  0.1202,  0.1344],
        [ 0.0071,  0.0382, -0.0809, -0.1206,  0.0629, -0.0256, -0.1511,  0.1177],
        [ 0.0473,  0.0745,  0.1457,  0.1773,  0.0359,  0.0754, -0.1495,  0.0425],
        [ 0.0892, -0.0351,  0.1049,  0.1995,  0.1048,  0.0846,  0.0432, -0.0820],
        [-0.1168,  0.0797,  0.0968, -0.0407, -0.0331, -0.0109,  0.0502,  0.1785]],
       device='cuda:0')), ('conv2.aggr.t', tensor([1.], device='cuda:0')), ('bn2.weight', tensor([0.5829, 0.5693, 0.4772, 0.5739, 0.5626, 0.6365, 0.5128, 0.5460, 0.5399,
        0.5272, 0.5673, 0.4669, 0.5377, 0.5522, 0.4271, 0.4280],
       device='cuda:0')), ('bn2.bias', tensor([-0.4415, -0.2167,  0.1646, -0.4214,  0.0718,  0.5359,  0.0156,  0.4252,
        -0.4415,  0.5155,  0.6067,  0.4385,  0.2740,  0.2196, -0.1140,  0.1830],
       device='cuda:0')), ('bn2.running_mean', tensor([ 0.0613,  0.0360,  0.0787, -0.0392, -0.0384, -0.0880, -0.0358, -0.0625,
        -0.1224, -0.1457,  0.0618,  0.0555, -0.0352,  0.0949,  0.1087,  0.0441],
       device='cuda:0')), ('bn2.running_var', tensor([0.0204, 0.0126, 0.0121, 0.0251, 0.0130, 0.0221, 0.0111, 0.0161, 0.0111,
        0.0291, 0.0145, 0.0128, 0.0083, 0.0127, 0.0107, 0.0092],
       device='cuda:0')), ('bn2.num_batches_tracked', tensor(47024, device='cuda:0')), ('conv3.bias', tensor([-1.8949e-06, -2.8552e-06,  1.5374e-06, -3.6187e-06, -1.2579e-06,
         2.5652e-07, -3.2602e-06, -2.0433e-06, -1.2456e-06,  7.2208e-07,
        -2.5330e-06, -2.5069e-06, -9.8309e-07,  3.0272e-06, -1.3504e-06,
        -3.1553e-07, -6.8069e-07, -2.8456e-06, -1.1907e-06,  2.3054e-06,
        -2.1760e-06,  2.5027e-06,  3.7116e-06, -1.4544e-06,  2.3075e-06,
         1.8723e-06,  1.1224e-06, -7.1643e-07,  2.0764e-06, -6.1607e-07,
         3.3478e-07,  8.3217e-07], device='cuda:0')), ('conv3.lin.weight', tensor([[-0.0628,  0.0476,  0.0859,  0.0262, -0.1021,  0.1081, -0.0583, -0.0802,
         -0.1192,  0.0391,  0.0355, -0.0591,  0.0200, -0.0640, -0.0364, -0.0191],
        [-0.0914,  0.0215,  0.0199,  0.0239, -0.0493, -0.0323, -0.0537, -0.1482,
          0.1021, -0.1828, -0.0244, -0.1298, -0.1329,  0.0330, -0.0193, -0.1480],
        [-0.0771, -0.1196, -0.0981, -0.1503,  0.0717,  0.0985, -0.0390,  0.0055,
         -0.1212, -0.0156,  0.1954,  0.0719,  0.1022,  0.0126, -0.0992,  0.0926],
        [-0.0933, -0.0224, -0.0033, -0.0320,  0.0108,  0.1086,  0.0353,  0.1054,
         -0.0654,  0.0780,  0.0342,  0.0344, -0.0991, -0.0645,  0.0387, -0.0737],
        [-0.0288,  0.1180,  0.0563, -0.0978,  0.0102,  0.0831, -0.0363,  0.0547,
          0.0399,  0.0010, -0.0236, -0.0122,  0.0760, -0.1076, -0.0236, -0.0124],
        [-0.1134, -0.1014,  0.0194, -0.1744,  0.0743,  0.0960, -0.0667,  0.1737,
         -0.1677,  0.1239,  0.1706,  0.1393,  0.1254, -0.0659, -0.0677,  0.1258],
        [-0.0256,  0.0273,  0.1472,  0.0596,  0.0274,  0.0280,  0.1015,  0.0361,
         -0.0673, -0.0577, -0.0203, -0.0062,  0.0926, -0.0502, -0.0736,  0.0439],
        [ 0.0367,  0.0012,  0.0385,  0.1272, -0.0220, -0.0944,  0.0849, -0.1739,
         -0.0679, -0.1506, -0.0693, -0.0513,  0.0208, -0.0723,  0.0723, -0.0719],
        [-0.0812, -0.0509,  0.0957, -0.0813, -0.0773, -0.0695, -0.1198,  0.0157,
         -0.0288,  0.0824,  0.0735,  0.0547,  0.0167, -0.0589, -0.0650,  0.0355],
        [ 0.0114, -0.0686,  0.0365, -0.1155,  0.0688,  0.1730, -0.0473,  0.1376,
          0.1182, -0.0440, -0.0306,  0.0142, -0.0437,  0.1092, -0.0048, -0.0269],
        [-0.0385, -0.0577,  0.0415,  0.0268, -0.0524,  0.0676, -0.0503,  0.0677,
         -0.0826,  0.0282, -0.0998,  0.0193, -0.1320, -0.0635,  0.0950, -0.0466],
        [-0.1709,  0.0356,  0.0758, -0.0844,  0.1272,  0.1170,  0.0671,  0.0304,
         -0.1263,  0.0691,  0.1343,  0.1539,  0.0659,  0.0822, -0.0857,  0.0768],
        [-0.1180, -0.1479,  0.0747,  0.0792,  0.0526,  0.0618,  0.0112,  0.0308,
          0.0319, -0.0246,  0.1759,  0.0060,  0.0935, -0.0708,  0.1336,  0.0164],
        [-0.0529,  0.0119, -0.0961,  0.0588, -0.0858, -0.0017,  0.0868, -0.0476,
         -0.0169,  0.0027,  0.0607,  0.0089,  0.0171, -0.1168,  0.0564, -0.0406],
        [ 0.0509, -0.1286,  0.0660,  0.0126,  0.0787,  0.1216, -0.0633, -0.0030,
         -0.0034, -0.0709,  0.1447, -0.0312, -0.0520, -0.0420,  0.0007,  0.0424],
        [-0.1861, -0.1387,  0.0870, -0.1637, -0.0219,  0.2339, -0.0324,  0.1755,
         -0.1660,  0.2195,  0.2099,  0.1594,  0.1361,  0.1208, -0.0121,  0.0569],
        [-0.1081, -0.0653,  0.1086, -0.1322,  0.0814,  0.2658,  0.0012,  0.1409,
         -0.2242,  0.2272,  0.2140,  0.1688,  0.0620,  0.1109, -0.0689,  0.0042],
        [-0.1076, -0.0943,  0.0186,  0.1173, -0.0031, -0.0699, -0.0932, -0.1048,
         -0.0237, -0.0392, -0.0043,  0.1040, -0.0388, -0.0272, -0.0628,  0.1253],
        [ 0.1372,  0.1121,  0.0417,  0.1790,  0.0887, -0.1094, -0.0132, -0.0499,
         -0.0600, -0.0132, -0.2157, -0.0971,  0.0079, -0.1141, -0.0452, -0.0500],
        [ 0.1331, -0.0338,  0.0992, -0.0273, -0.0595,  0.0339,  0.0157,  0.0126,
          0.0305, -0.0997,  0.0603, -0.0252, -0.1042,  0.0698, -0.0693,  0.0125],
        [-0.1570, -0.0901,  0.0941, -0.1062,  0.0751,  0.2148,  0.1028,  0.0536,
         -0.1286,  0.1774,  0.1513,  0.1292, -0.0378,  0.0336,  0.0226, -0.0043],
        [ 0.0796,  0.1246, -0.0434, -0.0104,  0.0740, -0.0215,  0.0017,  0.1225,
          0.0379,  0.0888,  0.0057,  0.0725, -0.0236,  0.0962,  0.0388, -0.0850],
        [-0.1794, -0.0494,  0.1156, -0.1154, -0.0760,  0.1854,  0.1141,  0.1049,
         -0.1854,  0.2167,  0.1935,  0.1730,  0.1623,  0.0469, -0.0520,  0.0543],
        [ 0.0216,  0.0513, -0.0939, -0.0993, -0.0835,  0.1024,  0.0234, -0.0348,
         -0.0656,  0.0722,  0.1063, -0.0492,  0.0807, -0.0003, -0.0721, -0.0424],
        [-0.0648, -0.0242, -0.0407, -0.0150, -0.0461,  0.0685, -0.0312,  0.0718,
         -0.1281,  0.1068,  0.1519, -0.0030,  0.1122,  0.1664,  0.1035,  0.0044],
        [-0.0105,  0.0414, -0.0084, -0.0706,  0.0905, -0.0316, -0.0025, -0.0716,
          0.0117, -0.0594,  0.0033, -0.0845,  0.0191,  0.0427,  0.0512, -0.0097],
        [-0.0684,  0.0666,  0.0025, -0.1868, -0.0052,  0.0974, -0.0420,  0.1112,
         -0.1411,  0.1151,  0.0865,  0.1369,  0.0366,  0.0949, -0.0736,  0.0920],
        [-0.1097,  0.0365,  0.0157,  0.0766, -0.1129, -0.0410, -0.0152, -0.0621,
         -0.0012,  0.0238, -0.0763, -0.0594,  0.0721, -0.0102, -0.0723,  0.0076],
        [ 0.1140, -0.0048, -0.0792, -0.0439, -0.0456,  0.0164,  0.0543, -0.1445,
          0.0534, -0.0823, -0.2034, -0.1176, -0.0509, -0.0801,  0.1148, -0.0942],
        [ 0.0223, -0.0033, -0.0569, -0.0841, -0.0530,  0.0110,  0.1085,  0.0163,
         -0.0871,  0.0891,  0.0613, -0.0009,  0.1256,  0.1522,  0.0571,  0.0094],
        [ 0.1267,  0.0669,  0.0553,  0.0891, -0.0776, -0.1762, -0.0239, -0.1229,
         -0.0625, -0.0414, -0.0101, -0.1158,  0.0769, -0.0852,  0.0060, -0.0113],
        [-0.1414, -0.0506,  0.1228,  0.0067, -0.0620,  0.0478, -0.0240,  0.0870,
         -0.0756,  0.1402,  0.1327, -0.0348,  0.0985,  0.0115,  0.0297, -0.0636]],
       device='cuda:0')), ('bn3.weight', tensor([1., 1., 1., 1., 1., 1., 1., 1., 1., 1., 1., 1., 1., 1., 1., 1., 1., 1.,
        1., 1., 1., 1., 1., 1., 1., 1., 1., 1., 1., 1., 1., 1.],
       device='cuda:0')), ('bn3.bias', tensor([0., 0., 0., 0., 0., 0., 0., 0., 0., 0., 0., 0., 0., 0., 0., 0., 0., 0., 0., 0., 0., 0., 0., 0.,
        0., 0., 0., 0., 0., 0., 0., 0.], device='cuda:0')), ('bn3.running_mean', tensor([0., 0., 0., 0., 0., 0., 0., 0., 0., 0., 0., 0., 0., 0., 0., 0., 0., 0., 0., 0., 0., 0., 0., 0.,
        0., 0., 0., 0., 0., 0., 0., 0.], device='cuda:0')), ('bn3.running_var', tensor([1., 1., 1., 1., 1., 1., 1., 1., 1., 1., 1., 1., 1., 1., 1., 1., 1., 1.,
        1., 1., 1., 1., 1., 1., 1., 1., 1., 1., 1., 1., 1., 1.],
       device='cuda:0')), ('bn3.num_batches_tracked', tensor(0, device='cuda:0'))])