OrderedDict([('conv1.bias', tensor([-7.4592e-06,  3.6204e-06,  1.6298e-06, -6.5267e-06, -1.3474e-05,
        -1.0048e-06,  5.6798e-06, -1.7390e-06], device='cuda:0')), ('conv1.lin.weight', tensor([[-7.2990e-02,  1.6207e-01,  1.4437e-01,  1.2080e-01,  3.2354e-03,
          9.3898e-02,  1.3274e-06, -4.5935e-42,  2.9063e-42, -2.5826e-42,
          2.5345e-02],
        [-1.3104e-01, -2.9474e-02,  1.0708e-01, -1.2716e-01,  2.3371e-03,
         -1.5869e-01, -1.6675e-43, -1.0170e-07, -2.0090e-11, -1.3018e-42,
          6.7370e-02],
        [-9.1769e-02,  6.8675e-02,  6.5438e-02, -7.0530e-02, -1.6929e-03,
         -1.5453e-01, -3.3883e-42, -1.6451e-42, -3.0829e-44,  5.4454e-42,
         -5.6921e-03],
        [ 9.1868e-02,  7.4021e-02,  1.2292e-01,  5.9981e-02, -3.4058e-04,
         -1.5409e-01,  3.2188e-42,  9.9492e-43, -2.5373e-06, -1.7895e-42,
          1.0529e-01],
        [-1.3487e-02, -5.2366e-02, -7.3019e-02,  3.2751e-02,  1.5932e-02,
          1.6118e-01,  1.0140e-41,  4.0287e-42, -9.9913e-43, -1.4854e-43,
         -1.1346e-02],
        [-1.0213e-01,  1.5902e-01,  1.0367e-01,  1.6671e-01, -5.3875e-03,
          1.0855e-01,  4.4902e-23,  3.2510e-42,  3.5277e-11, -8.6881e-43,
         -4.8104e-02],
        [ 1.6013e-02, -1.3075e-01,  1.6609e-01,  7.4026e-02, -2.8461e-05,
         -1.4711e-01, -2.6253e-07,  3.9278e-42, -3.4710e-42,  2.0606e-08,
          1.4548e-01],
        [ 1.0653e-01,  1.5839e-01,  2.8997e-01, -1.5457e-01, -3.2041e-03,
          1.2340e-01,  4.1212e-42, -5.3810e-43, -1.6816e-44, -2.1342e-42,
          1.0522e-01]], device='cuda:0')), ('conv1.aggr.t', tensor([1.], device='cuda:0')), ('bn1.weight', tensor([0.6996, 0.7336, 0.6289, 0.7596, 0.6996, 0.7446, 0.6706, 0.8604],
       device='cuda:0')), ('bn1.bias', tensor([-0.0285,  0.0296, -0.0449,  0.0753, -0.0242,  0.0271,  0.0360,  0.1130],
       device='cuda:0')), ('bn1.running_mean', tensor([ 0.3712, -0.6021, -0.5704, -0.4153,  0.5370,  0.3743, -0.4688,  0.5866],
       device='cuda:0')), ('bn1.running_var', tensor([0.0529, 0.0639, 0.0620, 0.0670, 0.0783, 0.0621, 0.0635, 0.0637],
       device='cuda:0')), ('bn1.num_batches_tracked', tensor(47024, device='cuda:0')), ('conv2.bias', tensor([ 4.8928e-06,  5.2903e-06, -1.9975e-07, -5.5382e-06, -7.1673e-07,
        -7.5382e-06,  4.7438e-07, -3.2071e-06,  9.0649e-07,  4.2446e-06,
        -1.0054e-06, -4.4809e-07,  2.3437e-06, -6.5905e-06, -7.0707e-06,
         2.6184e-06], device='cuda:0')), ('conv2.lin.weight', tensor([[ 0.2988,  0.2188, -0.0827, -0.2900,  0.1652,  0.2041,  0.1457, -0.2017],
        [-0.1047, -0.1258,  0.0999,  0.2590,  0.0012,  0.0364,  0.1426, -0.3061],
        [ 0.1370, -0.0696,  0.1371, -0.1320, -0.2773,  0.2509, -0.0432,  0.2615],
        [ 0.1889, -0.2960, -0.0396, -0.0369,  0.0637, -0.2802,  0.2045, -0.2780],
        [-0.1608, -0.2571,  0.1736, -0.0984,  0.1810, -0.0235,  0.0044,  0.3165],
        [ 0.0686, -0.1581,  0.1045,  0.2320, -0.0437, -0.2044, -0.2836, -0.0850],
        [ 0.2512,  0.2235, -0.2694,  0.0605,  0.0111, -0.1271,  0.2884,  0.0195],
        [-0.1913,  0.0354, -0.0620, -0.2516,  0.1208,  0.1518, -0.1591,  0.1586],
        [-0.0607, -0.1691, -0.0214, -0.0219,  0.2288, -0.2662,  0.2112, -0.1701],
        [ 0.0402,  0.0100, -0.1197, -0.3409, -0.0011, -0.2775, -0.1591, -0.2371],
        [-0.2226, -0.2353,  0.0463, -0.2506,  0.0991, -0.0835, -0.0448, -0.3608],
        [ 0.0566, -0.4142, -0.2303,  0.1665,  0.1381, -0.2875, -0.0178, -0.1187],
        [ 0.2807,  0.0239,  0.1492,  0.0328, -0.2638,  0.0966, -0.1462,  0.0393],
        [ 0.1542, -0.0917, -0.1073, -0.0175, -0.1672, -0.2327,  0.0128, -0.1251],
        [-0.1802, -0.0520, -0.2941,  0.0334, -0.2087,  0.2200, -0.0285, -0.3164],
        [-0.2442,  0.2624,  0.1407,  0.0924, -0.0849, -0.0991, -0.0833, -0.2774]],
       device='cuda:0')), ('conv2.aggr.t', tensor([1.], device='cuda:0')), ('bn2.weight', tensor([0.6315, 0.6416, 0.7053, 0.7690, 0.6570, 0.5782, 0.6135, 0.5932, 0.6001,
        0.6798, 0.7062, 0.6237, 0.6487, 0.6855, 0.6475, 0.6716],
       device='cuda:0')), ('bn2.bias', tensor([-0.1632, -0.2240, -0.0512,  0.5580, -0.0746, -0.0610, -0.3378, -0.3030,
        -0.2831,  0.4135, -0.5783, -0.1509, -0.2230, -0.4428,  0.2000,  0.0040],
       device='cuda:0')), ('bn2.running_mean', tensor([ 0.1038, -0.0431,  0.1110, -0.1929,  0.0697, -0.1241,  0.1464, -0.0276,
        -0.1167, -0.3620, -0.3719, -0.2113,  0.0621, -0.1886, -0.2521, -0.1353],
       device='cuda:0')), ('bn2.running_var', tensor([0.0704, 0.0875, 0.0740, 0.0588, 0.0683, 0.0348, 0.0371, 0.0678, 0.0439,
        0.0695, 0.0849, 0.0553, 0.0259, 0.0316, 0.0630, 0.1471],
       device='cuda:0')), ('bn2.num_batches_tracked', tensor(47024, device='cuda:0')), ('conv3.bias', tensor([-1.1057e-06,  1.3969e-06,  3.2553e-06,  4.9860e-06,  2.5016e-06,
        -1.6506e-06, -7.2647e-07,  1.8549e-06,  1.3470e-06,  1.6138e-06,
        -2.1841e-06,  1.4006e-06, -9.6279e-07,  1.8165e-06,  3.2786e-06,
        -9.2934e-07, -4.9537e-07,  8.3388e-07, -4.0356e-07, -1.5131e-06,
         1.0515e-07,  1.9257e-06,  2.2805e-06,  3.3025e-07, -4.9785e-07,
         1.8689e-06,  7.8466e-07, -7.2356e-07, -2.1580e-06, -1.9339e-06,
         3.6264e-07, -2.9282e-06], device='cuda:0')), ('conv3.lin.weight', tensor([[-4.4055e-02, -1.3430e-01,  6.2706e-02,  1.9425e-01, -3.7250e-02,
         -2.3904e-02, -3.0708e-02, -1.0433e-01, -8.8553e-02,  1.6702e-01,
         -2.9111e-01,  3.5540e-02, -1.4964e-01, -7.4690e-02,  1.1911e-01,
          5.3926e-02],
        [ 7.5346e-02, -1.2422e-02,  3.4331e-02,  3.8300e-02,  7.9912e-02,
         -9.2961e-02,  9.4394e-02,  1.3783e-02,  3.1309e-02, -9.9158e-03,
         -2.7531e-02, -1.0346e-01,  2.0895e-02,  9.8728e-03,  1.0498e-01,
          1.4963e-01],
        [ 8.4183e-02, -1.2637e-01, -1.4674e-01,  1.0032e-02,  1.7963e-01,
         -6.5444e-02, -6.4862e-02, -1.9036e-01, -1.4304e-01,  1.0424e-01,
         -6.8405e-02, -8.7750e-02,  1.1000e-01, -4.8346e-02,  1.1088e-01,
          1.4088e-01],
        [ 8.8604e-03,  4.1281e-02, -1.6339e-01, -1.1764e-01, -2.3011e-02,
          7.3546e-02,  9.0419e-02,  5.5015e-03, -2.1076e-01,  1.3529e-01,
          5.9300e-02,  9.3390e-02,  2.6034e-02,  8.7812e-03, -8.0345e-02,
          5.1200e-02],
        [ 7.6086e-02,  1.3982e-02, -9.5518e-02,  1.7723e-01,  6.8731e-02,
          1.9599e-02, -3.5098e-02, -9.0225e-02,  1.7338e-02,  8.0871e-03,
         -1.2898e-01,  2.0400e-02,  9.7793e-02, -1.3576e-01,  1.3654e-01,
          1.0424e-03],
        [ 8.6710e-02,  9.1551e-02,  1.9695e-02,  3.2975e-02,  1.6446e-01,
         -2.5697e-02,  8.2293e-02, -1.9732e-02, -1.7390e-02, -7.7562e-02,
         -7.1723e-02, -3.5360e-02, -9.0127e-03,  2.1327e-01, -6.2274e-02,
          8.9095e-02],
        [ 5.1320e-02,  6.6230e-02,  4.4853e-02, -4.7158e-02,  1.5461e-01,
         -1.1728e-01, -9.8546e-02, -8.1331e-02,  8.4169e-02, -1.9193e-02,
          1.3647e-01, -8.8581e-02, -1.5663e-02,  8.4811e-02, -7.2111e-02,
          8.5984e-02],
        [-2.0345e-01,  1.0696e-02, -9.7407e-02, -8.8085e-03, -4.6554e-03,
         -9.4478e-02, -6.1817e-02,  1.9698e-03, -7.8561e-02,  1.2598e-01,
          4.2895e-02, -3.4823e-02, -1.8879e-02, -1.4368e-01,  1.3430e-02,
         -8.4626e-02],
        [ 1.9143e-01, -8.5866e-03,  6.9500e-02, -5.2734e-02, -4.9175e-02,
          6.9421e-02,  1.3529e-02, -6.7699e-02, -1.2709e-01, -4.2899e-02,
          2.4095e-01,  2.8240e-02, -1.1150e-01,  9.1340e-02, -6.8744e-02,
         -1.3199e-02],
        [ 7.3955e-02,  1.1817e-01, -5.6793e-02, -3.8738e-02,  1.3246e-02,
          3.2926e-02,  1.1220e-01,  2.5963e-03,  4.4445e-02,  7.4378e-02,
         -2.5751e-02,  2.2934e-02, -6.4074e-02, -1.6361e-01, -4.5006e-02,
         -2.7924e-02],
        [-1.7381e-01, -1.2846e-01,  8.2254e-02,  1.2994e-01, -1.4129e-01,
          6.9722e-03, -1.7848e-01,  6.6685e-02,  2.4906e-01,  6.8546e-02,
         -1.3273e-01, -1.0818e-01,  9.3143e-02, -7.5703e-02, -4.7462e-02,
         -9.1076e-02],
        [-1.3826e-02, -3.1553e-02, -2.5370e-02,  3.1494e-02,  6.7334e-02,
         -2.4960e-02, -1.6550e-02, -8.7807e-02, -8.2942e-02,  5.2134e-02,
         -8.3989e-02,  4.9781e-02,  4.1940e-02, -2.0438e-01,  2.4495e-01,
          4.8738e-02],
        [-4.7951e-03, -4.7180e-03,  1.6960e-01,  1.2585e-01,  7.1344e-02,
         -1.3238e-01, -8.2950e-02, -1.1687e-01, -3.2383e-02, -1.1384e-01,
         -1.1271e-01,  8.5928e-02, -1.4901e-01,  7.1861e-02,  8.9945e-02,
          1.1678e-02],
        [ 1.3806e-01, -4.3164e-02, -6.3359e-02, -7.0337e-02,  3.5388e-02,
          1.5692e-01, -4.6367e-02,  5.5747e-02,  2.4144e-01, -1.6993e-01,
          8.6429e-02,  3.5197e-02,  1.8305e-01, -1.0508e-01, -6.8336e-02,
          8.8254e-02],
        [-5.9247e-02,  1.3140e-01,  2.6511e-01, -1.6295e-01, -3.9340e-02,
         -3.5063e-02,  1.8020e-01,  1.6583e-01, -5.3970e-03, -1.3829e-01,
          2.1355e-01,  1.0566e-01, -1.2536e-01,  2.0820e-01, -7.1099e-02,
          8.2931e-02],
        [-2.5685e-02, -9.4093e-02, -9.5063e-02, -9.4288e-02, -1.4216e-01,
          3.8794e-02,  1.7232e-02,  2.8674e-02,  5.1074e-02, -5.5986e-02,
         -6.2139e-02,  2.3833e-01, -8.7838e-03, -8.1929e-02, -7.3100e-02,
          5.8443e-02],
        [-1.0845e-01, -5.1944e-03,  5.7432e-02,  8.1953e-02, -9.7770e-02,
          5.2312e-02,  4.2246e-02,  8.6987e-02, -1.0701e-01, -8.2136e-02,
          2.1264e-02,  9.8240e-02,  8.0998e-02, -1.0874e-01,  1.4554e-01,
         -1.1834e-02],
        [ 9.7142e-02, -6.1351e-02, -1.2260e-01, -3.0290e-01,  5.6373e-02,
         -1.4574e-02,  8.9181e-02, -4.1824e-02,  6.0572e-02, -7.6565e-02,
          1.0154e-01,  7.7218e-02, -6.8724e-02,  9.9597e-02,  9.1059e-02,
         -9.1246e-03],
        [-1.1403e-01,  1.9555e-05,  2.0123e-01,  1.4236e-01,  1.7118e-02,
         -8.3543e-02, -1.2249e-02,  1.2610e-02,  5.5288e-02,  1.6407e-01,
         -2.3345e-01, -7.8755e-02, -2.0479e-01, -3.8172e-02,  5.4479e-02,
          1.2889e-01],
        [-4.6228e-02,  3.9500e-02, -2.0721e-01, -8.1210e-02,  1.0824e-01,
          8.7573e-02,  8.7932e-03,  4.5727e-02, -7.3490e-02,  9.4685e-02,
         -1.6112e-01, -3.4918e-02, -1.0427e-03, -5.4998e-02,  5.3470e-02,
         -1.0099e-01],
        [-1.7034e-02,  1.7477e-01, -9.6935e-02,  1.2707e-01,  1.1986e-01,
         -7.2310e-02, -2.1859e-02,  1.1346e-01, -2.9809e-02, -1.7033e-01,
         -1.9102e-02, -2.2624e-02,  1.5508e-01, -3.1715e-02, -3.7797e-02,
          9.7435e-02],
        [ 7.1768e-02, -1.4866e-01, -1.6031e-01,  1.2895e-01, -6.0833e-02,
          1.0485e-01, -7.7479e-02, -1.5903e-01, -1.1634e-01,  1.6392e-01,
         -1.5427e-01, -7.7264e-02, -9.1880e-02, -1.9527e-01,  6.7774e-02,
         -1.2472e-01],
        [-5.7182e-02,  8.0070e-02, -7.1276e-02, -2.7088e-01, -1.7865e-02,
          5.1038e-03, -7.0779e-02, -7.2809e-02,  1.2905e-01,  1.0906e-01,
         -1.7701e-02,  1.2342e-01, -2.9888e-03,  7.4651e-02, -5.4147e-02,
         -7.1034e-02],
        [ 8.1778e-02, -7.9551e-02,  6.3737e-02,  1.1327e-02, -8.0521e-02,
          1.4554e-01,  1.1670e-01,  7.2549e-02,  8.1301e-02, -1.5001e-01,
          1.6574e-01,  3.1381e-02,  1.1842e-03, -3.7795e-02, -2.6975e-03,
         -1.5864e-01],
        [-1.4308e-02, -1.0823e-01,  1.0772e-01, -1.6094e-01,  4.4293e-02,
         -5.5467e-02,  1.6380e-01,  1.1578e-01,  2.6592e-01, -5.6865e-02,
         -1.0659e-02,  1.4853e-01,  7.7726e-02,  5.5826e-02,  1.5122e-01,
          3.1449e-02],
        [ 1.8558e-02, -5.7503e-02, -9.4791e-02,  3.0656e-03,  6.2332e-02,
         -8.0419e-02,  8.9525e-02, -1.7586e-02, -7.8301e-02,  3.3631e-02,
         -1.0357e-01,  1.3681e-02, -9.5881e-03, -2.0062e-02,  5.0891e-05,
          1.0880e-02],
        [-8.1323e-02, -1.7238e-01,  7.6631e-02,  3.0636e-01, -1.4707e-01,
         -6.9831e-02, -6.2007e-02,  6.6913e-02, -8.9065e-02, -1.5074e-01,
         -3.2911e-02,  1.5765e-01, -7.7217e-02, -1.3103e-01,  1.0683e-01,
          1.0399e-01],
        [-2.5653e-02,  6.4049e-02,  6.6117e-02,  2.2083e-01,  5.7734e-02,
          6.5477e-02, -1.1218e-01, -6.1735e-02, -1.4920e-01,  1.5835e-01,
         -2.3667e-01, -1.5776e-01, -1.1700e-01,  8.6654e-03, -1.1037e-01,
          8.2310e-02],
        [-1.6011e-01, -9.7123e-02,  1.7962e-01,  3.0595e-01, -9.3026e-02,
         -1.2491e-01, -6.5666e-02, -6.2989e-02, -1.5517e-01,  1.6993e-01,
         -1.9280e-01,  4.2067e-02, -1.3293e-01, -1.5674e-01,  6.2967e-02,
          1.3176e-01],
        [ 6.4880e-02,  6.5359e-03, -1.1121e-01,  2.2474e-02,  9.7417e-02,
          3.4925e-02,  3.6344e-03,  3.6519e-02, -7.0691e-02,  1.7192e-01,
         -2.4503e-02, -1.7500e-03,  3.7114e-02,  1.0900e-02, -5.9915e-02,
         -4.9971e-02],
        [-1.7792e-02,  1.1166e-01, -2.2052e-03, -8.8289e-02,  1.4417e-01,
         -9.0581e-02,  1.8034e-01,  1.9525e-01, -2.4207e-02, -1.0175e-01,
          1.7924e-01,  3.0791e-02,  2.1532e-01,  2.0933e-01, -9.0640e-02,
          1.8474e-01],
        [-5.7180e-03, -1.4019e-01, -5.5401e-02,  1.7286e-01,  9.4085e-02,
         -1.2796e-01, -1.3785e-01, -1.2458e-01,  5.2778e-02, -3.4645e-02,
          4.0390e-02, -1.8034e-02,  3.9754e-02, -1.5415e-01, -9.6727e-02,
          1.4180e-01]], device='cuda:0')), ('bn3.weight', tensor([1., 1., 1., 1., 1., 1., 1., 1., 1., 1., 1., 1., 1., 1., 1., 1., 1., 1.,
        1., 1., 1., 1., 1., 1., 1., 1., 1., 1., 1., 1., 1., 1.],
       device='cuda:0')), ('bn3.bias', tensor([0., 0., 0., 0., 0., 0., 0., 0., 0., 0., 0., 0., 0., 0., 0., 0., 0., 0., 0., 0., 0., 0., 0., 0.,
        0., 0., 0., 0., 0., 0., 0., 0.], device='cuda:0')), ('bn3.running_mean', tensor([0., 0., 0., 0., 0., 0., 0., 0., 0., 0., 0., 0., 0., 0., 0., 0., 0., 0., 0., 0., 0., 0., 0., 0.,
        0., 0., 0., 0., 0., 0., 0., 0.], device='cuda:0')), ('bn3.running_var', tensor([1., 1., 1., 1., 1., 1., 1., 1., 1., 1., 1., 1., 1., 1., 1., 1., 1., 1.,
        1., 1., 1., 1., 1., 1., 1., 1., 1., 1., 1., 1., 1., 1.],
       device='cuda:0')), ('bn3.num_batches_tracked', tensor(0, device='cuda:0'))])