OrderedDict([('conv1.bias', tensor([ 3.0393e-07,  2.0622e-06, -7.2145e-07, -1.1308e-06, -1.2944e-06,
        -2.2829e-06, -3.2111e-06,  9.8786e-07], device='cuda:0')), ('conv1.lin.weight', tensor([[ 1.8755e-01, -2.3428e-01,  4.4530e-01,  1.5867e-01,  1.3889e-03,
          1.0161e-01,  2.7437e-42,  1.4593e-08,  2.8292e-42,  1.6255e-42,
          1.9737e-02],
        [ 2.3904e-01,  3.3027e-01,  1.4502e-01,  5.4654e-02, -1.9258e-03,
         -6.6360e-02,  1.0328e-42, -2.4929e-42,  4.2165e-42, -1.4377e-42,
         -2.3154e-01],
        [ 6.3654e-02,  2.2031e-01,  1.5144e-02,  2.9193e-01, -1.4213e-02,
          2.6452e-02,  5.1918e-42, -2.7511e-11,  8.8282e-43, -1.2186e-12,
          9.5664e-02],
        [ 2.1371e-01,  2.3107e-01,  1.8887e-01, -1.6258e-01, -2.8657e-03,
         -6.0660e-02, -2.4467e-42, -4.1058e-43, -6.7963e-43,  1.1048e-24,
         -1.5488e-01],
        [-2.2074e-01, -2.7077e-01,  1.8500e-01, -9.9326e-02,  4.9680e-03,
          1.6375e-02,  4.3735e-42,  3.1788e-16,  2.3542e-43,  1.2556e-42,
         -1.4748e-01],
        [-9.7664e-02, -1.0504e-01, -1.2844e-01, -1.3849e-01,  1.2511e-01,
         -2.9590e-03, -1.6605e-42, -1.0719e-19, -4.5122e-43,  3.8592e-42,
         -2.0434e-01],
        [ 1.6487e-01,  1.6529e-01,  1.1485e-01,  2.2071e-01,  1.5172e-03,
          2.7835e-02,  1.2163e-42, -4.8466e-14, -2.3696e-42,  1.4742e-42,
         -1.1126e-01],
        [-1.6482e-01, -1.9837e-01, -1.6261e-02,  3.1205e-01, -2.2874e-04,
         -1.1585e-01,  8.1186e-17,  9.4868e-43, -3.9236e-43,  1.6855e-21,
          3.4115e-01]], device='cuda:0')), ('conv1.aggr.t', tensor([1.], device='cuda:0')), ('bn1.weight', tensor([0.9426, 0.6998, 0.7548, 0.6718, 0.7210, 0.7331, 0.7670, 0.7891],
       device='cuda:0')), ('bn1.bias', tensor([0.0772, 0.0766, 0.0303, 0.1606, 0.2499, 0.1116, 0.0414, 0.2921],
       device='cuda:0')), ('bn1.running_mean', tensor([ 0.4236, -0.1303,  0.2816, -0.1268, -0.2175, -0.2234,  0.2005, -0.3745],
       device='cuda:0')), ('bn1.running_var', tensor([1.1828, 0.9625, 0.2245, 0.6768, 0.3698, 0.2376, 0.2530, 1.8725],
       device='cuda:0')), ('bn1.num_batches_tracked', tensor(47024, device='cuda:0')), ('conv2.bias', tensor([ 2.8429e-06,  3.0007e-06, -1.6696e-06,  2.1302e-08,  5.5305e-06,
        -2.1854e-07, -2.9459e-06, -6.0442e-08, -7.3983e-07, -4.6768e-06,
        -4.6094e-06,  4.0463e-06,  3.8629e-07,  3.6082e-06, -5.0272e-06,
        -5.1455e-06], device='cuda:0')), ('conv2.lin.weight', tensor([[-0.3271, -0.0737, -0.2517, -0.1884,  0.0376, -0.0139, -0.0177,  0.1607],
        [ 0.0949, -0.2128,  0.1178, -0.2878, -0.4502, -0.0229,  0.1717,  0.3031],
        [-0.3401,  0.1073, -0.2919, -0.1180, -0.1097,  0.0309,  0.1907,  0.2089],
        [-0.1041, -0.3170, -0.0142, -0.1759, -0.0163,  0.1216, -0.0175,  0.0463],
        [ 0.2629, -0.0789,  0.1251, -0.0251,  0.1996,  0.1221,  0.2168,  0.0579],
        [-0.2504, -0.1407, -0.2529,  0.0678,  0.2310, -0.0332, -0.1889, -0.0499],
        [-0.0863, -0.2644, -0.0753, -0.1299, -0.2616, -0.1706, -0.2799, -0.4228],
        [-0.3192, -0.1261,  0.1350,  0.1849,  0.1802, -0.2073, -0.3670, -0.2874],
        [-0.2884, -0.1562, -0.1143, -0.3533,  0.0396, -0.2174, -0.1539,  0.1543],
        [-0.4077, -0.1649, -0.1408, -0.2109,  0.1850, -0.0440, -0.0564, -0.2127],
        [-0.0582, -0.2818,  0.1669,  0.1306, -0.2249,  0.2325, -0.3482, -0.3043],
        [ 0.1135,  0.2559, -0.0010,  0.3372,  0.2887, -0.2064, -0.1005, -0.1135],
        [-0.2329,  0.1657, -0.2858, -0.4957, -0.1598,  0.1606,  0.0766,  0.1947],
        [ 0.1647, -0.0455,  0.2583,  0.0413, -0.1671, -0.0061,  0.2545,  0.1070],
        [-0.1721, -0.1571,  0.0151,  0.0227, -0.1526,  0.3446, -0.2084, -0.1939],
        [-0.0765, -0.2917, -0.0289, -0.1147, -0.2171, -0.0030,  0.0222,  0.0334]],
       device='cuda:0')), ('conv2.aggr.t', tensor([1.], device='cuda:0')), ('bn2.weight', tensor([0.7195, 0.7483, 0.7046, 0.7022, 0.7086, 0.7426, 0.7431, 0.7675, 0.7585,
        0.7686, 0.7216, 0.6836, 0.7506, 0.7393, 0.7062, 0.7883],
       device='cuda:0')), ('bn2.bias', tensor([ 0.0355, -0.2388,  0.2005, -0.2702, -0.1764, -0.3191, -0.1630, -0.5929,
         0.5374,  0.3304,  0.3647, -0.4450, -0.7235, -0.2863, -0.2291, -0.1101],
       device='cuda:0')), ('bn2.running_mean', tensor([-0.1832, -0.0907, -0.0988, -0.1293,  0.3019, -0.1602, -0.5792, -0.2593,
        -0.3049, -0.3298, -0.2566,  0.1877, -0.1849,  0.1781, -0.1897, -0.2130],
       device='cuda:0')), ('bn2.running_var', tensor([0.2310, 0.1653, 0.2242, 0.0704, 0.1924, 0.2075, 0.1858, 0.2192, 0.2410,
        0.2560, 0.1392, 0.1069, 0.2230, 0.1769, 0.1222, 0.0522],
       device='cuda:0')), ('bn2.num_batches_tracked', tensor(47024, device='cuda:0')), ('conv3.bias', tensor([ 8.5376e-08,  4.5882e-07,  5.2784e-07, -1.1583e-06,  1.7579e-06,
        -1.9112e-06,  2.0731e-07, -6.0529e-07, -1.9823e-06, -1.2344e-06,
         1.3114e-06, -1.9300e-06,  1.5074e-06,  1.2892e-06,  1.1122e-06,
         1.4801e-06,  2.5829e-06,  2.4288e-06,  8.9358e-07, -2.8090e-07,
         1.6232e-07, -3.6151e-07, -9.4820e-07, -5.3348e-06,  1.2537e-06,
         2.1302e-06,  1.9184e-06, -1.6310e-06, -1.5431e-06,  2.1240e-06,
        -6.4037e-07,  2.6508e-06], device='cuda:0')), ('conv3.lin.weight', tensor([[ 0.1811, -0.1435,  0.1681, -0.0948,  0.0862, -0.2399, -0.0367, -0.1550,
         -0.1179,  0.1239,  0.1396, -0.0036, -0.1695, -0.0583,  0.0808,  0.1476],
        [-0.0160,  0.2143,  0.1099, -0.2429, -0.0894,  0.1099,  0.1062, -0.1462,
          0.0377,  0.1733, -0.0500, -0.0123, -0.2772, -0.1673, -0.0743, -0.0143],
        [ 0.2158, -0.0006,  0.0243, -0.0398, -0.0379, -0.0788, -0.1234, -0.1640,
         -0.1323,  0.0206,  0.2506, -0.0164,  0.0881,  0.0233,  0.0490, -0.1441],
        [-0.0380, -0.1527,  0.0608, -0.1167, -0.0956, -0.0508, -0.0657, -0.1648,
          0.1897, -0.0341,  0.0324, -0.1173, -0.1652, -0.1792, -0.0197,  0.0771],
        [-0.0334,  0.0351,  0.1266,  0.0127,  0.1060, -0.0969, -0.0662, -0.0651,
          0.0417,  0.0826, -0.1008, -0.1078, -0.1186, -0.1452,  0.1433, -0.1703],
        [-0.1605, -0.1183,  0.0966,  0.0857, -0.0356, -0.1812,  0.2435,  0.1772,
          0.1216, -0.1925, -0.0814,  0.0146,  0.1430,  0.0527, -0.0190, -0.0993],
        [ 0.0684,  0.0856,  0.0038,  0.0821,  0.2070,  0.1223, -0.0966,  0.2340,
         -0.3057,  0.0592, -0.0546,  0.2118,  0.2015,  0.1144,  0.0854,  0.1336],
        [ 0.0870,  0.1445,  0.1660, -0.2163,  0.2362,  0.1520,  0.1205,  0.0173,
          0.0021,  0.1027, -0.0975,  0.2568, -0.0409,  0.0727,  0.0279,  0.1509],
        [-0.1257, -0.1751, -0.0437, -0.1600,  0.0104, -0.0066, -0.0443,  0.1678,
         -0.0910, -0.1128, -0.2050,  0.0332,  0.2768,  0.2157,  0.2168,  0.3104],
        [-0.1868,  0.1529, -0.0032, -0.0972, -0.2117, -0.0541, -0.2273, -0.1850,
          0.2309,  0.2157,  0.0850, -0.1337, -0.1879, -0.1390,  0.0694, -0.1472],
        [-0.0861, -0.1960, -0.0174,  0.0771,  0.0610, -0.0834, -0.0528, -0.1749,
          0.0488,  0.1343, -0.0412, -0.0672, -0.0987, -0.0824,  0.1447,  0.0471],
        [-0.0764,  0.1359,  0.0655,  0.0316, -0.1230, -0.0036,  0.0639,  0.0380,
         -0.0528,  0.0711, -0.0257,  0.1012, -0.0662, -0.0190, -0.1696,  0.1657],
        [ 0.0658,  0.2184, -0.1434,  0.1333, -0.0742,  0.2030,  0.0753,  0.1588,
         -0.2173, -0.1525, -0.1094,  0.0969,  0.1458,  0.0319,  0.0655, -0.2274],
        [ 0.0885, -0.0803,  0.0518, -0.1156,  0.0265, -0.2269,  0.1722, -0.0628,
          0.1306,  0.2197,  0.0007, -0.0883, -0.1264,  0.1235, -0.1017, -0.0796],
        [-0.1248,  0.0915, -0.0779, -0.1998,  0.1451,  0.0947, -0.0160,  0.1714,
          0.0402,  0.1720,  0.0322, -0.2524,  0.1963,  0.1394,  0.0777, -0.2565],
        [ 0.0990, -0.0398, -0.0873, -0.0415,  0.0611, -0.1480,  0.1263,  0.1465,
          0.0966, -0.0868, -0.1895,  0.1974,  0.0782,  0.0321, -0.0708,  0.1385],
        [-0.0278, -0.2222,  0.1951,  0.2106,  0.0238, -0.0054, -0.1528,  0.0501,
          0.1304, -0.1749,  0.0931,  0.1249, -0.1146,  0.1161, -0.0447,  0.1495],
        [-0.0244,  0.2513,  0.0341,  0.1017, -0.0816,  0.1522,  0.0055,  0.0154,
         -0.0767, -0.2398, -0.1948,  0.1468,  0.0357, -0.0889,  0.2875, -0.1013],
        [ 0.1581,  0.0532,  0.1079, -0.0284,  0.0911, -0.0100,  0.0207,  0.1188,
          0.0518, -0.0889, -0.0441,  0.0931, -0.1083,  0.1010,  0.1359, -0.1389],
        [-0.0416, -0.1017,  0.1285, -0.0724, -0.0051,  0.0897,  0.0485,  0.0592,
          0.1151, -0.0168, -0.0578, -0.2574, -0.2396, -0.0311, -0.0996, -0.1543],
        [ 0.0450, -0.0495,  0.0524,  0.0186,  0.0699,  0.2400, -0.0668, -0.0538,
         -0.1542, -0.0158,  0.0501,  0.1633, -0.0555, -0.0044, -0.0596,  0.2340],
        [-0.1012,  0.1667,  0.1235, -0.1657, -0.0378,  0.2170, -0.1109,  0.0953,
         -0.1466,  0.0145, -0.0946, -0.1037, -0.1555,  0.0175,  0.2205,  0.0324],
        [ 0.0510, -0.1571,  0.0243,  0.1302,  0.0496,  0.1015,  0.2195, -0.0718,
         -0.1017, -0.1580,  0.0176,  0.0229,  0.1670,  0.2184,  0.0617, -0.1590],
        [ 0.1708, -0.0608, -0.0992,  0.0183, -0.1066, -0.0298, -0.0075, -0.1820,
          0.0636, -0.0540,  0.1116,  0.1157, -0.1732,  0.0627, -0.0146,  0.1616],
        [ 0.0250, -0.1887,  0.1237, -0.0503,  0.0862, -0.0916,  0.0242, -0.0876,
          0.0866,  0.0104,  0.1200, -0.2061,  0.0784,  0.0025, -0.1056, -0.0794],
        [-0.1684,  0.1315,  0.1675,  0.0109,  0.2085,  0.1030, -0.0406,  0.1376,
          0.1284,  0.2125,  0.1369, -0.0587, -0.0885,  0.0797, -0.0872, -0.1876],
        [ 0.1368, -0.0008, -0.1046, -0.1621,  0.1426,  0.1285, -0.0874, -0.1921,
         -0.0087, -0.0592,  0.1958, -0.0728, -0.0059, -0.0847,  0.0401,  0.0051],
        [ 0.1151, -0.0078, -0.1818, -0.0531,  0.1593,  0.1508, -0.1473,  0.1134,
         -0.1555,  0.0562, -0.0397,  0.0178,  0.2394,  0.1207, -0.0330,  0.1494],
        [-0.0878,  0.0705,  0.1309,  0.2315,  0.0515, -0.1878,  0.2239,  0.1892,
         -0.2140, -0.0869, -0.2315,  0.1312,  0.1096, -0.1164,  0.1809, -0.0170],
        [ 0.1900, -0.0231, -0.1031, -0.0991, -0.1398,  0.0232, -0.1214, -0.0860,
          0.2066, -0.1414,  0.1571, -0.1676, -0.1829, -0.0935, -0.0798, -0.1412],
        [-0.1731,  0.0052, -0.1631,  0.1411, -0.0892,  0.2014,  0.0287,  0.1145,
         -0.0266, -0.1734, -0.1260, -0.0770,  0.2512, -0.0495, -0.1414, -0.1003],
        [-0.1568, -0.1460,  0.1518,  0.1178, -0.0955, -0.1454,  0.1206, -0.1506,
          0.0727,  0.0135, -0.1652, -0.1857, -0.2775, -0.0897, -0.0254, -0.0648]],
       device='cuda:0')), ('bn3.weight', tensor([1., 1., 1., 1., 1., 1., 1., 1., 1., 1., 1., 1., 1., 1., 1., 1., 1., 1.,
        1., 1., 1., 1., 1., 1., 1., 1., 1., 1., 1., 1., 1., 1.],
       device='cuda:0')), ('bn3.bias', tensor([0., 0., 0., 0., 0., 0., 0., 0., 0., 0., 0., 0., 0., 0., 0., 0., 0., 0., 0., 0., 0., 0., 0., 0.,
        0., 0., 0., 0., 0., 0., 0., 0.], device='cuda:0')), ('bn3.running_mean', tensor([0., 0., 0., 0., 0., 0., 0., 0., 0., 0., 0., 0., 0., 0., 0., 0., 0., 0., 0., 0., 0., 0., 0., 0.,
        0., 0., 0., 0., 0., 0., 0., 0.], device='cuda:0')), ('bn3.running_var', tensor([1., 1., 1., 1., 1., 1., 1., 1., 1., 1., 1., 1., 1., 1., 1., 1., 1., 1.,
        1., 1., 1., 1., 1., 1., 1., 1., 1., 1., 1., 1., 1., 1.],
       device='cuda:0')), ('bn3.num_batches_tracked', tensor(0, device='cuda:0'))])