OrderedDict([('conv1.bias', tensor([ 4.0712e-06, -1.1826e-06, -1.1595e-06, -2.4185e-05, -2.6836e-05,
        -3.6360e-06, -7.5091e-06,  4.3584e-06], device='cuda:0')), ('conv1.lin.weight', tensor([[-9.2450e-02,  1.4580e-01, -1.8663e-03, -3.1156e-03, -3.0965e-03,
          7.4577e-02, -1.9618e-42, -1.4910e-42, -7.6651e-43, -2.3920e-42,
         -5.7283e-02],
        [-3.0084e-02, -6.2163e-03,  4.3103e-03,  1.3161e-02,  9.0507e-04,
         -1.1760e-01,  3.0128e-42,  2.7325e-42, -1.7292e-42,  1.0071e-41,
          4.3812e-02],
        [-3.1246e-04,  1.0607e-01,  6.3364e-02, -2.0390e-02, -3.7843e-03,
          6.4278e-02,  1.2878e-42,  4.5949e-42,  1.2121e-42, -7.9033e-43,
         -1.6578e-01],
        [-3.6878e-01,  9.4357e-03,  8.8336e-02,  1.5716e-01,  2.3715e-02,
         -7.4075e-02,  3.6224e-42,  7.4087e-25,  1.8175e-42, -7.3848e-43,
         -8.1078e-04],
        [-5.3577e-02,  1.3817e-02,  2.8723e-02,  4.3857e-02,  6.8051e-02,
         -1.4874e-02,  4.3580e-43,  7.2279e-27, -7.4969e-43,  7.2482e-16,
         -1.0718e-03],
        [ 8.5619e-02,  5.7079e-02, -6.0286e-03, -6.2043e-02, -3.1792e-03,
          1.1335e-01, -2.2701e-43,  2.8984e-24,  2.0165e-42, -1.0650e-42,
          1.4937e-01],
        [-9.6565e-03,  8.2467e-02, -2.3042e-02, -5.8572e-02, -6.3745e-03,
          1.3290e-01,  2.7998e-42, -1.6026e-19,  2.3906e-42, -7.7040e-16,
         -9.5025e-02],
        [-1.3354e-01,  1.2366e-02,  2.1928e-02,  2.9182e-02,  4.6342e-04,
         -1.1248e-01,  1.4279e-42,  5.3993e-11, -1.8081e-06,  1.4354e-24,
          1.6251e-01]], device='cuda:0')), ('conv1.aggr.t', tensor([1.], device='cuda:0')), ('bn1.weight', tensor([0.7355, 0.6035, 0.6307, 0.7003, 0.5531, 0.6473, 0.6481, 0.6500],
       device='cuda:0')), ('bn1.bias', tensor([-0.0271,  0.0157, -0.0420, -0.2498, -0.0161, -0.0889, -0.0586, -0.0279],
       device='cuda:0')), ('bn1.running_mean', tensor([ 0.2444, -0.4162,  0.1831, -0.4272, -0.0706,  0.5447,  0.4475, -0.3773],
       device='cuda:0')), ('bn1.running_var', tensor([0.0327, 0.0407, 0.0146, 0.0051, 0.0001, 0.0614, 0.0575, 0.0235],
       device='cuda:0')), ('bn1.num_batches_tracked', tensor(47024, device='cuda:0')), ('conv2.bias', tensor([ 1.8667e-06,  1.2773e-05, -2.4230e-06, -2.5799e-06, -9.4968e-07,
         1.5978e-05, -2.4959e-06, -8.4263e-08,  2.8837e-07, -3.7697e-06,
        -4.9238e-06,  1.7192e-05, -4.0002e-06, -1.3826e-06, -8.8502e-07,
         4.6968e-07], device='cuda:0')), ('conv2.lin.weight', tensor([[ 0.2193, -0.0786, -0.1212, -0.0950, -0.1273, -0.0013,  0.0137,  0.0314],
        [-0.0578,  0.0998,  0.0467,  0.0769,  0.3342,  0.0638,  0.1619,  0.0216],
        [ 0.0815, -0.0694, -0.1398,  0.0958,  0.0765,  0.1517, -0.0416, -0.0819],
        [ 0.3545, -0.2889,  0.0740, -0.0686, -0.0461, -0.2117, -0.2146,  0.2566],
        [ 0.3038,  0.0161, -0.1343,  0.0185,  0.0078,  0.0946, -0.2430, -0.0665],
        [-0.0356,  0.1164, -0.0345,  0.0623,  0.2280,  0.0102, -0.0029,  0.0224],
        [-0.1605, -0.0496, -0.1434,  0.0619,  0.1085, -0.1549, -0.0084,  0.1791],
        [ 0.0705, -0.1654,  0.0642, -0.0428,  0.1655,  0.1480,  0.0192,  0.0326],
        [ 0.0574,  0.0538, -0.1011, -0.1674, -0.1370,  0.0795,  0.1428, -0.1895],
        [-0.2216, -0.0375, -0.1796, -0.1975,  0.0365,  0.0919,  0.0377, -0.1741],
        [ 0.1334, -0.0397,  0.0127, -0.0693, -0.1686, -0.1453, -0.2214, -0.3074],
        [ 0.1685,  0.1436, -0.0424,  0.2824,  0.0728, -0.1726,  0.1663,  0.1201],
        [ 0.1381,  0.0198, -0.0080, -0.0391,  0.2371, -0.2440, -0.0897,  0.1181],
        [ 0.1766, -0.0352,  0.0921,  0.1882, -0.0601, -0.0695, -0.2201,  0.1854],
        [ 0.2056,  0.1804,  0.1087, -0.2835, -0.0980,  0.0276, -0.0046,  0.1883],
        [-0.1753, -0.0989, -0.0125, -0.4055, -0.0075,  0.1334,  0.0768, -0.1190]],
       device='cuda:0')), ('conv2.aggr.t', tensor([1.], device='cuda:0')), ('bn2.weight', tensor([0.5578, 0.6009, 0.4995, 0.6231, 0.5161, 0.6342, 0.6077, 0.5720, 0.6088,
        0.5638, 0.5344, 0.6365, 0.7077, 0.6019, 0.6401, 0.6414],
       device='cuda:0')), ('bn2.bias', tensor([ 0.2879, -0.4238, -0.2985,  0.0021, -0.3841,  0.6572, -0.3683,  0.2658,
        -0.0393,  0.4186,  0.3449,  0.4574, -0.2660,  0.4020, -0.0364,  0.4324],
       device='cuda:0')), ('bn2.running_mean', tensor([-0.0070,  0.1470,  0.0076, -0.0099,  0.0122,  0.0630, -0.0673,  0.0693,
        -0.0264, -0.1430, -0.1634,  0.1482,  0.0253,  0.0479,  0.1240, -0.1050],
       device='cuda:0')), ('bn2.running_var', tensor([0.0155, 0.0119, 0.0108, 0.0439, 0.0258, 0.0083, 0.0383, 0.0180, 0.0166,
        0.0229, 0.0228, 0.0188, 0.0192, 0.0156, 0.0252, 0.0163],
       device='cuda:0')), ('bn2.num_batches_tracked', tensor(47024, device='cuda:0')), ('conv3.bias', tensor([ 1.2697e-06,  6.7703e-07,  9.4788e-07,  3.3232e-06,  6.1746e-07,
        -1.0190e-06,  2.6440e-06,  7.4960e-07,  7.6801e-07,  1.7913e-06,
         4.5685e-07, -2.5189e-07,  1.8943e-06,  3.0631e-06, -2.4937e-06,
         1.1748e-06, -1.8802e-06,  1.9254e-07,  6.7693e-07, -4.2954e-07,
        -4.1169e-07,  6.1018e-07,  5.8512e-06, -1.8652e-06,  3.3724e-06,
         1.1982e-06,  1.7488e-06,  4.4844e-07,  1.8243e-06, -1.6687e-06,
        -3.0514e-07,  1.4584e-06], device='cuda:0')), ('conv3.lin.weight', tensor([[ 0.0623, -0.0674,  0.0081, -0.1180,  0.0500, -0.1205,  0.1133, -0.1166,
          0.0848,  0.0410, -0.0960,  0.0607, -0.0848,  0.0542, -0.0053, -0.1011],
        [-0.1181, -0.0695,  0.0549, -0.0208,  0.1402, -0.0132, -0.1109, -0.0805,
         -0.1023, -0.0978, -0.1182, -0.1275,  0.1564, -0.0762,  0.1410,  0.0997],
        [-0.0269, -0.0328,  0.0967,  0.1132, -0.0447, -0.1141,  0.0379, -0.1164,
          0.1104, -0.0600, -0.0741, -0.0656,  0.1718, -0.1352, -0.1067, -0.0527],
        [ 0.1122,  0.0945,  0.0208, -0.1322,  0.0705,  0.0904,  0.1008,  0.0296,
          0.0747, -0.0185,  0.0192, -0.1844,  0.1474, -0.0483,  0.0752,  0.0017],
        [-0.0594, -0.0570, -0.1001, -0.1517, -0.0231, -0.0535,  0.0298, -0.0308,
          0.0047, -0.0055,  0.0460,  0.0090, -0.0986,  0.0068, -0.0089, -0.1737],
        [ 0.0278, -0.0943,  0.0624, -0.0153, -0.0657,  0.0119,  0.0252,  0.0808,
         -0.0331, -0.0565, -0.0425,  0.0902, -0.1614, -0.0735, -0.0175, -0.0205],
        [-0.0627,  0.0932, -0.0776, -0.0859,  0.1173, -0.0766, -0.1018,  0.1024,
          0.1286, -0.0090, -0.0492,  0.0605,  0.1886,  0.0042, -0.1026,  0.1316],
        [ 0.1414, -0.0939, -0.0429, -0.1409, -0.0079, -0.1262, -0.0667, -0.0644,
          0.1024, -0.1116, -0.0936,  0.0156,  0.1037, -0.0482, -0.1015, -0.1052],
        [ 0.0255, -0.0127, -0.0268,  0.0868,  0.0328, -0.0422,  0.1237,  0.1335,
         -0.1174, -0.0186,  0.0075, -0.1740, -0.0952, -0.1273, -0.0015, -0.1354],
        [-0.1181, -0.1397,  0.1084,  0.0381,  0.0557,  0.0365, -0.0379,  0.1692,
         -0.1431,  0.0586,  0.0830,  0.1148, -0.0116, -0.0928, -0.0904, -0.0241],
        [-0.0083, -0.0563,  0.0620, -0.0673,  0.1094, -0.2491,  0.1018, -0.0948,
         -0.0313,  0.0152, -0.0836,  0.0148, -0.0852, -0.0571, -0.0568, -0.1352],
        [ 0.0295,  0.0816, -0.1057,  0.0884,  0.0049, -0.0243,  0.1214,  0.1030,
         -0.0929, -0.0273,  0.0480,  0.0717,  0.0958, -0.1349,  0.0547,  0.1894],
        [-0.1908,  0.3277,  0.2265,  0.0562,  0.2058, -0.2467,  0.1945, -0.0421,
         -0.1288, -0.2227, -0.2537,  0.0039, -0.0607, -0.1065, -0.0630, -0.3176],
        [-0.1043, -0.0121, -0.0761,  0.0634,  0.0755, -0.1709,  0.0874,  0.0095,
          0.0633, -0.1488, -0.0602, -0.0595, -0.0531,  0.0109, -0.0418, -0.0139],
        [-0.0043,  0.0137,  0.0193, -0.0730, -0.0890, -0.1701,  0.1229, -0.0800,
         -0.0614, -0.1350, -0.0502, -0.0696, -0.0273, -0.0313, -0.0033,  0.0160],
        [ 0.0839, -0.1321, -0.0665, -0.0699,  0.0296,  0.0730,  0.0388,  0.1654,
         -0.0517,  0.0207,  0.0282,  0.1369,  0.0455,  0.1637, -0.0872,  0.1089],
        [-0.0467, -0.1189,  0.0611,  0.0443, -0.0289,  0.1832, -0.0491,  0.0981,
         -0.0975,  0.1533, -0.0728,  0.1492, -0.1366,  0.1116,  0.0170,  0.1143],
        [ 0.1227,  0.1108,  0.1176, -0.0704,  0.0281, -0.0471,  0.1094,  0.0690,
         -0.0203,  0.0388,  0.0562, -0.0637,  0.0740, -0.1532,  0.1485, -0.0190],
        [ 0.1586,  0.0360,  0.0184,  0.0653, -0.0379,  0.0325,  0.1780, -0.0415,
          0.1261, -0.0214, -0.0745,  0.0560, -0.1202,  0.1542,  0.0285,  0.1172],
        [-0.0400,  0.0150, -0.0211,  0.0485,  0.0206, -0.0754, -0.0608,  0.0147,
          0.0473,  0.0123,  0.0888,  0.1342,  0.1029, -0.0048, -0.1168,  0.0176],
        [ 0.0379, -0.0700, -0.1363,  0.0363, -0.0907,  0.0224,  0.0005,  0.0341,
         -0.0606,  0.0867, -0.0784,  0.1260, -0.0485,  0.0550,  0.0885,  0.0685],
        [-0.0369, -0.0154,  0.0198,  0.0491,  0.0026, -0.1625,  0.2385,  0.0005,
          0.0924, -0.2025, -0.1184, -0.1137,  0.1112, -0.1255,  0.0659,  0.0810],
        [-0.0942,  0.0993,  0.0380,  0.0410,  0.0691,  0.0386, -0.0514, -0.0522,
          0.0518, -0.1136,  0.1330, -0.0304, -0.1574,  0.0905, -0.0908, -0.0168],
        [ 0.0227, -0.0765,  0.0543, -0.0133, -0.0138, -0.1343,  0.0464,  0.0082,
         -0.1411,  0.0577, -0.0959,  0.1137, -0.1401,  0.1762,  0.0343,  0.0896],
        [ 0.1034, -0.1052, -0.0431, -0.0470, -0.1120,  0.2663, -0.1544,  0.0281,
         -0.0356,  0.0124,  0.0427,  0.2169, -0.1079,  0.1867, -0.0526,  0.1231],
        [ 0.0655, -0.1457, -0.0415,  0.0076, -0.1562,  0.0355, -0.1191, -0.0800,
         -0.0671,  0.0947, -0.0176,  0.1815, -0.2030,  0.0466, -0.0907, -0.1442],
        [ 0.0223, -0.0201, -0.0595,  0.1504, -0.1232,  0.1547, -0.0303,  0.1398,
          0.0131,  0.1304, -0.0077,  0.1463, -0.0365,  0.0051, -0.1276,  0.0715],
        [ 0.0496, -0.1401, -0.0134,  0.0651, -0.1237,  0.2635,  0.0242,  0.2023,
         -0.1234,  0.0341,  0.0694,  0.2358, -0.1472,  0.1242, -0.0277,  0.1842],
        [-0.1335,  0.0204,  0.0370, -0.0714,  0.1591, -0.2511,  0.1253, -0.1476,
          0.0576, -0.0840, -0.0948, -0.1495,  0.1056, -0.1434,  0.1132, -0.0764],
        [ 0.1210, -0.0772, -0.0826,  0.0799,  0.0901,  0.1496,  0.0729, -0.0127,
          0.0304,  0.0917, -0.1139,  0.0458, -0.0520,  0.0939, -0.0205,  0.0670],
        [ 0.0535, -0.0644, -0.0434, -0.0899,  0.0006,  0.1236, -0.0911, -0.0395,
         -0.0606, -0.0885,  0.0256, -0.0574, -0.1529,  0.0305,  0.1089, -0.0880],
        [-0.0957,  0.0634,  0.0483,  0.0190, -0.0668,  0.0080, -0.0075, -0.0264,
         -0.0390,  0.0475,  0.0792,  0.0636, -0.1651,  0.0423, -0.0880, -0.0179]],
       device='cuda:0')), ('bn3.weight', tensor([1., 1., 1., 1., 1., 1., 1., 1., 1., 1., 1., 1., 1., 1., 1., 1., 1., 1.,
        1., 1., 1., 1., 1., 1., 1., 1., 1., 1., 1., 1., 1., 1.],
       device='cuda:0')), ('bn3.bias', tensor([0., 0., 0., 0., 0., 0., 0., 0., 0., 0., 0., 0., 0., 0., 0., 0., 0., 0., 0., 0., 0., 0., 0., 0.,
        0., 0., 0., 0., 0., 0., 0., 0.], device='cuda:0')), ('bn3.running_mean', tensor([0., 0., 0., 0., 0., 0., 0., 0., 0., 0., 0., 0., 0., 0., 0., 0., 0., 0., 0., 0., 0., 0., 0., 0.,
        0., 0., 0., 0., 0., 0., 0., 0.], device='cuda:0')), ('bn3.running_var', tensor([1., 1., 1., 1., 1., 1., 1., 1., 1., 1., 1., 1., 1., 1., 1., 1., 1., 1.,
        1., 1., 1., 1., 1., 1., 1., 1., 1., 1., 1., 1., 1., 1.],
       device='cuda:0')), ('bn3.num_batches_tracked', tensor(0, device='cuda:0'))])