OrderedDict([('conv1.bias', tensor([ 1.9459e-06, -8.4197e-07,  2.8260e-06, -1.4683e-06,  1.0045e-06,
        -1.5180e-06,  1.8847e-06,  1.6816e-06], device='cuda:0')), ('conv1.lin.weight', tensor([[-1.7862e-01,  4.2527e-02,  1.8501e-02,  4.3807e-02, -2.3451e-03,
         -5.2592e-02, -2.5504e-43,  1.1491e-43,  3.0401e-17,  2.2295e-42,
         -2.1912e-01],
        [ 1.6581e-01, -2.7195e-02,  4.4673e-04,  2.2036e-03, -9.2581e-05,
         -2.1150e-01,  2.1734e-42, -2.3209e-11,  1.5334e-15, -2.8544e-42,
         -5.2718e-02],
        [ 3.2266e-01, -3.2696e-02, -8.7932e-03, -1.4668e-02, -4.6848e-04,
          6.5684e-02, -4.6577e-19,  8.1677e-16, -2.6091e-15, -2.9539e-42,
          1.3665e-01],
        [-2.2382e-02,  5.0420e-02,  3.6127e-04, -2.8465e-04, -8.0700e-04,
          7.4186e-02, -1.1491e-43,  3.4892e-43, -1.5526e-42,  8.3237e-42,
          2.9547e-01],
        [-4.4299e-02,  5.1567e-03, -1.0972e-02, -4.0337e-02, -1.1244e-03,
          3.5119e-02, -2.1294e-11,  4.7125e-14,  1.1818e-05, -3.2206e-08,
         -5.0638e-02],
        [-4.2470e-02, -1.3120e-01, -2.3994e-02, -1.5583e-02, -3.6961e-04,
         -6.4171e-02,  4.8022e-42, -7.4549e-43, -4.6104e-26,  1.8847e-42,
         -1.0771e-01],
        [ 1.0064e-01,  7.7308e-03,  1.0751e-03, -1.0425e-02, -1.3450e-03,
          1.1410e-01,  2.0725e-42,  7.9058e-14,  2.4297e-09,  1.5947e-21,
         -7.2692e-02],
        [ 2.4358e-01,  1.4226e-01,  2.6047e-02, -6.0857e-03, -3.7342e-04,
         -1.3686e-01,  2.3023e-42, -8.5535e-42,  1.9541e-07, -1.8413e-42,
          1.5224e-02]], device='cuda:0')), ('conv1.aggr.t', tensor([1.], device='cuda:0')), ('bn1.weight', tensor([0.6450, 0.7107, 0.8763, 0.6627, 0.8163, 0.7023, 0.8801, 0.7513],
       device='cuda:0')), ('bn1.bias', tensor([ 0.1372,  0.1322,  0.1071,  0.0306,  0.0538, -0.0034,  0.0888,  0.0572],
       device='cuda:0')), ('bn1.running_mean', tensor([-0.3771, -0.7294,  0.4578,  0.4373,  0.0773, -0.3626,  0.4288, -0.3198],
       device='cuda:0')), ('bn1.running_var', tensor([0.4641, 3.6223, 0.5942, 0.8154, 0.1100, 0.4066, 1.0424, 1.6228],
       device='cuda:0')), ('bn1.num_batches_tracked', tensor(47024, device='cuda:0')), ('conv2.bias', tensor([ 5.7245e-07,  2.8021e-06,  3.2723e-07,  1.8350e-06,  1.3460e-06,
         1.9959e-06,  4.3239e-06,  5.1342e-06,  2.5939e-06,  7.1981e-06,
         1.1282e-06,  2.7997e-07,  2.8306e-06, -3.4407e-06,  1.4505e-07,
        -6.6428e-07], device='cuda:0')), ('conv2.lin.weight', tensor([[ 0.0452, -0.1753,  0.2142, -0.2352,  0.0061, -0.1223, -0.3878,  0.1036],
        [ 0.0439,  0.0045,  0.1705, -0.0662,  0.1091, -0.0014,  0.2057, -0.2048],
        [ 0.1598,  0.0674,  0.3694,  0.2203, -0.1693,  0.0643, -0.1016,  0.1657],
        [-0.0125,  0.0706,  0.4434,  0.2406, -0.1978, -0.2673, -0.2068, -0.0760],
        [ 0.1939, -0.1752,  0.1824,  0.1011,  0.1581, -0.0325,  0.0477, -0.0600],
        [-0.0441, -0.1623,  0.0865,  0.1915, -0.3117,  0.2257, -0.2095,  0.2227],
        [-0.0123, -0.3735, -0.2827, -0.0590,  0.0779, -0.0493,  0.0712, -0.0876],
        [-0.0737, -0.1224,  0.0642, -0.1194,  0.1026,  0.1295,  0.1822,  0.1626],
        [ 0.0933,  0.1966,  0.1715, -0.0456, -0.3183,  0.0356, -0.1425,  0.1268],
        [ 0.0498,  0.0154,  0.0484,  0.0803,  0.1274, -0.1336,  0.2067,  0.2637],
        [-0.3094, -0.1254,  0.2153, -0.0140,  0.2328,  0.1217,  0.0153,  0.2729],
        [ 0.0196,  0.0067,  0.2521,  0.2563,  0.2313, -0.0015, -0.0467, -0.1979],
        [-0.0786, -0.1487,  0.0817,  0.0377,  0.2254, -0.1239,  0.2114,  0.0349],
        [ 0.0047,  0.0698,  0.2034,  0.1967, -0.0822,  0.2170,  0.0105, -0.3527],
        [ 0.0921, -0.1962,  0.2996,  0.0385, -0.2859, -0.0487,  0.1993, -0.0306],
        [ 0.2928,  0.0650,  0.0636, -0.1692, -0.0596,  0.1280, -0.1813,  0.2313]],
       device='cuda:0')), ('conv2.aggr.t', tensor([1.], device='cuda:0')), ('bn2.weight', tensor([0.6803, 0.6454, 0.7531, 0.7483, 0.7369, 0.7353, 0.7274, 0.7307, 0.6682,
        0.7105, 0.6852, 0.6816, 0.7600, 0.7930, 0.6674, 0.7745],
       device='cuda:0')), ('bn2.bias', tensor([-0.1424, -0.2506, -0.5526,  0.5641,  0.2788, -0.0866,  0.0972,  0.1202,
        -0.0928,  0.4317,  0.2603, -0.4530, -0.5293,  0.3326, -0.0662,  0.2732],
       device='cuda:0')), ('bn2.running_mean', tensor([-0.1331,  0.1027,  0.2438,  0.0465,  0.1297, -0.0248, -0.2340,  0.0906,
         0.0602,  0.1934,  0.1071,  0.1554,  0.0738,  0.0837,  0.0584,  0.1138],
       device='cuda:0')), ('bn2.running_var', tensor([0.1525, 0.1125, 0.1298, 0.1852, 0.0998, 0.1343, 0.0772, 0.0562, 0.1372,
        0.0984, 0.1321, 0.1845, 0.1678, 0.0657, 0.1181, 0.1033],
       device='cuda:0')), ('bn2.num_batches_tracked', tensor(47024, device='cuda:0')), ('conv3.bias', tensor([-5.3699e-07,  3.6247e-06, -1.9970e-06,  4.0268e-06, -6.2402e-07,
        -2.6279e-06,  3.2283e-06, -1.2656e-06,  2.6636e-06,  2.0440e-06,
         1.4039e-07, -2.7434e-06, -3.2598e-06, -5.4374e-06,  2.7013e-06,
        -2.1004e-06, -3.2895e-06, -1.8369e-08,  6.8057e-07,  3.1691e-06,
        -1.5117e-06, -1.2428e-07,  1.6101e-06, -1.9601e-06, -1.5472e-06,
        -6.1543e-07, -9.4930e-07, -4.9814e-07, -2.2365e-06,  9.5807e-07,
         3.5529e-06, -2.9119e-07], device='cuda:0')), ('conv3.lin.weight', tensor([[ 0.1381, -0.1111,  0.0791, -0.1074,  0.0636,  0.0706, -0.0252, -0.1237,
          0.0039,  0.1394, -0.1261, -0.0933,  0.1771, -0.1886,  0.1716, -0.1661],
        [ 0.0015,  0.0683, -0.1399, -0.0694,  0.1167, -0.0029, -0.2390, -0.1053,
         -0.0521, -0.1243, -0.1175,  0.0906, -0.0187, -0.0674,  0.0155, -0.1941],
        [ 0.0138, -0.0337, -0.2184,  0.2415,  0.1137,  0.1274, -0.0318,  0.1208,
         -0.0556,  0.0998,  0.0663, -0.2079, -0.1741, -0.0550, -0.1194, -0.1258],
        [ 0.0428, -0.0578,  0.2648, -0.1469, -0.1910, -0.0676,  0.1477, -0.0449,
          0.0220,  0.0425,  0.1539,  0.0907,  0.1804, -0.0178,  0.0253,  0.0520],
        [-0.0520, -0.0077,  0.0960,  0.0360, -0.1372,  0.0848,  0.0208,  0.0776,
          0.0654, -0.1539,  0.0582, -0.1414,  0.1833, -0.0267,  0.0323, -0.1641],
        [-0.0342,  0.0231, -0.1056,  0.1711,  0.1977,  0.1114,  0.1522,  0.0082,
         -0.0283,  0.1904,  0.0088, -0.1986, -0.0785,  0.1230,  0.0045,  0.1780],
        [ 0.0867,  0.1320,  0.0948, -0.1511,  0.2376,  0.0868, -0.0195,  0.0740,
          0.1260, -0.0911, -0.2275, -0.0855,  0.2151, -0.0926,  0.0183,  0.0179],
        [ 0.0688,  0.1281, -0.0549, -0.0564, -0.0325,  0.0618, -0.1223,  0.2334,
         -0.1660, -0.1842,  0.0095, -0.0293, -0.1896,  0.1687, -0.0317, -0.0643],
        [-0.0924, -0.0359, -0.1259, -0.1543, -0.0605,  0.0456, -0.2104,  0.0217,
         -0.1178,  0.1111, -0.0232,  0.1422, -0.1553, -0.0951,  0.0852,  0.0510],
        [-0.0943, -0.2166, -0.2664,  0.1303,  0.0287, -0.1769, -0.1206, -0.1041,
          0.1388, -0.0117, -0.0267, -0.0420,  0.0136,  0.0553,  0.1575, -0.0844],
        [-0.1033,  0.1034,  0.1209,  0.1069, -0.0873,  0.1005,  0.0846, -0.1211,
          0.0472,  0.0260, -0.0777,  0.1508,  0.1227, -0.0909, -0.0994,  0.0581],
        [ 0.1728,  0.1725,  0.0782, -0.0709,  0.0500, -0.0858, -0.1125, -0.1519,
          0.0938,  0.0936, -0.2850,  0.2084, -0.0799, -0.1866,  0.0290, -0.1704],
        [-0.0104,  0.0581, -0.2169,  0.3021, -0.1588, -0.0939,  0.1003, -0.0312,
          0.1528,  0.1331,  0.1447, -0.1009,  0.0493, -0.0009,  0.0191, -0.0457],
        [-0.1472,  0.1904,  0.1227, -0.0816, -0.1357,  0.1789,  0.0900,  0.1270,
         -0.0096, -0.2008, -0.2043,  0.2106,  0.2119,  0.0558, -0.0802,  0.1410],
        [ 0.1336,  0.0885, -0.2286,  0.1661, -0.0258, -0.0893,  0.1264,  0.1378,
          0.1194,  0.1475, -0.0065,  0.0430, -0.2041,  0.1883, -0.0354,  0.1271],
        [ 0.0578, -0.0350,  0.1115, -0.1551, -0.0452,  0.1482, -0.1492,  0.0896,
         -0.1860,  0.0487, -0.0855,  0.0653, -0.0563, -0.0448, -0.1952, -0.0936],
        [-0.0539, -0.1363,  0.0454, -0.0210, -0.0798,  0.1750,  0.0273,  0.1456,
         -0.1941,  0.1078,  0.1463,  0.0012, -0.1114,  0.1776, -0.0929,  0.1108],
        [ 0.1704,  0.1928,  0.1468, -0.0334, -0.1541, -0.1056,  0.0961, -0.1102,
          0.1709, -0.0789, -0.0604,  0.1777,  0.1529, -0.2018,  0.0876, -0.1827],
        [-0.0083, -0.0783, -0.0268,  0.0578,  0.2736,  0.1668,  0.1869,  0.0509,
         -0.0570, -0.1064,  0.0602, -0.1211,  0.1962, -0.0176, -0.0079,  0.1748],
        [ 0.0370,  0.0291, -0.1430,  0.0826, -0.1180, -0.1046, -0.1021, -0.1672,
          0.0483,  0.1230,  0.0826,  0.1876, -0.1299, -0.0851, -0.0540, -0.0313],
        [-0.0523, -0.0426, -0.0201, -0.1284, -0.0424, -0.0652, -0.2148,  0.0351,
          0.1076, -0.0404,  0.0744,  0.2385, -0.0891, -0.0607,  0.0069,  0.0173],
        [ 0.0079,  0.1377, -0.1312,  0.1145, -0.0512,  0.0227,  0.0056,  0.1079,
          0.0930,  0.0088,  0.0572, -0.1542, -0.0792,  0.2025, -0.1594,  0.0831],
        [ 0.0187,  0.2490,  0.0577, -0.0207,  0.0876,  0.1041,  0.0319,  0.0877,
         -0.0050, -0.3085, -0.1679,  0.1530,  0.0954, -0.1107, -0.1389, -0.0054],
        [-0.0823,  0.1310, -0.1108,  0.0361, -0.1035,  0.2130,  0.1707,  0.1653,
          0.0064, -0.0445,  0.0552,  0.0595, -0.0979,  0.1916, -0.1297,  0.0273],
        [ 0.0416, -0.0480, -0.0620, -0.1105, -0.2723,  0.0884, -0.1018,  0.0651,
          0.0769, -0.0955,  0.1394,  0.0604,  0.1611, -0.0082,  0.0661, -0.0879],
        [ 0.1633, -0.1437,  0.1588, -0.1534, -0.1682,  0.0446,  0.0994,  0.0128,
          0.0107, -0.1905,  0.0681,  0.0254,  0.2224,  0.0465,  0.0910, -0.1801],
        [-0.0026,  0.0054, -0.0453,  0.1632,  0.1323,  0.1073, -0.0075, -0.0330,
         -0.0271, -0.1617,  0.1594, -0.0859,  0.0012, -0.0933, -0.0101, -0.1000],
        [-0.1083, -0.1006, -0.0007, -0.0174, -0.0415,  0.0391, -0.0552,  0.0551,
         -0.1256,  0.2109, -0.0309,  0.1392, -0.1104,  0.1053, -0.0823,  0.1576],
        [ 0.0150,  0.0017,  0.1552, -0.3243,  0.1030,  0.1518, -0.1353,  0.1194,
         -0.2438, -0.1420,  0.0451, -0.1695, -0.0027,  0.1034,  0.0317,  0.1575],
        [-0.0291, -0.1739, -0.1567,  0.2482,  0.1979, -0.1814,  0.0656, -0.0691,
          0.0408,  0.2350, -0.0919, -0.1470, -0.0568, -0.0300,  0.0970,  0.0886],
        [-0.0563,  0.1072, -0.0410, -0.2115, -0.2077,  0.0309, -0.1971, -0.1090,
          0.1964,  0.1761, -0.0119,  0.0188,  0.1960,  0.0997, -0.0768,  0.0510],
        [ 0.0855,  0.0833, -0.0792,  0.1539, -0.0899, -0.1152, -0.0022, -0.0641,
         -0.0475, -0.1005,  0.1671, -0.1068,  0.0616, -0.0649,  0.0133, -0.1107]],
       device='cuda:0')), ('bn3.weight', tensor([1., 1., 1., 1., 1., 1., 1., 1., 1., 1., 1., 1., 1., 1., 1., 1., 1., 1.,
        1., 1., 1., 1., 1., 1., 1., 1., 1., 1., 1., 1., 1., 1.],
       device='cuda:0')), ('bn3.bias', tensor([0., 0., 0., 0., 0., 0., 0., 0., 0., 0., 0., 0., 0., 0., 0., 0., 0., 0., 0., 0., 0., 0., 0., 0.,
        0., 0., 0., 0., 0., 0., 0., 0.], device='cuda:0')), ('bn3.running_mean', tensor([0., 0., 0., 0., 0., 0., 0., 0., 0., 0., 0., 0., 0., 0., 0., 0., 0., 0., 0., 0., 0., 0., 0., 0.,
        0., 0., 0., 0., 0., 0., 0., 0.], device='cuda:0')), ('bn3.running_var', tensor([1., 1., 1., 1., 1., 1., 1., 1., 1., 1., 1., 1., 1., 1., 1., 1., 1., 1.,
        1., 1., 1., 1., 1., 1., 1., 1., 1., 1., 1., 1., 1., 1.],
       device='cuda:0')), ('bn3.num_batches_tracked', tensor(0, device='cuda:0'))])