OrderedDict([('conv1.bias', tensor([-5.1005e-07, -1.9790e-06, -8.4443e-07, -1.4826e-06, -1.2813e-06,
        -1.6071e-06, -1.8408e-06,  1.2891e-06], device='cuda:0')), ('conv1.lin.weight', tensor([[-2.9302e-02,  8.9877e-04, -5.9402e-04, -1.0445e-02,  7.7384e-05,
          5.6164e-02, -3.9320e-42,  2.6765e-42,  3.7695e-43, -2.9385e-42,
          2.6891e-01],
        [-1.6157e-01, -1.0465e-01, -1.8065e-04,  1.2462e-04,  2.2644e-03,
         -5.8887e-02, -7.7588e-10,  3.0730e-42, -1.1129e-13, -1.9184e-42,
         -1.8004e-02],
        [ 2.1262e-02, -1.4304e-02, -7.8573e-03, -2.2415e-02, -2.1751e-03,
          2.4603e-02,  5.7748e-42, -7.3671e-40, -3.2806e-12,  2.3780e-42,
         -3.5463e-02],
        [ 1.2030e-01, -4.3588e-02, -3.4915e-03, -5.6742e-03, -4.1314e-05,
         -1.4650e-01, -6.9818e-18, -1.9618e-42, -1.0678e-42,  2.8558e-42,
         -1.1280e-01],
        [-3.9564e-02,  1.6827e-01, -1.1308e-02, -1.9306e-02, -2.4186e-03,
         -8.8826e-03,  2.0132e-06, -1.7684e-42, -5.2605e-42,  4.6062e-11,
         -8.1503e-02],
        [ 1.9822e-02, -2.2188e-02, -8.1374e-04, -6.0060e-03, -3.2902e-04,
          7.9921e-02, -1.3338e-08,  1.3046e-42,  2.0039e-43, -7.0149e-42,
          1.8963e-01],
        [-7.7753e-03,  2.4722e-03, -7.1356e-04, -4.8182e-03,  3.1508e-04,
          1.2580e-01, -1.7816e-13,  8.9694e-09,  1.3645e-15,  1.2710e-42,
          1.0688e-01],
        [ 2.7532e-01, -1.0086e-01,  1.0015e-03, -1.0290e-02, -3.6927e-04,
          6.6336e-03, -2.5265e-42, -3.2538e-42,  6.4135e-14,  4.7938e-42,
         -1.4548e-01]], device='cuda:0')), ('conv1.aggr.t', tensor([1.], device='cuda:0')), ('bn1.weight', tensor([0.7390, 0.6180, 0.6620, 0.6709, 0.7628, 0.9174, 0.6628, 0.6384],
       device='cuda:0')), ('bn1.bias', tensor([0.0403, 0.1495, 0.0769, 0.1285, 0.0510, 0.1093, 0.0185, 0.0191],
       device='cuda:0')), ('bn1.running_mean', tensor([ 0.3355, -0.3425,  0.0739, -0.5538, -0.0373,  0.3960,  0.5141,  0.0448],
       device='cuda:0')), ('bn1.running_var', tensor([0.6778, 0.4064, 0.0636, 2.2108, 0.0850, 0.8005, 1.5868, 0.3180],
       device='cuda:0')), ('bn1.num_batches_tracked', tensor(47024, device='cuda:0')), ('conv2.bias', tensor([ 3.7378e-07,  9.8554e-07, -1.8839e-06, -2.2714e-06,  3.6581e-06,
        -1.1894e-06,  5.4143e-08,  4.1371e-07, -9.4741e-07,  8.1245e-07,
        -1.1129e-06,  2.4034e-06,  7.2362e-07,  2.3698e-06, -1.7096e-06,
        -2.7847e-06], device='cuda:0')), ('conv2.lin.weight', tensor([[ 0.1954,  0.1173,  0.1214,  0.0227,  0.0666,  0.2022,  0.0408, -0.1050],
        [ 0.1027,  0.0645, -0.2377,  0.0218, -0.1741, -0.1666, -0.0800, -0.1254],
        [-0.1653, -0.0141, -0.1438,  0.0134,  0.2154, -0.2475, -0.2080, -0.0982],
        [-0.0508,  0.2362, -0.0887, -0.1924, -0.2058, -0.0847, -0.1536,  0.0490],
        [-0.2111,  0.0988,  0.2284, -0.1757, -0.1618,  0.2666,  0.0429,  0.1480],
        [ 0.1589,  0.0676,  0.3260, -0.0404,  0.2052, -0.1883, -0.0561,  0.1697],
        [ 0.1142, -0.0561, -0.0772, -0.0274,  0.3389,  0.0022,  0.2068,  0.2597],
        [-0.1036, -0.0429, -0.0562, -0.2202,  0.3258,  0.1737,  0.1565,  0.0021],
        [-0.0462, -0.0740, -0.1860,  0.1289, -0.0336,  0.0211, -0.1057,  0.1350],
        [ 0.0088,  0.0763, -0.0033,  0.3031,  0.1997,  0.1759,  0.0162,  0.0020],
        [-0.2536, -0.0725,  0.0771, -0.0068, -0.0986, -0.1772, -0.0189, -0.1221],
        [-0.0972, -0.2493,  0.1564,  0.0958, -0.0739,  0.2718,  0.0075,  0.2491],
        [-0.0663,  0.0357, -0.1796,  0.0045,  0.1572,  0.2611,  0.2348, -0.0886],
        [ 0.2300,  0.0073,  0.0084, -0.1737,  0.2545,  0.3022, -0.2553,  0.1488],
        [ 0.1731, -0.0494,  0.0075,  0.0409,  0.1454,  0.3265, -0.1020, -0.1234],
        [-0.2016,  0.3098,  0.0124, -0.0868, -0.1120, -0.3220,  0.1107,  0.0959]],
       device='cuda:0')), ('conv2.aggr.t', tensor([1.], device='cuda:0')), ('bn2.weight', tensor([0.6619, 0.6625, 0.6578, 0.7077, 0.6611, 0.5405, 0.5787, 0.6628, 0.4300,
        0.7485, 0.6213, 0.7021, 0.5781, 0.6385, 0.6899, 0.8164],
       device='cuda:0')), ('bn2.bias', tensor([ 0.3551,  0.3911,  0.3728, -0.1237, -0.0473,  0.0343,  0.3016, -0.1608,
         0.0068, -0.2282,  0.2960,  0.5592,  0.1588, -0.0071,  0.7721,  0.5761],
       device='cuda:0')), ('bn2.running_mean', tensor([ 0.1878, -0.1333, -0.1638, -0.1148,  0.0623,  0.1202,  0.1499,  0.0499,
        -0.0382,  0.2183, -0.1718,  0.0779,  0.1124,  0.1349,  0.1370, -0.0675],
       device='cuda:0')), ('bn2.running_var', tensor([0.1420, 0.1119, 0.2776, 0.0862, 0.1435, 0.0915, 0.1051, 0.1025, 0.0475,
        0.0506, 0.1056, 0.1430, 0.1095, 0.1759, 0.1621, 0.1802],
       device='cuda:0')), ('bn2.num_batches_tracked', tensor(47024, device='cuda:0')), ('conv3.bias', tensor([ 2.2427e-06, -4.5504e-08, -1.1838e-06, -3.9979e-07, -5.3365e-07,
        -1.4007e-07,  1.1416e-06, -9.5717e-07, -1.7219e-06,  1.3264e-07,
         2.0526e-06,  1.5173e-06, -1.0641e-06,  1.7626e-07,  1.0418e-06,
         1.8213e-06,  2.5298e-06, -5.2983e-06, -8.2931e-07,  1.8133e-06,
         9.0059e-07, -3.3390e-06, -2.0686e-06, -3.2315e-07,  4.5809e-07,
        -2.3985e-06,  2.1177e-06,  4.4663e-07,  1.7332e-06,  3.9934e-07,
        -1.6813e-06, -1.7748e-06], device='cuda:0')), ('conv3.lin.weight', tensor([[ 0.0121,  0.0369,  0.0503, -0.1033,  0.0888,  0.0971, -0.2447, -0.1190,
          0.1582,  0.1487, -0.0901,  0.0366,  0.0798,  0.1073,  0.1178,  0.2681],
        [ 0.0096, -0.0011, -0.1138,  0.1167, -0.0401, -0.0655, -0.1158,  0.1197,
          0.0836,  0.1336, -0.1222, -0.0996, -0.0627,  0.1104, -0.2983, -0.0867],
        [ 0.0446, -0.0547, -0.0638, -0.0497,  0.1630,  0.1604, -0.1101, -0.1651,
          0.0852,  0.0674,  0.0297, -0.1423,  0.0776, -0.0988,  0.0965,  0.0670],
        [ 0.0692,  0.0156, -0.0280, -0.0729, -0.1216,  0.0693,  0.0765, -0.1944,
          0.1171,  0.1471,  0.2211,  0.1291,  0.0816, -0.1558,  0.2185,  0.0595],
        [ 0.0630, -0.0024,  0.0259,  0.1559,  0.1882,  0.0211,  0.0495,  0.0485,
         -0.1708,  0.0065, -0.1884, -0.1173,  0.0495, -0.1037, -0.1809, -0.0114],
        [-0.0862,  0.0810,  0.1760, -0.1223,  0.1227, -0.0079,  0.1544, -0.0209,
          0.0506, -0.1294,  0.0738,  0.0581,  0.0858,  0.0017,  0.2681,  0.1767],
        [ 0.1081, -0.0227, -0.0841, -0.0050, -0.0987, -0.0608,  0.0586, -0.0594,
          0.0317,  0.0285, -0.0730,  0.1016,  0.1074, -0.0750,  0.1515,  0.2794],
        [ 0.0245,  0.1895,  0.1926, -0.1126,  0.0577, -0.0760,  0.2053, -0.1561,
         -0.1479,  0.0393,  0.0482,  0.0247, -0.1089,  0.1424,  0.1937,  0.1159],
        [ 0.0062,  0.1536, -0.0408,  0.0621,  0.1755,  0.0221,  0.1572, -0.1240,
         -0.0380,  0.0629,  0.1007, -0.1932, -0.0240,  0.1446,  0.0379,  0.0603],
        [-0.1580, -0.0876, -0.1652, -0.0823, -0.0599,  0.0513,  0.0641,  0.0823,
         -0.0324, -0.0310,  0.1308, -0.0875, -0.1050,  0.1054, -0.0119, -0.0340],
        [ 0.0015, -0.0383,  0.0476, -0.0638,  0.1493,  0.0899, -0.1330,  0.1483,
          0.0982, -0.0174,  0.1180, -0.0327, -0.1381,  0.0818, -0.0135, -0.0424],
        [ 0.0378,  0.1742,  0.0353,  0.0956, -0.0516,  0.0165,  0.0523,  0.1181,
         -0.0426, -0.1037, -0.1436,  0.1336,  0.1038, -0.1057,  0.2131,  0.0929],
        [-0.0788, -0.0856, -0.0226, -0.0604, -0.2166, -0.0226, -0.1139, -0.1185,
         -0.0612,  0.1002, -0.0286,  0.1338, -0.1153, -0.1354, -0.1100, -0.1801],
        [ 0.1520,  0.0138,  0.0617, -0.0663, -0.0595, -0.1151, -0.0126, -0.0521,
         -0.0745,  0.0418,  0.0606,  0.0953, -0.1209, -0.0571, -0.0992, -0.1937],
        [ 0.0063, -0.0811, -0.0861,  0.1425, -0.1559, -0.0795,  0.1717, -0.0808,
         -0.0198,  0.1597,  0.0277,  0.2012,  0.0176, -0.0749, -0.0921,  0.0637],
        [-0.1154, -0.1759, -0.1139,  0.1035, -0.1115,  0.1521, -0.1144,  0.1306,
          0.0061, -0.1107, -0.2018, -0.0412, -0.0547, -0.0610, -0.1603, -0.1554],
        [-0.1397, -0.1464, -0.0547,  0.0753,  0.0708,  0.0356, -0.1219, -0.0203,
         -0.0238,  0.2089, -0.0708, -0.1996,  0.0215,  0.1065, -0.2696, -0.1625],
        [-0.1256,  0.0478,  0.1687, -0.0913,  0.1503,  0.1472,  0.0760, -0.1447,
         -0.0897,  0.0650, -0.0755, -0.0220, -0.0016,  0.0280,  0.0196, -0.0697],
        [-0.0944, -0.0052, -0.0251,  0.1245, -0.0310,  0.1207,  0.1185, -0.0169,
          0.1273, -0.1581,  0.0872,  0.1293, -0.0153, -0.0354,  0.1453, -0.1598],
        [ 0.2000,  0.0733,  0.2199, -0.0082, -0.0754,  0.0407, -0.0315, -0.0660,
         -0.0612,  0.0786,  0.0745,  0.1976, -0.0375, -0.0626,  0.1927,  0.2110],
        [ 0.2500,  0.1564,  0.1194,  0.1236,  0.0605,  0.0934,  0.0312, -0.0415,
         -0.0865, -0.0419,  0.0895,  0.0815,  0.1261,  0.1164,  0.1727,  0.1903],
        [-0.1538, -0.2826,  0.0139,  0.0077, -0.0761, -0.0530, -0.1340, -0.0230,
         -0.1465, -0.1256,  0.0264, -0.1324,  0.0741, -0.0425,  0.0697, -0.1898],
        [ 0.0221, -0.1292, -0.1142,  0.1030,  0.0081, -0.0732,  0.1029, -0.1395,
         -0.1358,  0.0681, -0.0267, -0.0771, -0.0998, -0.0810, -0.1220, -0.0179],
        [-0.0158,  0.0041,  0.0304,  0.1248, -0.0747,  0.1036,  0.0488,  0.0731,
         -0.0223, -0.0613, -0.2102,  0.1591,  0.0719,  0.0548, -0.0057,  0.1273],
        [-0.0247, -0.1502, -0.1766,  0.1883,  0.1060, -0.0156, -0.0176, -0.0335,
         -0.0244,  0.2125, -0.0933, -0.2320, -0.0202,  0.1113, -0.1523,  0.0959],
        [ 0.0994, -0.0121, -0.1222,  0.0417, -0.0489,  0.0934,  0.0148, -0.0893,
          0.0647,  0.1552,  0.0038, -0.1518, -0.0584,  0.0294,  0.1108,  0.1660],
        [ 0.0078,  0.0301,  0.0883,  0.0801,  0.1242, -0.0710,  0.0318,  0.1179,
         -0.1647,  0.1183,  0.1065, -0.0184, -0.1144,  0.1732,  0.0980,  0.1916],
        [ 0.1321,  0.0155,  0.1327,  0.0522,  0.0084, -0.0621,  0.1723, -0.1254,
         -0.1205, -0.1143,  0.0795,  0.2427,  0.0071,  0.0543,  0.1722,  0.1589],
        [-0.0585,  0.1693, -0.1333, -0.1660,  0.1532,  0.1234,  0.1092, -0.0652,
          0.0322,  0.0562,  0.0074, -0.2283,  0.0464, -0.1796,  0.0414, -0.0477],
        [ 0.0459, -0.0576,  0.1258, -0.1288, -0.0537, -0.0386, -0.0092, -0.0218,
          0.0879, -0.0105, -0.0779,  0.0921,  0.0382, -0.1880,  0.0610,  0.1614],
        [ 0.1031,  0.0495, -0.0293, -0.0342,  0.0435,  0.1478, -0.0269,  0.1519,
          0.0402, -0.1250,  0.1810, -0.1101, -0.0004,  0.0069,  0.2498,  0.1305],
        [-0.1174, -0.0787,  0.0132, -0.0988,  0.1521, -0.0305, -0.0367,  0.0015,
         -0.0045,  0.2040, -0.1489, -0.2826, -0.0733, -0.1039, -0.1337, -0.0980]],
       device='cuda:0')), ('bn3.weight', tensor([1., 1., 1., 1., 1., 1., 1., 1., 1., 1., 1., 1., 1., 1., 1., 1., 1., 1.,
        1., 1., 1., 1., 1., 1., 1., 1., 1., 1., 1., 1., 1., 1.],
       device='cuda:0')), ('bn3.bias', tensor([0., 0., 0., 0., 0., 0., 0., 0., 0., 0., 0., 0., 0., 0., 0., 0., 0., 0., 0., 0., 0., 0., 0., 0.,
        0., 0., 0., 0., 0., 0., 0., 0.], device='cuda:0')), ('bn3.running_mean', tensor([0., 0., 0., 0., 0., 0., 0., 0., 0., 0., 0., 0., 0., 0., 0., 0., 0., 0., 0., 0., 0., 0., 0., 0.,
        0., 0., 0., 0., 0., 0., 0., 0.], device='cuda:0')), ('bn3.running_var', tensor([1., 1., 1., 1., 1., 1., 1., 1., 1., 1., 1., 1., 1., 1., 1., 1., 1., 1.,
        1., 1., 1., 1., 1., 1., 1., 1., 1., 1., 1., 1., 1., 1.],
       device='cuda:0')), ('bn3.num_batches_tracked', tensor(0, device='cuda:0'))])