OrderedDict([('conv1.bias', tensor([-4.2959e-06,  2.0067e-06,  1.4579e-06, -3.5325e-07, -1.3048e-06,
        -1.7760e-06, -1.1182e-06, -4.8876e-07], device='cuda:0')), ('conv1.lin.weight', tensor([[-1.0854e-01,  2.1436e-01,  3.8527e-02,  8.0641e-02,  2.5242e-03,
         -2.2625e-01,  5.1049e-42,  8.1065e-42, -3.7415e-43, -2.3976e-42,
         -9.6234e-02],
        [-8.0907e-02,  2.4173e-01, -1.8101e-02, -2.5924e-02, -6.4547e-04,
         -1.9029e-03,  8.3186e-18,  5.1007e-43, -6.0410e-42,  6.8493e-19,
          7.1885e-02],
        [ 1.7948e-02, -8.3293e-03,  8.5124e-03, -5.5699e-04, -3.6312e-04,
          1.7455e-01, -3.3309e-42,  2.0221e-42, -3.8003e-42, -5.5001e-42,
         -2.1034e-01],
        [-2.7136e-01,  2.0474e-01,  7.7162e-03,  1.7229e-02,  1.2441e-03,
          6.8742e-02,  6.8243e-43,  5.8601e-06, -1.0510e-42, -3.2888e-42,
          1.3672e-01],
        [ 1.2305e-01, -1.3077e-01, -2.7604e-02, -6.2800e-02,  4.6982e-04,
         -6.3095e-02, -1.6605e-42,  1.8791e-42,  9.7278e-42, -3.0436e-25,
         -1.0872e-01],
        [-1.3536e-01, -5.5832e-02,  1.8409e-02,  3.2029e-02,  9.2846e-04,
         -3.1893e-01,  4.3660e-30, -1.5596e-42, -1.1561e-42,  9.6269e-43,
          2.4545e-01],
        [ 6.6321e-02, -1.1777e-01,  2.1939e-02,  1.4256e-01,  4.3623e-03,
         -1.2181e-01, -3.6182e-42, -2.8895e-42, -2.0250e-14,  7.0205e-43,
         -1.2791e-01],
        [ 2.6347e-01, -3.5939e-02, -2.3551e-02, -2.4468e-02, -5.3053e-04,
         -2.6191e-01, -2.0851e-42, -2.0040e-11,  3.8900e-42,  2.3191e-42,
         -2.3508e-02]], device='cuda:0')), ('conv1.aggr.t', tensor([1.], device='cuda:0')), ('bn1.weight', tensor([0.6911, 0.5770, 0.9279, 0.7856, 0.6634, 0.7656, 0.7086, 0.7287],
       device='cuda:0')), ('bn1.bias', tensor([0.0414, 0.0419, 0.0975, 0.0373, 0.0556, 0.0616, 0.0885, 0.0845],
       device='cuda:0')), ('bn1.running_mean', tensor([-0.8640,  0.0874,  0.5359,  0.2888, -0.2976, -1.1328, -0.5336, -0.8856],
       device='cuda:0')), ('bn1.running_var', tensor([4.8350, 0.1439, 2.9951, 0.8866, 0.5352, 9.6565, 1.5431, 6.7097],
       device='cuda:0')), ('bn1.num_batches_tracked', tensor(47024, device='cuda:0')), ('conv2.bias', tensor([ 2.1414e-06, -1.5486e-06, -5.6015e-06,  3.1391e-06, -8.6466e-07,
         2.6751e-06, -3.7658e-06,  6.4446e-06, -2.9877e-06,  5.4436e-07,
        -5.4650e-06,  2.9353e-06,  4.1494e-07,  5.8614e-06,  3.7715e-06,
        -2.2769e-06], device='cuda:0')), ('conv2.lin.weight', tensor([[ 0.0952,  0.2160,  0.3303,  0.0027, -0.0290, -0.1034,  0.0082,  0.2170],
        [-0.0424, -0.1403, -0.2542,  0.3314, -0.0430,  0.3134, -0.0090,  0.0701],
        [-0.1598,  0.0670,  0.3168, -0.1975,  0.0748, -0.2144, -0.1517,  0.0992],
        [ 0.1308,  0.0572,  0.2476, -0.2053,  0.0356,  0.2633, -0.0329, -0.1095],
        [-0.1730, -0.0352, -0.0291, -0.2088,  0.0970, -0.0164, -0.2213, -0.0718],
        [-0.2580, -0.1384,  0.0235,  0.2356,  0.0586,  0.0971, -0.1078,  0.1281],
        [ 0.0033, -0.1335, -0.2282, -0.1925, -0.0024,  0.0873, -0.1250,  0.0268],
        [-0.0625,  0.0580, -0.0818,  0.1179,  0.0407, -0.0595,  0.1668, -0.0029],
        [-0.0461, -0.0293,  0.1303,  0.3131,  0.1466,  0.0645, -0.0997,  0.0123],
        [ 0.0967, -0.1123, -0.3124, -0.0242, -0.1987, -0.2398,  0.1129,  0.2023],
        [ 0.3285,  0.0037, -0.2704,  0.1298,  0.2537,  0.1178, -0.1713,  0.0677],
        [ 0.0912, -0.2786, -0.0599, -0.1530, -0.0247, -0.2032, -0.0517, -0.0048],
        [ 0.1005, -0.1709, -0.3050,  0.3424, -0.0467, -0.0608,  0.0592, -0.2626],
        [-0.0034, -0.1734, -0.2131,  0.3772,  0.0985, -0.1300,  0.0940,  0.0733],
        [-0.1010, -0.0172,  0.1435,  0.0536,  0.1585, -0.0873,  0.3959,  0.0535],
        [ 0.0820,  0.0801,  0.1374,  0.2201,  0.1011, -0.0735, -0.1225, -0.2025]],
       device='cuda:0')), ('conv2.aggr.t', tensor([1.], device='cuda:0')), ('bn2.weight', tensor([0.7388, 0.7429, 0.7141, 0.7142, 0.6686, 0.6633, 0.7239, 0.6283, 0.7454,
        0.7508, 0.7534, 0.6309, 0.7259, 0.8254, 0.6974, 0.6535],
       device='cuda:0')), ('bn2.bias', tensor([ 0.2226, -0.4895, -0.6240, -0.3001, -0.0383, -0.2215,  0.4460, -0.0956,
         0.6068, -0.5172, -0.2508, -0.0545, -0.1103,  0.2523, -0.1568, -0.4805],
       device='cuda:0')), ('bn2.running_mean', tensor([ 0.1883,  0.0654, -0.0354,  0.1016, -0.1723,  0.0301, -0.1475,  0.0418,
         0.1353, -0.1244,  0.0949, -0.1622, -0.0925,  0.0397,  0.1724,  0.0483],
       device='cuda:0')), ('bn2.running_var', tensor([0.1298, 0.0863, 0.1062, 0.0558, 0.0329, 0.0452, 0.1167, 0.0130, 0.0983,
        0.1264, 0.0987, 0.0628, 0.0962, 0.0732, 0.0433, 0.0911],
       device='cuda:0')), ('bn2.num_batches_tracked', tensor(47024, device='cuda:0')), ('conv3.bias', tensor([-2.0770e-06,  4.2550e-07, -1.0966e-06,  3.2814e-06, -2.5539e-06,
        -3.7708e-06, -1.6341e-06, -1.9786e-06,  1.3803e-06, -2.0509e-07,
        -1.7752e-06, -2.0330e-06, -2.0390e-06,  7.7950e-07, -1.2864e-06,
         5.0447e-07, -2.0798e-06,  7.9750e-07,  4.1248e-07, -3.3056e-06,
         1.1542e-06, -1.4985e-06, -6.8411e-07,  1.2480e-07,  3.8594e-07,
         1.4942e-06,  2.8650e-06, -1.8094e-06,  1.8850e-06,  8.8353e-07,
        -7.2130e-07, -4.2939e-06], device='cuda:0')), ('conv3.lin.weight', tensor([[ 4.8286e-02,  1.6664e-02, -9.1350e-04,  1.1323e-01, -9.2499e-03,
         -7.0073e-02, -9.1402e-04, -8.2939e-02, -3.1365e-03,  1.1620e-02,
          1.9235e-01,  1.0051e-01, -6.8468e-02,  2.0521e-01,  6.8921e-02,
          9.2358e-02],
        [-1.4079e-01,  1.9662e-01,  1.7826e-01,  3.2326e-02,  1.8892e-01,
          1.1348e-01, -1.7927e-01,  1.2117e-01, -2.1592e-01,  1.4578e-01,
         -2.8441e-02, -7.1287e-02, -9.4045e-02, -8.0426e-02,  5.4382e-02,
          1.3882e-01],
        [ 1.4568e-01,  5.1877e-02, -1.1357e-01,  2.4312e-01, -1.1525e-01,
          1.3888e-01, -6.7104e-02, -1.2559e-02, -1.5056e-01,  1.6654e-01,
         -9.2617e-02,  1.7357e-01, -4.4800e-02,  7.1935e-02, -1.5601e-01,
          1.0241e-01],
        [-9.4844e-03, -1.0685e-01, -9.2936e-02, -4.2905e-03, -8.1241e-02,
          2.7924e-03,  1.3080e-01,  1.2295e-01,  6.9963e-02,  1.1654e-01,
         -4.1701e-02, -6.4633e-02,  1.3058e-04, -7.5696e-02,  1.1910e-02,
         -2.9276e-02],
        [ 1.9124e-01, -1.4720e-01, -1.6298e-01, -1.7259e-01, -2.3628e-02,
         -5.4859e-02,  6.8840e-02, -1.5960e-01, -5.1038e-02, -2.5305e-02,
         -1.6118e-01, -7.2872e-03,  6.5254e-02,  9.1027e-02,  5.0245e-03,
         -1.1005e-01],
        [ 9.0322e-02, -2.2318e-01, -2.1325e-01,  3.1995e-02,  9.7297e-02,
         -1.3410e-02,  9.4057e-03, -1.7101e-02,  2.2074e-01, -2.0363e-01,
          1.2754e-02,  1.4311e-01,  1.5141e-01,  3.8822e-02, -1.0498e-01,
         -1.5125e-01],
        [ 2.9504e-02, -1.3064e-01, -5.3363e-02, -1.8245e-01, -8.1261e-02,
         -8.5034e-02,  1.3101e-01, -1.4235e-01,  2.2064e-01, -1.9924e-01,
          7.0459e-02, -1.5290e-01, -1.3871e-01,  1.4240e-01, -9.2077e-02,
         -2.9803e-01],
        [ 4.8347e-02, -1.4299e-01, -3.9257e-02,  1.1239e-01, -1.8950e-02,
          1.1407e-01, -2.4401e-01,  2.1102e-02, -1.7650e-01,  2.3014e-01,
          5.1128e-02, -5.3268e-02,  7.7413e-02,  1.6273e-02, -2.8473e-02,
          1.3163e-01],
        [-8.8797e-02, -1.8369e-01, -1.2220e-01, -1.2567e-01, -7.7767e-02,
         -2.8722e-02,  1.3505e-01,  4.2760e-02,  1.5988e-01, -1.9384e-01,
         -1.5911e-01, -4.3205e-02,  1.0880e-01, -1.7054e-01, -4.9278e-02,
         -1.6112e-01],
        [ 1.6131e-01,  2.0271e-02, -2.1709e-02, -4.4700e-02, -5.0492e-02,
          5.2270e-02,  1.6914e-01,  1.2551e-01, -4.2043e-02, -1.4749e-01,
         -2.1524e-01, -6.6766e-02,  1.2885e-01,  1.4464e-02, -1.3651e-01,
         -1.5278e-01],
        [-2.3131e-02, -8.6736e-02,  1.1366e-01, -6.7203e-02,  1.1214e-01,
         -5.3965e-02,  2.4494e-02,  3.2814e-02,  1.5320e-01,  1.9578e-01,
         -1.9541e-01, -1.4957e-01,  6.5738e-02,  7.7033e-02, -1.5338e-01,
         -4.1375e-02],
        [ 8.1845e-02,  5.4082e-02, -8.1121e-02, -8.7993e-02, -5.0560e-02,
         -1.0256e-02, -5.6930e-03, -2.2504e-01,  9.1173e-02,  3.8319e-02,
          2.2209e-03,  9.1169e-03,  5.7399e-03, -1.1427e-01,  9.0589e-02,
         -2.1289e-01],
        [ 1.2281e-01, -1.3582e-02, -2.1659e-01,  1.6124e-02,  1.2796e-01,
         -6.9702e-02, -7.4270e-03,  4.1430e-02,  2.4612e-01,  1.9571e-01,
          7.7853e-02, -1.1196e-02, -1.1937e-01,  1.5397e-02,  3.7987e-02,
         -1.7541e-02],
        [ 2.0653e-01,  9.7979e-02,  3.2352e-02, -1.4438e-01,  1.1174e-01,
          7.2051e-02,  1.1020e-01, -5.0907e-02,  1.2929e-02, -3.6813e-02,
          3.0273e-02, -9.3984e-02, -1.6938e-01,  3.8509e-02, -1.1163e-02,
         -1.1101e-01],
        [ 3.6864e-02, -1.8758e-01, -3.5887e-01,  2.7504e-02,  8.4654e-02,
         -1.3483e-01,  1.9616e-01,  6.4750e-03,  1.9056e-01, -1.8115e-01,
         -1.6250e-01, -2.6194e-02, -6.8680e-02,  2.3427e-01,  6.2441e-02,
         -9.1101e-02],
        [-7.8266e-02,  4.1082e-02,  6.5471e-02,  7.7119e-02,  9.3818e-02,
         -1.3055e-01, -2.3929e-01, -7.5239e-02,  2.8383e-02,  1.6278e-01,
          2.8171e-02,  3.6376e-03,  1.9397e-01, -6.4407e-03,  2.3045e-01,
         -6.9613e-02],
        [ 1.5165e-01, -4.9855e-03, -1.0472e-01, -8.0695e-02,  1.8613e-03,
         -1.5266e-01,  1.3300e-01,  8.3328e-02,  1.6614e-03, -1.6034e-01,
         -1.7608e-02,  3.1553e-02, -1.0433e-01,  1.6306e-03, -4.5127e-02,
         -3.9975e-02],
        [-6.8912e-02, -4.7716e-02,  1.4403e-01,  1.3111e-01,  1.1151e-02,
          1.0098e-01, -1.6741e-01,  1.0575e-01, -1.9362e-01, -6.8435e-02,
         -1.6986e-02,  1.6391e-01, -1.0862e-01,  2.6880e-01, -8.2342e-02,
         -1.0361e-01],
        [-5.6542e-03, -5.4837e-02,  8.5267e-02,  5.3067e-02,  1.0982e-01,
         -1.3655e-01, -1.7111e-01,  1.6163e-01,  6.2529e-02,  8.2179e-02,
         -7.7527e-02, -9.0110e-02, -1.7510e-01,  1.9289e-01, -9.0294e-02,
         -1.6867e-01],
        [ 1.2262e-01, -1.7740e-01, -4.3849e-02,  5.9792e-03, -2.3631e-03,
         -9.3563e-02,  4.1737e-02,  1.8264e-01,  7.7182e-02, -1.1072e-01,
         -1.9394e-01,  1.0680e-01,  1.1111e-03,  2.6796e-01, -2.4605e-01,
         -7.2635e-02],
        [ 2.5484e-01, -7.2267e-02, -1.4485e-01,  1.9039e-01,  4.1804e-02,
         -7.7869e-03, -1.8766e-02, -8.4617e-02, -1.2784e-02, -8.6580e-03,
          1.1851e-02, -8.3308e-02,  7.4198e-02,  1.5933e-01, -8.6242e-02,
         -8.1930e-02],
        [ 2.0598e-01, -3.1213e-02, -2.7913e-01,  6.7487e-03, -2.6706e-02,
         -4.1873e-02, -2.0005e-02, -1.3437e-01,  2.0086e-01,  1.5368e-01,
         -7.6195e-02, -2.4977e-02, -1.3162e-01,  1.3329e-01,  4.0065e-02,
         -1.9783e-01],
        [ 1.7313e-01, -1.6278e-01,  3.4161e-02,  1.1038e-01,  2.7129e-02,
         -4.6060e-02,  2.9865e-02,  6.4856e-02, -1.0564e-02, -7.7631e-02,
          1.7228e-01, -1.8864e-02,  8.8183e-02,  1.2923e-01,  5.4518e-02,
         -7.4458e-02],
        [ 8.6077e-03,  1.9933e-01,  3.9577e-02,  2.3837e-02,  2.6130e-01,
          1.1296e-01, -9.2649e-02,  3.0136e-02, -2.1728e-01, -6.5007e-02,
         -4.4421e-02, -1.1674e-01,  1.5550e-01, -4.8209e-02,  8.1846e-02,
          2.3982e-02],
        [-1.4091e-01, -6.0226e-02, -7.6056e-02,  1.2196e-01, -1.3504e-01,
         -8.6570e-02, -1.4536e-01, -5.3660e-02, -1.6479e-01,  1.0153e-01,
         -1.1688e-01, -3.8617e-02,  5.9924e-02,  7.1154e-02,  3.3533e-02,
          7.5685e-02],
        [-7.0762e-02,  1.9799e-01,  1.7995e-01,  2.2319e-01,  4.4839e-02,
         -3.4540e-03, -1.2405e-02,  1.1008e-01, -1.5710e-01,  1.2743e-01,
          5.2864e-02, -1.2746e-01,  1.3602e-01, -1.3590e-01,  1.5526e-01,
          1.2831e-01],
        [ 2.5196e-02,  1.7226e-01, -1.9528e-02,  1.2298e-01, -1.0795e-01,
          8.5550e-02,  1.1124e-01,  3.0484e-02,  1.2355e-02,  1.0579e-01,
         -1.3946e-01, -3.0387e-02, -8.0535e-02,  3.1286e-02,  1.6367e-02,
         -5.2847e-02],
        [ 1.1220e-01,  1.4074e-01,  2.7007e-01,  2.7011e-01, -1.2119e-01,
         -1.4400e-02, -7.2203e-02,  4.9715e-02, -1.2362e-01,  1.1958e-01,
          1.2776e-01,  1.0110e-01,  8.2437e-02,  5.6509e-02, -1.3246e-01,
         -1.2056e-01],
        [ 1.3820e-01,  1.6085e-01, -2.7217e-02, -1.4897e-01,  1.4913e-02,
          8.1150e-02, -9.8586e-02, -2.1670e-02,  3.2706e-02,  2.7398e-01,
         -6.9435e-02,  5.5302e-02, -1.5631e-01, -1.4437e-01,  8.3860e-02,
          1.6086e-02],
        [ 6.6857e-02,  9.1647e-02, -1.7541e-01,  1.4104e-01, -6.1247e-02,
          2.2765e-02,  6.2383e-02, -5.1342e-03, -1.2867e-01, -1.9106e-01,
         -1.2896e-01, -2.2070e-02, -3.8239e-02,  9.5165e-02, -1.0305e-01,
         -1.6667e-01],
        [-1.7251e-01,  6.4159e-02, -1.8486e-01, -9.2734e-02,  6.1911e-02,
         -1.1461e-03, -1.0641e-01, -7.4959e-03,  1.4584e-01, -4.2816e-02,
         -1.4738e-01, -1.2003e-01, -1.6882e-01, -6.2623e-02,  1.2125e-01,
         -1.7928e-01],
        [ 1.3844e-01,  1.7092e-01,  2.1269e-01, -8.8935e-02, -4.0856e-02,
          1.3435e-02, -1.4008e-01, -6.4637e-02, -1.5709e-01,  2.2150e-01,
          1.0424e-01,  5.9851e-02, -3.0252e-02, -5.0121e-02, -6.8533e-02,
          1.2029e-01]], device='cuda:0')), ('bn3.weight', tensor([1., 1., 1., 1., 1., 1., 1., 1., 1., 1., 1., 1., 1., 1., 1., 1., 1., 1.,
        1., 1., 1., 1., 1., 1., 1., 1., 1., 1., 1., 1., 1., 1.],
       device='cuda:0')), ('bn3.bias', tensor([0., 0., 0., 0., 0., 0., 0., 0., 0., 0., 0., 0., 0., 0., 0., 0., 0., 0., 0., 0., 0., 0., 0., 0.,
        0., 0., 0., 0., 0., 0., 0., 0.], device='cuda:0')), ('bn3.running_mean', tensor([0., 0., 0., 0., 0., 0., 0., 0., 0., 0., 0., 0., 0., 0., 0., 0., 0., 0., 0., 0., 0., 0., 0., 0.,
        0., 0., 0., 0., 0., 0., 0., 0.], device='cuda:0')), ('bn3.running_var', tensor([1., 1., 1., 1., 1., 1., 1., 1., 1., 1., 1., 1., 1., 1., 1., 1., 1., 1.,
        1., 1., 1., 1., 1., 1., 1., 1., 1., 1., 1., 1., 1., 1.],
       device='cuda:0')), ('bn3.num_batches_tracked', tensor(0, device='cuda:0'))])