OrderedDict([('conv1.bias', tensor([ 2.5280e-06,  1.8699e-05, -1.7158e-06,  4.8887e-05, -1.3236e-05,
         2.3660e-06,  6.9614e-06, -1.0291e-05], device='cuda:0')), ('conv1.lin.weight', tensor([[-2.9794e-01, -4.5740e-01, -1.0982e-01, -1.1781e-01, -1.2850e-02,
          1.2764e-01,  2.0977e-42,  4.0778e-42,  1.9296e-09,  2.3402e-43,
         -1.8362e-01],
        [-2.4214e-01, -1.1254e-01, -1.2507e-01,  7.9422e-02,  1.8535e-02,
         -1.0284e-01,  1.6101e-42,  1.2864e-42, -8.4288e-42,  3.0128e-43,
          1.9370e-01],
        [-1.8284e-01, -2.5550e-02, -2.2159e-01, -2.4189e-01,  2.2179e-01,
          3.8254e-02,  2.0711e-42,  2.3808e-42,  2.6555e-42, -2.3346e-42,
         -1.5790e-01],
        [-3.5317e-01, -1.9721e-01,  6.3258e-02,  2.2719e-01,  2.2054e-02,
         -1.5107e-01, -3.9713e-42,  1.7199e-15, -8.1325e-10,  4.3861e-43,
          2.6117e-01],
        [-3.7497e-01,  2.7024e-01,  2.3014e-01,  1.1839e-01, -1.0653e-01,
         -1.6768e-02,  3.4752e-42, -2.2785e-42, -7.2271e-09, -4.6803e-43,
         -2.6457e-01],
        [ 1.2894e-01,  2.3855e-01,  3.5546e-01, -5.2991e-01,  6.6123e-05,
          9.5472e-02,  3.0845e-38,  2.1776e-42,  8.4358e-43, -1.2275e-42,
         -4.0125e-01],
        [-1.4851e-01, -3.6018e-01,  2.6442e-01, -5.5252e-01, -3.1929e-02,
          7.4647e-02, -6.1013e-42,  5.2226e-42,  1.4027e-42,  3.8956e-43,
          2.6319e-02],
        [-5.9960e-02,  2.1911e-01, -1.0847e-01, -5.3152e-02,  1.5783e-02,
          6.6621e-02, -4.4535e-06, -2.1356e-42, -3.5453e-43,  4.2611e-10,
         -7.0543e-02]], device='cuda:0')), ('conv1.aggr.t', tensor([1.], device='cuda:0')), ('bn1.weight', tensor([0.8832, 0.8818, 0.9256, 0.8156, 0.7896, 0.9304, 0.8411, 0.8998],
       device='cuda:0')), ('bn1.bias', tensor([ 0.1345, -0.1648,  0.1984, -0.3321,  0.0953,  0.0990,  0.1413,  0.1139],
       device='cuda:0')), ('bn1.running_mean', tensor([ 0.0435, -0.4262, -0.0729, -0.6304, -0.2657,  0.2499,  0.0656,  0.2614],
       device='cuda:0')), ('bn1.running_var', tensor([0.0552, 0.0248, 0.0076, 0.0443, 0.0231, 0.0440, 0.0157, 0.0252],
       device='cuda:0')), ('bn1.num_batches_tracked', tensor(47024, device='cuda:0')), ('conv2.bias', tensor([ 1.5795e-06,  2.9898e-06,  6.6932e-06, -2.8021e-07,  1.1116e-05,
         7.9402e-06, -2.0652e-06,  3.4005e-05, -1.4910e-05,  2.9280e-06,
         2.1063e-06, -1.0630e-06,  5.9451e-06, -4.6708e-06,  2.9685e-06,
        -9.4479e-06], device='cuda:0')), ('conv2.lin.weight', tensor([[ 0.3200, -0.1548,  0.3171,  0.1538,  0.4521, -0.0292, -0.2282, -0.3903],
        [-0.2229,  0.1900, -0.0499,  0.3575, -0.3002,  0.0690,  0.3640, -0.1076],
        [ 0.0250, -0.2323,  0.0448,  0.2414,  0.1527,  0.2770,  0.1596,  0.2681],
        [ 0.5405, -0.0202, -0.0347,  0.3739, -0.3328,  0.1095, -0.3044, -0.1613],
        [ 0.0981,  0.0899, -0.1314, -0.0533, -0.2015,  0.1884,  0.4310, -0.0386],
        [-0.4003, -0.1209, -0.2686,  0.1614, -0.1540,  0.0590,  0.1527,  0.0895],
        [-0.3105,  0.4516, -0.2226, -0.2727,  0.1020, -0.1251,  0.1665, -0.0736],
        [-0.1949,  0.2272,  0.1424,  0.4201,  0.1310,  0.1260,  0.3062,  0.1371],
        [ 0.2220, -0.3226,  0.0927,  0.2950, -0.1682,  0.1793,  0.0578,  0.1781],
        [ 0.2537,  0.3457, -0.3476,  0.0877, -0.2244, -0.3487, -0.3282,  0.0635],
        [ 0.4055,  0.2305,  0.4225, -0.4298,  0.2724, -0.1693, -0.2948, -0.3512],
        [ 0.2686,  0.1576,  0.2797, -0.0296,  0.2999, -0.1333, -0.3121, -0.2253],
        [-0.0987, -0.4245, -0.0877, -0.1713,  0.1772, -0.1169, -0.1727,  0.1707],
        [ 0.2244,  0.3147,  0.1589, -0.3018, -0.0816, -0.3258, -0.3764, -0.4857],
        [-0.0722, -0.3812, -0.2990,  0.1626, -0.1096, -0.2491, -0.0227, -0.0738],
        [-0.3134, -0.1949, -0.1501, -0.1961,  0.0156, -0.4407,  0.0466,  0.1786]],
       device='cuda:0')), ('conv2.aggr.t', tensor([1.], device='cuda:0')), ('bn2.weight', tensor([0.8519, 0.8491, 0.8947, 0.7640, 0.8195, 0.8559, 0.8422, 0.8518, 0.8787,
        0.8812, 0.8293, 0.8083, 0.6724, 0.8737, 0.8678, 0.8788],
       device='cuda:0')), ('bn2.bias', tensor([ 0.2527, -0.6147, -0.1334,  0.0969, -0.1059, -0.5474,  0.7322, -0.0909,
         0.6103, -0.5165,  0.3276, -0.5743,  0.0071, -0.4491, -0.1977,  0.0732],
       device='cuda:0')), ('bn2.running_mean', tensor([ 0.1454, -0.0157,  0.3516,  0.0145,  0.1325, -0.2256, -0.1551,  0.3603,
         0.2176, -0.2565,  0.1107,  0.1072, -0.1748, -0.3152, -0.4101, -0.3498],
       device='cuda:0')), ('bn2.running_var', tensor([0.2908, 0.2022, 0.2731, 0.1963, 0.1841, 0.2128, 0.1992, 0.1589, 0.1498,
        0.4906, 0.3206, 0.1817, 0.0797, 0.3662, 0.2336, 0.2334],
       device='cuda:0')), ('bn2.num_batches_tracked', tensor(47024, device='cuda:0')), ('conv3.bias', tensor([ 1.0333e-06, -3.1196e-06, -1.7368e-06, -1.1580e-07, -1.5899e-06,
         2.3292e-06, -6.6682e-07,  7.9210e-07, -2.1961e-06,  3.0230e-06,
        -1.5452e-06,  1.7444e-07, -3.3200e-06,  1.1297e-06,  2.6112e-06,
         5.7008e-07,  2.0584e-06,  1.0834e-06, -2.1019e-06,  1.5681e-06,
        -1.3744e-06,  1.7812e-07, -3.1257e-07, -6.7787e-07, -1.0916e-06,
        -2.6886e-06, -1.2216e-07, -2.7584e-06, -2.0599e-06, -1.9847e-06,
         3.1504e-06, -1.4544e-06], device='cuda:0')), ('conv3.lin.weight', tensor([[ 3.8796e-02, -1.0254e-01,  8.6296e-02,  9.9776e-02, -5.6236e-02,
          1.3321e-01,  5.0380e-03,  5.0379e-02, -2.5041e-01, -1.0817e-02,
          3.9064e-02,  1.9595e-02, -6.5079e-02, -2.5181e-01,  1.4788e-01,
         -1.2422e-01],
        [ 7.8693e-02,  1.5646e-01,  1.8562e-01,  9.0134e-02,  3.5166e-02,
          6.7751e-02,  2.2621e-01,  9.7390e-02,  1.9845e-01,  7.2310e-02,
          2.5239e-01,  1.7006e-02,  9.6888e-02, -5.1342e-02,  2.3862e-01,
          5.7536e-02],
        [ 7.6671e-02, -3.5413e-01,  6.2002e-02, -1.0475e-01,  1.8097e-01,
         -3.4186e-01,  4.0964e-01, -2.3890e-01,  4.7975e-01, -4.2621e-01,
          2.1081e-01, -2.7290e-01,  9.5859e-02, -1.6299e-01, -2.1560e-01,
          1.1834e-01],
        [-1.1304e-01,  4.0471e-02,  1.3138e-01, -5.6874e-02,  2.0232e-01,
         -4.0965e-02,  1.7449e-02, -1.3607e-01, -1.0834e-01, -1.9456e-01,
         -1.9214e-01,  3.1658e-01,  3.0866e-02,  7.1806e-02,  1.0805e-01,
         -2.3460e-02],
        [ 1.1696e-01, -1.7702e-01, -1.4695e-01, -3.0912e-02, -1.9579e-01,
          1.6464e-01,  1.5452e-01,  8.0638e-02,  3.1380e-01,  1.9737e-01,
          1.6754e-01, -1.6534e-01, -1.9353e-01, -2.3840e-01,  1.6378e-01,
         -8.1141e-02],
        [ 2.1085e-01, -6.0579e-02,  2.0396e-01,  7.6224e-02, -9.3315e-02,
          1.6729e-01, -9.4056e-03,  3.1107e-02,  1.8518e-01, -9.7419e-03,
         -1.5638e-01, -8.0943e-02, -7.6069e-02,  2.0474e-01, -9.8846e-02,
          3.2406e-01],
        [ 2.7172e-01,  1.2441e-01, -2.1742e-02,  8.3576e-02,  7.8483e-02,
         -1.8245e-02,  2.1300e-01,  4.2967e-02,  1.4700e-01,  6.1763e-02,
         -3.1720e-03,  4.0328e-02,  2.0785e-02, -8.3062e-02,  2.8383e-02,
          1.2909e-01],
        [-7.0444e-02,  4.3571e-02, -2.0682e-02, -7.3010e-02,  2.5140e-01,
         -2.6998e-02, -1.2320e-02,  8.1649e-02,  1.3952e-01,  1.2401e-01,
          6.1506e-02,  1.3190e-01,  1.4262e-01,  6.1135e-02, -4.0487e-04,
          1.6006e-01],
        [ 1.8215e-01, -7.4470e-02,  2.4721e-01, -8.9835e-02, -7.4178e-03,
         -1.8806e-01,  1.0165e-01, -1.1234e-01, -6.0377e-02,  1.3968e-01,
          2.9768e-02, -3.1709e-01, -7.3843e-02,  1.6865e-01, -4.2426e-02,
          1.0086e-01],
        [ 1.3407e-01,  8.7630e-02,  1.8869e-01, -1.5595e-01,  1.4071e-01,
          3.0285e-01, -1.5926e-01, -8.7779e-02, -8.1361e-02,  1.2630e-01,
          2.6645e-01,  9.4652e-02,  3.5567e-02, -6.4215e-02,  1.6786e-01,
         -1.8620e-02],
        [-1.4763e-01, -1.1031e-01, -3.1476e-01,  1.2106e-01,  5.1100e-02,
         -1.7727e-01,  2.3162e-01,  1.4988e-01,  2.3010e-01, -1.7010e-01,
         -9.5257e-02,  1.9818e-02,  4.5642e-02,  1.0898e-01, -1.4594e-01,
          1.2241e-01],
        [ 4.0789e-03,  1.4182e-01,  3.1005e-01, -3.6247e-02, -5.7727e-02,
         -3.5564e-02,  1.3735e-01,  9.0601e-02,  2.5355e-02,  2.9210e-01,
          1.5088e-01, -3.6070e-02,  5.3755e-02,  7.1743e-02,  1.3975e-01,
         -2.3420e-01],
        [ 2.9470e-01,  1.5981e-01, -2.3321e-01,  2.6473e-02, -8.7029e-02,
          1.4850e-01, -1.6129e-01,  6.3300e-02,  2.0744e-01,  1.6805e-01,
         -1.6412e-01,  1.1652e-01, -3.2238e-02, -1.6032e-01, -1.8943e-01,
          1.9097e-01],
        [ 3.9653e-02,  2.4147e-02,  2.6064e-01, -3.1600e-03, -1.3093e-01,
         -9.9396e-02,  2.0853e-02, -9.0339e-02, -1.7831e-01,  1.6879e-01,
         -5.2782e-02, -3.6218e-03, -1.0543e-02, -1.2259e-01,  1.0049e-01,
         -1.5501e-01],
        [ 8.6397e-03,  6.1211e-02,  2.7729e-01,  3.2537e-02,  1.3979e-02,
          1.4604e-01, -5.0018e-02, -1.7931e-02, -1.7268e-01,  1.6775e-01,
          2.7144e-02,  9.6107e-02, -4.8253e-02, -6.9322e-02, -2.1477e-01,
          1.6648e-01],
        [ 9.1660e-02, -9.6006e-02, -1.4861e-01,  9.2567e-02, -1.2766e-01,
         -6.3995e-02, -2.9958e-02,  1.7990e-01, -1.5161e-01, -6.6545e-02,
         -3.8782e-02, -1.5385e-01, -1.9196e-01, -8.3896e-02, -3.1335e-02,
          2.7197e-02],
        [-1.3172e-01, -2.5373e-02,  2.1983e-01, -6.7845e-02,  4.3350e-02,
          1.5028e-01, -1.8867e-01, -1.0855e-01, -1.6116e-01,  1.1058e-01,
          4.5241e-02, -2.6028e-02, -7.1430e-03,  1.1501e-01, -2.9672e-01,
          1.1455e-01],
        [ 1.0148e-01,  2.6861e-01, -2.1390e-01,  1.3160e-01, -1.1795e-01,
          5.1774e-02, -2.0662e-01,  9.8463e-02, -1.0367e-01,  1.2263e-02,
          1.5156e-01, -3.9211e-02,  1.2134e-01, -3.1956e-01,  1.2958e-01,
         -1.6571e-01],
        [ 2.1643e-01,  8.6660e-02, -1.1955e-01,  1.9235e-01, -1.4304e-01,
         -1.9227e-01,  1.7082e-01,  2.6033e-01,  1.8276e-01,  8.8323e-02,
         -5.1964e-03, -2.3376e-01,  6.8467e-02,  2.0517e-02, -7.6549e-02,
          1.7242e-01],
        [-1.6671e-01, -1.5485e-01,  2.7180e-02, -1.5202e-01, -1.1834e-01,
          3.3092e-02, -9.3190e-02, -7.6663e-02, -9.8747e-03,  1.1021e-01,
          1.8721e-01, -2.2521e-01, -1.0020e-01,  1.0943e-02,  1.7192e-01,
         -3.3735e-01],
        [ 1.4229e-01,  3.1308e-02, -1.6264e-01,  2.5602e-01, -2.1663e-01,
         -2.8732e-02,  4.4593e-02,  2.0774e-01, -1.8974e-01, -1.4792e-01,
          1.7801e-01, -2.0973e-01,  2.7171e-02, -2.7112e-01,  1.0068e-01,
         -4.1280e-03],
        [ 3.3389e-02, -2.6143e-01, -1.5834e-01,  1.3281e-01, -1.3363e-01,
         -1.5317e-01,  1.2747e-01,  1.5703e-01, -1.3580e-01,  5.5286e-03,
         -1.5701e-01, -1.3230e-01, -1.2062e-01, -1.9398e-01,  1.2561e-03,
         -6.2103e-02],
        [ 2.9755e-01,  2.5262e-02,  1.8010e-01, -7.5621e-02, -8.6126e-03,
          1.3104e-01, -1.3353e-01, -1.2121e-01, -3.5670e-02,  1.8427e-01,
         -1.0501e-01,  3.0201e-02, -1.0154e-01,  1.5852e-02, -1.9297e-01,
          2.6881e-01],
        [-5.4540e-02, -1.7656e-01, -1.1751e-01,  4.6757e-02, -2.4161e-01,
          8.5031e-02,  2.1383e-01, -2.0901e-02,  1.9923e-01, -1.7573e-01,
          1.3904e-01, -2.2151e-01, -1.5649e-01, -5.7839e-02,  1.4722e-01,
         -1.4260e-01],
        [-7.3580e-02, -2.1957e-01,  8.6234e-02,  9.6200e-02, -4.3189e-02,
          2.1184e-01,  1.7052e-01,  1.4605e-01,  1.5973e-01,  1.1027e-02,
          8.8090e-02, -3.4497e-02, -1.2968e-01,  1.2285e-02,  2.8044e-02,
          8.4571e-02],
        [-3.4672e-01, -1.0433e-01, -1.5518e-01, -1.4460e-01,  2.5875e-01,
          1.0683e-03, -3.0226e-01,  1.7680e-01, -1.6887e-01,  6.6158e-02,
          2.8254e-02,  1.4519e-01,  1.2940e-01,  1.5930e-01, -1.2369e-02,
         -2.0407e-01],
        [ 9.9443e-02,  5.3554e-02, -2.6311e-01, -5.1543e-02, -2.9218e-02,
          1.2925e-01, -8.3561e-02, -2.0338e-01,  1.7273e-01, -1.6376e-01,
         -7.7953e-02,  5.1526e-02, -9.5845e-03, -1.4517e-01,  1.4671e-02,
          9.5977e-03],
        [ 1.2318e-01, -3.2801e-02, -1.4289e-01,  6.7388e-02, -1.6156e-02,
         -3.6389e-02,  2.2856e-01, -1.0833e-01,  1.0530e-01, -2.3408e-01,
         -1.9015e-01, -1.1834e-01,  4.6646e-02,  2.2529e-01, -2.2870e-01,
         -2.4014e-02],
        [ 5.7486e-02,  1.1059e-01,  1.0086e-01, -7.7057e-02,  6.0418e-02,
         -2.7298e-02,  2.2399e-03, -1.6830e-01, -1.0670e-01,  1.8701e-01,
         -8.0588e-02,  1.2525e-01,  1.5736e-02, -1.9258e-01,  6.8325e-02,
         -2.2105e-01],
        [ 2.0626e-01,  1.8070e-01, -1.6933e-01,  1.1511e-01, -3.4062e-02,
         -8.0648e-02, -1.5439e-01,  1.5594e-01, -1.2052e-01,  1.3321e-01,
         -1.2729e-01,  4.9052e-02,  6.3782e-02, -1.4032e-01, -1.7515e-01,
          8.4749e-02],
        [-1.9340e-01,  2.6443e-02, -1.3680e-01, -6.3817e-02,  1.1445e-01,
          2.1417e-01, -1.5277e-01,  1.7778e-01,  1.8614e-01,  8.4328e-02,
          1.4835e-01,  2.5607e-02,  1.4753e-01,  1.9960e-01, -3.7855e-02,
         -1.4838e-01],
        [-2.1151e-03,  2.8474e-01, -1.3809e-02,  1.0668e-01, -1.1272e-01,
          5.8962e-02, -1.6802e-01, -1.4037e-02, -2.0387e-01, -1.4212e-01,
          1.4823e-01, -1.1387e-01,  1.5307e-01, -7.6384e-02, -1.3285e-01,
          4.4364e-03]], device='cuda:0')), ('bn3.weight', tensor([1., 1., 1., 1., 1., 1., 1., 1., 1., 1., 1., 1., 1., 1., 1., 1., 1., 1.,
        1., 1., 1., 1., 1., 1., 1., 1., 1., 1., 1., 1., 1., 1.],
       device='cuda:0')), ('bn3.bias', tensor([0., 0., 0., 0., 0., 0., 0., 0., 0., 0., 0., 0., 0., 0., 0., 0., 0., 0., 0., 0., 0., 0., 0., 0.,
        0., 0., 0., 0., 0., 0., 0., 0.], device='cuda:0')), ('bn3.running_mean', tensor([0., 0., 0., 0., 0., 0., 0., 0., 0., 0., 0., 0., 0., 0., 0., 0., 0., 0., 0., 0., 0., 0., 0., 0.,
        0., 0., 0., 0., 0., 0., 0., 0.], device='cuda:0')), ('bn3.running_var', tensor([1., 1., 1., 1., 1., 1., 1., 1., 1., 1., 1., 1., 1., 1., 1., 1., 1., 1.,
        1., 1., 1., 1., 1., 1., 1., 1., 1., 1., 1., 1., 1., 1.],
       device='cuda:0')), ('bn3.num_batches_tracked', tensor(0, device='cuda:0'))])