OrderedDict([('conv1.bias', tensor([ 2.9627e-08, -4.7817e-07,  2.0055e-06, -6.1510e-06, -5.6640e-06,
         1.0106e-05,  5.4214e-07,  4.1784e-06], device='cuda:0')), ('conv1.lin.weight', tensor([[ 1.4688e-01,  8.6088e-02,  1.7633e-02,  1.5255e-02,  7.5289e-04,
         -9.0626e-02, -1.8394e-14, -4.4267e-42, -8.2677e-44,  2.5546e-42,
         -1.0466e-01],
        [-2.6612e-01, -1.5681e-01, -7.4955e-02,  1.0236e-01,  8.1060e-04,
         -2.2488e-01,  2.0445e-42, -6.1515e-21,  9.8932e-43,  2.1198e-14,
          8.8360e-02],
        [-1.5742e-01, -2.9031e-01, -2.9429e-01, -6.0238e-02,  2.8547e-03,
         -1.2718e-01, -5.8784e-42, -9.5428e-43, -4.7658e-42, -1.4952e-42,
         -1.9350e-01],
        [-5.0623e-02, -1.0584e-01,  1.7823e-01, -1.7451e-01,  3.9306e-03,
         -1.0384e-01, -1.3082e-24,  2.4130e-42,  2.5938e-42, -9.7848e-12,
         -6.9067e-02],
        [-1.0243e-01, -4.6970e-02,  1.5019e-01, -1.8426e-01,  9.3338e-04,
          1.1892e-01,  1.6238e-19, -1.6872e-42,  9.8231e-43, -2.4775e-42,
          6.0465e-02],
        [ 1.3200e-01,  2.4551e-02, -1.0545e-02,  4.8791e-02, -1.1690e-03,
          1.0787e-01,  2.2251e-13,  1.7558e-42,  3.3322e-07, -2.5444e-21,
          1.1830e-01],
        [ 3.1034e-01,  1.9176e-01,  1.7726e-02, -3.5565e-03,  9.5413e-04,
         -1.4728e-01, -1.8946e-42,  1.3706e-13, -1.2149e-42,  8.1375e-06,
         -1.8246e-01],
        [-9.2273e-02, -2.0561e-02, -4.6237e-02,  4.2710e-02, -5.3114e-03,
          9.3402e-02, -8.0435e-43,  1.0356e-42, -1.1182e-42,  1.8175e-42,
          6.5009e-02]], device='cuda:0')), ('conv1.aggr.t', tensor([1.], device='cuda:0')), ('bn1.weight', tensor([0.7197, 0.7132, 0.6408, 0.6988, 0.6725, 0.6339, 0.7652, 0.6184],
       device='cuda:0')), ('bn1.bias', tensor([ 0.0281,  0.0192,  0.0054,  0.0453, -0.0633,  0.0290,  0.0559, -0.0105],
       device='cuda:0')), ('bn1.running_mean', tensor([-0.2751, -0.8996, -0.7117, -0.4531,  0.3805,  0.5000, -0.4087,  0.3119],
       device='cuda:0')), ('bn1.running_var', tensor([0.0589, 0.1553, 0.1313, 0.0623, 0.0763, 0.0539, 0.1707, 0.0548],
       device='cuda:0')), ('bn1.num_batches_tracked', tensor(47024, device='cuda:0')), ('conv2.bias', tensor([ 3.1007e-06,  3.4918e-06, -6.4287e-06,  8.2375e-06, -3.8321e-07,
        -1.0562e-06, -1.5245e-06, -1.6056e-06, -7.1083e-06, -4.9724e-07,
        -2.3666e-06,  2.0216e-06,  2.2050e-06,  3.6727e-06,  3.8209e-06,
        -8.1125e-06], device='cuda:0')), ('conv2.lin.weight', tensor([[-0.1451,  0.1883,  0.0154,  0.2995,  0.0483, -0.1043,  0.2056, -0.1491],
        [-0.3812, -0.2234, -0.1343,  0.0282,  0.1138,  0.0949,  0.1415, -0.1651],
        [-0.1928,  0.1951,  0.2052, -0.2064, -0.1381,  0.1026, -0.3411, -0.2241],
        [ 0.2173,  0.2148,  0.3063, -0.1295,  0.1933,  0.0064,  0.0327, -0.0452],
        [-0.3229, -0.1396, -0.0951,  0.3674, -0.2244, -0.0039, -0.0129,  0.2415],
        [-0.0479,  0.2947, -0.2367,  0.1569, -0.1311,  0.0148, -0.1393, -0.3020],
        [ 0.0371, -0.1437,  0.0912,  0.1322, -0.2337, -0.2484,  0.0813, -0.1069],
        [-0.1065,  0.0367, -0.1697,  0.2320,  0.3298, -0.0713, -0.1540, -0.0635],
        [-0.1845,  0.0356,  0.3365, -0.3298,  0.1460, -0.3033, -0.0978,  0.0384],
        [ 0.0115, -0.4559,  0.1350,  0.1236,  0.1252,  0.0305,  0.2239, -0.1788],
        [ 0.0610,  0.1708,  0.0599, -0.0413, -0.0733, -0.0792,  0.2754, -0.1553],
        [ 0.1974, -0.0273,  0.2721, -0.1984,  0.0403,  0.1186,  0.1671, -0.1196],
        [ 0.3280, -0.0359, -0.1656,  0.2477,  0.0532,  0.0615, -0.2870,  0.2426],
        [ 0.0714, -0.3267,  0.1971, -0.1827, -0.1174,  0.0723, -0.2087,  0.2019],
        [ 0.2477,  0.2261,  0.2437,  0.0363, -0.0515,  0.1569,  0.1809, -0.0697],
        [-0.2299, -0.2835,  0.0476, -0.2102, -0.2714, -0.3142,  0.1082, -0.1301]],
       device='cuda:0')), ('conv2.aggr.t', tensor([1.], device='cuda:0')), ('bn2.weight', tensor([0.6007, 0.5304, 0.6284, 0.5966, 0.6909, 0.5659, 0.5926, 0.6566, 0.6528,
        0.6419, 0.6785, 0.7776, 0.6457, 0.5892, 0.6385, 0.6071],
       device='cuda:0')), ('bn2.bias', tensor([ 0.2992,  0.1730,  0.0905,  0.1155, -0.5531, -0.2913,  0.3525, -0.2976,
        -0.1611,  0.1258, -0.1279, -0.8833, -0.3074,  0.3627,  0.2435, -0.3826],
       device='cuda:0')), ('bn2.running_mean', tensor([ 0.1168, -0.1456, -0.1917,  0.2217, -0.0552, -0.0994, -0.1041,  0.0006,
        -0.1334,  0.0126,  0.0815,  0.1342,  0.1204, -0.1050,  0.2922, -0.3672],
       device='cuda:0')), ('bn2.running_var', tensor([0.0913, 0.0782, 0.0694, 0.0610, 0.0638, 0.0642, 0.0871, 0.0501, 0.0632,
        0.0596, 0.0893, 0.0467, 0.0672, 0.0827, 0.1160, 0.0914],
       device='cuda:0')), ('bn2.num_batches_tracked', tensor(47024, device='cuda:0')), ('conv3.bias', tensor([ 2.7287e-06, -2.8475e-06,  1.5413e-06,  2.6761e-06, -1.3234e-06,
        -2.3790e-07, -6.2214e-07,  3.6758e-06, -1.3382e-06, -3.5566e-06,
        -3.5017e-06,  7.8729e-07,  1.5376e-08, -8.0232e-07, -2.1946e-06,
        -1.3424e-07,  2.0452e-06,  3.7708e-06, -7.9469e-07,  1.4327e-06,
         1.3351e-06,  1.4056e-07, -7.8900e-07,  5.3668e-07,  2.3812e-06,
         8.1501e-07,  5.0854e-07, -1.5326e-06, -8.6237e-07,  2.0185e-06,
         2.3607e-06,  8.2034e-07], device='cuda:0')), ('conv3.lin.weight', tensor([[ 0.0482, -0.0996,  0.0600, -0.0181, -0.1006, -0.0960, -0.0365, -0.1130,
          0.0588,  0.0560,  0.1006, -0.1455,  0.1675,  0.0363, -0.0934, -0.0319],
        [-0.1221, -0.1538, -0.1245, -0.0712, -0.1264,  0.1110, -0.0811, -0.0215,
          0.0434,  0.0798, -0.0870, -0.0378,  0.0905, -0.1407,  0.0110,  0.2236],
        [-0.1865, -0.0101, -0.0563,  0.1353,  0.2315,  0.1862, -0.1061,  0.1424,
         -0.0957,  0.0370, -0.0166,  0.2369,  0.0295, -0.1092, -0.0435,  0.2096],
        [ 0.0753,  0.1127, -0.0653,  0.1873, -0.2334, -0.0844,  0.1258, -0.1365,
         -0.1581,  0.0124, -0.0824, -0.3842, -0.1793,  0.1714,  0.0099, -0.1233],
        [-0.0393, -0.1274,  0.0308,  0.0923,  0.0795,  0.0048, -0.0368, -0.0892,
         -0.1970,  0.0594, -0.0350,  0.0033,  0.0331, -0.0753, -0.1676,  0.0079],
        [ 0.1932,  0.0030,  0.1229, -0.1246, -0.1070, -0.1038, -0.0473, -0.1650,
         -0.1364,  0.0528, -0.1751,  0.0102, -0.0296,  0.0035, -0.0646, -0.1114],
        [-0.1115, -0.1002,  0.0075, -0.1065,  0.0697,  0.0370, -0.0279,  0.0493,
         -0.0420, -0.1153, -0.0624,  0.1708,  0.0590, -0.1669,  0.1262,  0.1375],
        [ 0.0399, -0.0601,  0.0809, -0.1515, -0.2079, -0.1362, -0.0019,  0.0177,
         -0.0740,  0.0010,  0.1061, -0.1756, -0.0350, -0.0619, -0.1036, -0.1312],
        [-0.0275, -0.0659, -0.0337, -0.0032,  0.0929,  0.0859,  0.0078,  0.2121,
          0.0712,  0.0351,  0.0610,  0.0198,  0.1221,  0.0970,  0.1433,  0.0597],
        [ 0.0123, -0.0054, -0.0101,  0.0533, -0.1267, -0.0163, -0.0483, -0.0564,
         -0.1163, -0.0384,  0.0870,  0.0369,  0.0603,  0.0419, -0.1113,  0.0364],
        [ 0.0965, -0.0706, -0.0314, -0.1399,  0.0126, -0.0200, -0.2181, -0.0219,
         -0.0134,  0.0029,  0.1236,  0.1509,  0.0039, -0.1145, -0.1359, -0.0613],
        [ 0.0518,  0.0602,  0.1273,  0.0566,  0.1579, -0.0097,  0.0903,  0.1227,
         -0.0031,  0.0446,  0.1269,  0.1114,  0.1326,  0.0862,  0.0271, -0.0754],
        [-0.1017,  0.0667, -0.1993,  0.1354, -0.0619,  0.0848, -0.0120,  0.0376,
          0.0428, -0.0470,  0.1367, -0.2980, -0.0410,  0.1298,  0.1217, -0.0275],
        [ 0.0011,  0.0062,  0.0219,  0.1156,  0.0113, -0.0095,  0.1018,  0.1922,
         -0.0106, -0.1193,  0.0011,  0.1034, -0.1110,  0.0064, -0.1235, -0.1117],
        [ 0.1011,  0.0399, -0.0904,  0.0879,  0.0629,  0.1685, -0.0862,  0.1013,
          0.0720, -0.1191, -0.1372,  0.3620,  0.0696,  0.0888, -0.1656,  0.1038],
        [-0.1547, -0.1065,  0.0811, -0.0708,  0.0028,  0.0314, -0.1081,  0.0111,
         -0.0839,  0.1086,  0.0904,  0.0859,  0.0880, -0.1827, -0.2391,  0.0943],
        [-0.0143,  0.0755,  0.0389, -0.0101,  0.0363,  0.0072, -0.0028, -0.0796,
          0.0635, -0.1460, -0.0292,  0.0195, -0.0502, -0.0332,  0.0331,  0.0038],
        [ 0.0365, -0.0967,  0.0569, -0.0125, -0.0149,  0.1859, -0.0464, -0.0205,
         -0.0791,  0.0246, -0.0273, -0.0056, -0.0448,  0.0258, -0.0446,  0.0596],
        [-0.0214,  0.0782, -0.0841,  0.0615,  0.1312, -0.1276,  0.0348,  0.0143,
          0.0310, -0.2166, -0.0176,  0.1678,  0.1821, -0.1011, -0.0565,  0.0978],
        [-0.1647, -0.0405, -0.0622, -0.0270,  0.2247,  0.1524, -0.0603,  0.1473,
          0.1872,  0.0006,  0.1244,  0.3296,  0.1549, -0.1371, -0.1750,  0.0451],
        [ 0.0632, -0.0454,  0.0402,  0.0851,  0.1100, -0.1511,  0.0183, -0.0365,
         -0.1759, -0.1391, -0.0299, -0.0006, -0.1257, -0.0247, -0.1090, -0.1192],
        [-0.1222, -0.0092, -0.0413,  0.1112,  0.1455,  0.0737, -0.0945,  0.0385,
         -0.0370,  0.0415, -0.0835,  0.2266, -0.0289, -0.1019, -0.1981, -0.0233],
        [-0.0369, -0.0372, -0.0749, -0.0392, -0.1109,  0.0588, -0.0675, -0.0042,
          0.0080, -0.0418, -0.1149,  0.0964,  0.0600, -0.0802,  0.1224,  0.1596],
        [-0.1044,  0.0110, -0.1405, -0.0326,  0.0596, -0.0548, -0.0267, -0.0299,
         -0.0474, -0.1757, -0.1276,  0.1482, -0.1696, -0.2216, -0.1324, -0.0196],
        [-0.0791, -0.1116, -0.0518, -0.0705,  0.1865,  0.1160, -0.1984,  0.0352,
          0.0465, -0.0706,  0.2315,  0.1757,  0.1560, -0.0085, -0.1485,  0.0552],
        [ 0.0224,  0.1021,  0.0271,  0.0370, -0.1237,  0.0250,  0.1646,  0.0946,
         -0.0080, -0.0400,  0.1012, -0.1144,  0.0094,  0.0484, -0.0061, -0.1367],
        [-0.0073, -0.0691, -0.0834, -0.0148, -0.0843, -0.0556, -0.0138, -0.0028,
         -0.1018,  0.0790,  0.0116, -0.1398, -0.0571, -0.0925, -0.0473,  0.1084],
        [ 0.0553, -0.0034,  0.1189, -0.0021, -0.0773,  0.0618,  0.0226,  0.0935,
         -0.0677,  0.1203, -0.1302, -0.0074, -0.0886,  0.0994,  0.0686, -0.0897],
        [ 0.0262, -0.0986, -0.1630, -0.0614, -0.0993, -0.0310, -0.1133,  0.1434,
         -0.0358,  0.0339,  0.0069, -0.0223, -0.1110, -0.0114,  0.0293,  0.1025],
        [-0.0672,  0.0022, -0.0821,  0.2369,  0.0478,  0.0333,  0.2114, -0.2144,
          0.1097,  0.1525, -0.1504, -0.1500, -0.0026, -0.0292, -0.1093, -0.1313],
        [ 0.0896,  0.0698,  0.1152, -0.0539, -0.0638,  0.0299, -0.0310, -0.0059,
         -0.0783, -0.0450,  0.1671,  0.0012,  0.1332,  0.0757, -0.1806,  0.1175],
        [-0.0477, -0.0257,  0.0429, -0.1685,  0.1937, -0.0669, -0.0310,  0.1075,
          0.1476, -0.0364,  0.1288,  0.1273,  0.0034, -0.1478,  0.0509,  0.0137]],
       device='cuda:0')), ('bn3.weight', tensor([1., 1., 1., 1., 1., 1., 1., 1., 1., 1., 1., 1., 1., 1., 1., 1., 1., 1.,
        1., 1., 1., 1., 1., 1., 1., 1., 1., 1., 1., 1., 1., 1.],
       device='cuda:0')), ('bn3.bias', tensor([0., 0., 0., 0., 0., 0., 0., 0., 0., 0., 0., 0., 0., 0., 0., 0., 0., 0., 0., 0., 0., 0., 0., 0.,
        0., 0., 0., 0., 0., 0., 0., 0.], device='cuda:0')), ('bn3.running_mean', tensor([0., 0., 0., 0., 0., 0., 0., 0., 0., 0., 0., 0., 0., 0., 0., 0., 0., 0., 0., 0., 0., 0., 0., 0.,
        0., 0., 0., 0., 0., 0., 0., 0.], device='cuda:0')), ('bn3.running_var', tensor([1., 1., 1., 1., 1., 1., 1., 1., 1., 1., 1., 1., 1., 1., 1., 1., 1., 1.,
        1., 1., 1., 1., 1., 1., 1., 1., 1., 1., 1., 1., 1., 1.],
       device='cuda:0')), ('bn3.num_batches_tracked', tensor(0, device='cuda:0'))])