OrderedDict([('conv1.bias', tensor([-5.4352e-07, -3.6777e-07,  2.0652e-06, -7.0756e-06,  4.3669e-07,
         6.6848e-08, -9.3651e-07,  1.5581e-06], device='cuda:0')), ('conv1.lin.weight', tensor([[-8.9580e-02,  3.3500e-01, -3.9517e-02,  3.9113e-01,  5.1297e-03,
         -2.8112e-02, -1.5695e-43, -2.6751e-42, -1.1104e-05, -2.0781e-42,
          1.2073e-01],
        [ 3.6281e-01,  1.9501e-01,  4.6364e-02, -1.3937e-01, -3.9134e-05,
         -1.5829e-01,  5.9835e-43, -7.0241e-15, -2.8096e-42,  2.5588e-42,
          2.9815e-01],
        [-1.0666e-01, -1.2372e-01, -9.0612e-02,  1.4956e-01, -1.1910e-03,
          6.4396e-02, -1.0608e-42,  2.1314e-42, -5.9275e-21, -5.6332e-43,
         -6.7533e-02],
        [-2.1049e-01, -1.9323e-01, -3.7129e-01,  4.7420e-02,  1.5380e-03,
          9.2922e-03, -4.8625e-43, -4.6369e-42,  1.2651e-16, -1.7180e-42,
         -2.5685e-02],
        [-8.8864e-02, -3.9569e-01,  2.3913e-01, -2.2724e-01, -2.8489e-04,
         -1.7000e-01,  3.0221e-17,  1.0455e-12,  3.8992e-14, -2.1146e-42,
          2.6103e-01],
        [-1.8922e-01, -1.4126e-01, -2.0614e-01,  6.3977e-02, -4.9785e-03,
          6.0981e-03, -1.1238e-42,  1.2662e-09,  6.1727e-42,  7.8333e-43,
         -7.4494e-02],
        [-1.3728e-01, -1.9322e-01, -1.6688e-01, -2.1244e-01,  4.0778e-04,
          5.4065e-02, -4.8345e-43, -9.8546e-11,  1.3717e-16,  4.1233e-12,
          7.5103e-02],
        [ 2.0878e-01,  2.3089e-01, -1.0650e-01,  3.7569e-02, -1.4215e-03,
         -5.7951e-02,  2.7283e-42,  5.4651e-43,  2.7872e-42,  2.2397e-41,
         -2.0672e-01]], device='cuda:0')), ('conv1.aggr.t', tensor([1.], device='cuda:0')), ('bn1.weight', tensor([0.9821, 0.8141, 0.7656, 0.7596, 0.7464, 0.8306, 0.8492, 0.7765],
       device='cuda:0')), ('bn1.bias', tensor([0.1367, 0.2792, 0.2341, 0.2097, 0.2106, 0.1055, 0.1552, 0.2443],
       device='cuda:0')), ('bn1.running_mean', tensor([ 0.0483, -0.1782,  0.1048, -0.1468, -0.6086, -0.1460,  0.0745, -0.1304],
       device='cuda:0')), ('bn1.running_var', tensor([0.3339, 2.7451, 0.4127, 0.1762, 2.8769, 0.1325, 0.3686, 0.6270],
       device='cuda:0')), ('bn1.num_batches_tracked', tensor(47024, device='cuda:0')), ('conv2.bias', tensor([-5.3871e-06, -4.6082e-06,  1.8700e-06, -2.5083e-06, -4.5196e-06,
        -5.0568e-07,  4.9460e-06,  2.7211e-06,  8.7142e-06,  6.8986e-06,
         1.7009e-06,  2.6490e-06, -3.9908e-06, -1.2500e-06, -1.5470e-06,
         6.2815e-06], device='cuda:0')), ('conv2.lin.weight', tensor([[-0.3110,  0.2123, -0.1879, -0.2589, -0.2149, -0.2333, -0.1414,  0.1823],
        [ 0.4723,  0.0862,  0.1173,  0.0412, -0.0154, -0.3122,  0.3230,  0.0999],
        [ 0.2837,  0.2429, -0.2522,  0.1048,  0.2113,  0.0788, -0.2928,  0.3599],
        [-0.2003, -0.1810,  0.2514,  0.2927, -0.0328, -0.0407,  0.1817,  0.1102],
        [-0.4068,  0.1757, -0.0595,  0.1926, -0.1960, -0.1378, -0.3075, -0.2292],
        [-0.2960, -0.3484, -0.1701, -0.0673,  0.1281,  0.0488, -0.0183,  0.2999],
        [ 0.2147,  0.3213,  0.2096, -0.2131, -0.0731, -0.1858,  0.3034,  0.0385],
        [ 0.0961, -0.0130, -0.3333, -0.2542,  0.2724,  0.2230, -0.1541,  0.1816],
        [-0.3257,  0.2236,  0.1740,  0.2862, -0.2148, -0.0331,  0.0472, -0.0400],
        [-0.2884, -0.4468, -0.1324,  0.2821,  0.2655, -0.1074, -0.3040, -0.0719],
        [-0.0934,  0.1575,  0.0811, -0.0209,  0.1398, -0.2931, -0.3675,  0.2539],
        [-0.1936,  0.2166,  0.0191, -0.2383,  0.0296,  0.0262, -0.2362,  0.4068],
        [ 0.1289, -0.2490, -0.4336, -0.1036,  0.3330,  0.1243, -0.3414,  0.0383],
        [ 0.3878, -0.0488, -0.0129,  0.0112, -0.0770,  0.2483, -0.1257, -0.3885],
        [-0.3694,  0.1883,  0.2991, -0.0804, -0.0607,  0.1786, -0.2341,  0.1952],
        [ 0.1240,  0.2427,  0.0108, -0.1582,  0.5286, -0.0238,  0.3276,  0.1232]],
       device='cuda:0')), ('conv2.aggr.t', tensor([1.], device='cuda:0')), ('bn2.weight', tensor([0.7052, 0.7442, 0.7607, 0.6319, 0.7413, 0.6653, 0.7438, 0.7437, 0.7968,
        0.8266, 0.7342, 0.7726, 0.7710, 0.7905, 0.7108, 0.7228],
       device='cuda:0')), ('bn2.bias', tensor([ 0.3641, -0.6178,  0.1855, -0.0609, -0.7536, -0.2045,  0.5534, -0.2573,
         0.3239,  0.4999, -0.0629,  0.0478,  0.1739,  0.1257, -0.1675, -0.0871],
       device='cuda:0')), ('bn2.running_mean', tensor([-0.3045,  0.2808,  0.3078,  0.1290, -0.3131, -0.1526,  0.2191,  0.0150,
         0.0635, -0.2843, -0.0046,  0.0504, -0.1770, -0.0317,  0.0690,  0.4261],
       device='cuda:0')), ('bn2.running_var', tensor([0.2670, 0.3722, 0.4014, 0.2093, 0.2842, 0.1904, 0.2403, 0.2166, 0.1762,
        0.3197, 0.1881, 0.1938, 0.3629, 0.1964, 0.2091, 0.2359],
       device='cuda:0')), ('bn2.num_batches_tracked', tensor(47024, device='cuda:0')), ('conv3.bias', tensor([ 1.5077e-06,  1.2879e-06, -1.9491e-06,  2.3829e-07,  2.4821e-06,
         1.7191e-06,  3.2096e-07, -1.3617e-06,  1.6941e-06,  3.3146e-06,
        -9.5838e-07, -1.9971e-06,  9.6619e-07, -1.8059e-06, -1.5399e-06,
         3.1415e-06,  4.2814e-07,  2.7536e-06, -7.2135e-07,  1.4834e-06,
         1.5578e-06,  1.2902e-06, -2.9538e-07,  4.4847e-07,  1.7326e-06,
         1.3813e-06, -1.9017e-06,  1.8020e-06,  1.8688e-06, -1.5837e-06,
         4.9887e-07,  3.7364e-07], device='cuda:0')), ('conv3.lin.weight', tensor([[-7.3113e-02,  1.4592e-01, -1.2358e-01,  8.1676e-02,  1.5377e-01,
          1.7649e-01, -1.9228e-01,  1.9605e-01, -1.1138e-01, -1.2560e-01,
          9.3600e-02,  2.1395e-02, -1.6041e-01,  2.2279e-02, -4.0588e-02,
         -2.0005e-03],
        [-1.7641e-01,  1.7254e-01, -1.2743e-01, -2.1526e-01, -1.6495e-03,
          1.0145e-01, -2.3134e-01, -8.5859e-02,  1.2410e-01,  1.3201e-01,
          6.4386e-02,  2.1708e-01, -1.0933e-01,  2.3941e-01,  5.6854e-02,
          2.5134e-01],
        [ 1.5877e-01,  1.3206e-01, -6.4667e-02,  5.5807e-02, -1.2892e-01,
          1.3735e-01,  1.8976e-01,  1.8500e-02, -2.3069e-02,  2.6739e-01,
          9.0416e-02,  4.3488e-02, -2.0136e-01,  1.4748e-01, -1.0749e-01,
         -4.1323e-02],
        [ 7.4413e-03,  9.9755e-02,  2.7343e-02,  6.9705e-02,  1.8237e-02,
          1.4868e-01,  4.5264e-02,  1.9554e-02, -5.4419e-02,  2.4977e-02,
          1.1238e-01, -1.3989e-01, -1.0993e-01,  1.7599e-01,  7.1038e-02,
         -6.2684e-02],
        [-1.9884e-02, -2.4041e-01,  1.6184e-01,  9.1670e-02, -1.3017e-01,
         -1.3268e-01,  1.7639e-01, -1.7305e-01,  1.5066e-01, -4.9811e-02,
         -1.1705e-01,  2.3422e-01,  2.3037e-01, -3.1780e-02, -1.2754e-01,
         -1.0206e-01],
        [ 1.0688e-01, -1.4829e-01,  1.5685e-01,  3.8654e-02, -7.1610e-02,
         -5.7488e-02,  4.3925e-02, -7.0659e-02,  3.2914e-02,  3.4280e-02,
         -7.9294e-03, -1.7452e-01,  1.5833e-01,  4.5489e-02,  3.5875e-02,
          2.5821e-02],
        [ 6.5956e-02, -9.8825e-02,  5.9942e-02, -1.5608e-02, -2.7545e-01,
         -3.1780e-02,  1.6352e-01,  1.4058e-01,  2.3477e-01,  1.9100e-01,
         -1.1546e-01, -3.5453e-02,  2.1081e-02,  5.0912e-02, -2.4483e-03,
         -1.6316e-01],
        [-1.5038e-01, -1.7745e-02, -1.2091e-01, -7.9661e-02,  6.4395e-02,
         -6.4952e-02,  7.6474e-02,  5.0524e-02, -1.4004e-01,  1.3226e-01,
          2.6985e-02,  1.9894e-05,  2.6548e-02, -3.4027e-02,  2.4538e-01,
          1.1242e-01],
        [ 4.0829e-03, -1.2282e-01,  1.2534e-02,  1.8888e-01, -7.1224e-02,
         -1.0110e-01, -1.8914e-01,  2.1303e-01, -2.4897e-02,  3.5005e-02,
         -1.3166e-01,  1.6906e-01, -2.2588e-01,  1.7852e-01, -3.6825e-02,
          1.6908e-01],
        [ 2.8553e-02,  1.8086e-01, -1.4459e-01,  1.5108e-01,  2.4385e-01,
         -8.3165e-02, -6.1793e-02,  2.4978e-01, -7.7276e-02, -2.3414e-01,
          1.1103e-01, -1.6474e-01,  5.6439e-02, -9.2346e-02, -5.2091e-02,
         -1.2511e-01],
        [-3.9462e-02, -1.8783e-01,  1.1018e-01,  2.0438e-02, -2.0914e-01,
          6.8753e-03, -1.5323e-02,  6.8126e-02,  2.0596e-01,  1.5672e-01,
         -1.4437e-01,  1.9831e-01, -1.3525e-01,  6.3673e-02, -1.4433e-01,
          4.6675e-02],
        [-2.1641e-01,  1.8884e-01,  1.4016e-01,  4.8345e-02,  1.4723e-01,
         -1.1437e-01, -1.8267e-01,  7.6008e-02, -2.8840e-01, -2.2035e-02,
         -7.1259e-02, -4.9377e-04, -1.4415e-01, -2.7924e-01,  1.4576e-01,
         -1.1900e-01],
        [-3.8635e-02,  1.3173e-01,  3.3443e-01,  1.4718e-01,  1.8629e-02,
          4.2397e-02, -1.7474e-02, -1.5922e-01,  1.4643e-01,  1.1339e-01,
         -7.9976e-02,  1.4185e-01,  6.6610e-02,  3.9557e-02, -7.5924e-02,
          2.1195e-02],
        [ 1.4001e-01,  1.4721e-02,  1.0430e-01,  1.2214e-01,  7.5672e-02,
         -1.2883e-01, -8.2603e-02, -2.6063e-02,  2.3977e-01, -5.2517e-02,
         -1.3482e-01,  7.5055e-02,  1.6829e-01,  1.1376e-01, -1.3225e-01,
          1.2380e-01],
        [ 8.2176e-02,  7.5114e-02,  1.2651e-01,  3.9969e-02, -9.1398e-02,
         -1.7015e-02, -2.1219e-02, -1.7737e-01, -5.3054e-02,  9.4063e-02,
         -1.2260e-01,  1.3986e-01,  1.4094e-01, -8.5141e-02,  2.2905e-02,
          4.9692e-02],
        [ 1.3358e-01,  1.3418e-01, -4.2670e-02, -8.1642e-02,  2.5456e-02,
         -1.1100e-01,  1.8653e-01, -1.4818e-01,  5.8613e-02,  2.6580e-01,
          5.3144e-02, -4.1839e-03,  1.2513e-01,  7.5731e-03,  4.5630e-02,
          5.5814e-02],
        [-6.8173e-02,  5.8855e-02,  4.1333e-03,  8.5157e-02,  1.6842e-01,
          6.1625e-02, -1.0113e-01, -1.2604e-02,  1.3106e-01, -2.6570e-01,
          1.4340e-01, -1.5643e-01,  1.9455e-01,  3.4871e-02,  8.9688e-02,
         -2.9496e-02],
        [ 1.3041e-01, -8.8683e-02, -1.9325e-01,  5.8387e-02,  2.6199e-02,
          1.5386e-01,  2.2262e-01,  1.9494e-01, -1.0662e-01, -7.7069e-02,
          3.6845e-02, -5.4355e-02, -1.0088e-01,  2.2167e-01,  1.2628e-01,
         -9.8857e-02],
        [ 1.2369e-01, -3.3135e-01,  1.4378e-01,  8.4714e-02, -1.9130e-01,
         -1.1843e-01,  1.4019e-01, -7.1838e-02, -1.3780e-01,  1.9474e-01,
          2.8492e-02, -1.1688e-01, -1.5506e-01, -1.6458e-01, -1.6410e-01,
          1.2656e-02],
        [ 1.3054e-01, -1.6027e-01,  2.8819e-02, -8.7289e-02, -2.5581e-01,
         -2.4929e-02,  3.0056e-02, -1.5313e-01, -3.6120e-02,  5.1674e-02,
          1.3399e-01, -9.7481e-02, -4.6905e-02,  1.0456e-01, -6.6303e-03,
         -3.3077e-02],
        [-1.2586e-02,  1.3384e-01,  6.9918e-02, -4.8230e-02, -9.0458e-02,
          1.2715e-01,  2.5785e-02, -1.3235e-01,  8.5443e-02,  1.1218e-01,
          5.1734e-03,  1.0284e-01,  1.4303e-01,  1.9981e-01,  1.2927e-01,
          8.8608e-02],
        [ 6.9654e-02,  2.1874e-01, -4.8254e-02, -7.4876e-02,  2.1589e-01,
         -6.0555e-02, -2.1225e-01,  1.6999e-01, -2.3659e-01, -3.3269e-02,
         -7.7620e-02, -2.5370e-01, -1.8637e-01, -9.7437e-02,  1.6652e-01,
          3.8781e-02],
        [ 1.5464e-01,  1.7653e-01, -1.0204e-01,  1.1763e-01,  1.6771e-01,
          1.3384e-01, -1.0932e-01,  1.5136e-01, -1.5745e-01, -7.2134e-02,
         -1.0477e-01, -5.5828e-03, -2.6370e-02,  9.6076e-02,  1.1928e-01,
          1.1626e-01],
        [-1.7905e-01, -6.7134e-03, -2.7107e-02,  1.6671e-01,  2.6309e-01,
         -3.7546e-03, -3.1200e-02, -8.8588e-03, -1.6661e-01, -2.0800e-01,
          1.6787e-01,  2.7544e-02, -2.2710e-02, -1.0053e-01, -1.1315e-01,
          7.8482e-02],
        [ 2.1259e-02,  6.9634e-02, -3.6896e-02,  1.0330e-01,  7.7855e-02,
          1.2947e-01,  1.8159e-01,  7.9630e-02,  1.3401e-01,  1.3466e-01,
          1.6443e-01, -6.8375e-02,  1.0501e-01,  1.9955e-01, -1.0234e-01,
         -2.5286e-03],
        [-1.1306e-01,  1.6658e-01,  1.3491e-01, -9.3323e-02,  1.6253e-01,
          1.6262e-01,  9.9151e-02, -2.3904e-01,  1.3496e-01,  1.0562e-04,
          5.6298e-02, -7.7371e-02,  1.7025e-01, -1.5065e-01, -1.5179e-01,
         -6.3486e-02],
        [-6.3784e-02,  9.4124e-02, -8.9731e-02, -2.6579e-01, -6.2066e-02,
          9.8422e-02, -7.5788e-02, -1.2410e-01, -1.4132e-01,  3.0305e-02,
          1.5063e-01, -1.4035e-01, -5.9656e-02, -1.3469e-01,  9.6617e-02,
         -1.3825e-01],
        [ 1.8588e-01,  6.6395e-02, -1.0836e-01,  1.1222e-01,  3.1534e-03,
         -1.7639e-01,  2.1629e-02,  1.8586e-01, -6.2349e-02,  1.4963e-01,
         -1.0701e-01,  7.0491e-02, -2.5215e-02,  7.2345e-04, -1.0142e-01,
          8.7532e-02],
        [-2.4176e-01, -9.7916e-02,  8.8973e-02,  1.0201e-03,  5.4856e-02,
          1.3815e-01, -1.0894e-01, -1.2871e-01,  1.8633e-02, -3.5996e-01,
         -5.0927e-02,  2.4574e-01,  5.2172e-02, -2.7202e-02, -1.2775e-01,
         -1.2783e-01],
        [ 1.0363e-02,  2.5469e-01,  1.2860e-01,  1.9244e-01,  1.9238e-01,
          6.1322e-02, -2.8160e-01,  1.0299e-01,  2.0606e-01, -9.6246e-02,
         -4.2666e-02, -1.4062e-02, -1.3620e-02,  1.4967e-01, -3.6067e-02,
          1.1973e-01],
        [ 1.6339e-01, -3.1064e-01, -1.5017e-01,  1.8183e-01,  1.1162e-02,
         -2.5731e-01,  6.4639e-02,  1.1993e-02, -1.6858e-01, -9.1267e-02,
          1.9053e-01, -8.8910e-02,  8.2054e-02, -4.9863e-03, -1.1745e-02,
          7.7535e-02],
        [ 1.6402e-01, -1.3856e-01,  2.9280e-02,  4.3723e-02, -1.9930e-01,
         -1.2439e-01, -1.0881e-01,  8.9907e-02,  1.0477e-01, -2.3761e-01,
          5.7768e-02, -2.3379e-01,  1.6530e-01, -1.1505e-01,  3.4906e-02,
         -2.1120e-01]], device='cuda:0')), ('bn3.weight', tensor([1., 1., 1., 1., 1., 1., 1., 1., 1., 1., 1., 1., 1., 1., 1., 1., 1., 1.,
        1., 1., 1., 1., 1., 1., 1., 1., 1., 1., 1., 1., 1., 1.],
       device='cuda:0')), ('bn3.bias', tensor([0., 0., 0., 0., 0., 0., 0., 0., 0., 0., 0., 0., 0., 0., 0., 0., 0., 0., 0., 0., 0., 0., 0., 0.,
        0., 0., 0., 0., 0., 0., 0., 0.], device='cuda:0')), ('bn3.running_mean', tensor([0., 0., 0., 0., 0., 0., 0., 0., 0., 0., 0., 0., 0., 0., 0., 0., 0., 0., 0., 0., 0., 0., 0., 0.,
        0., 0., 0., 0., 0., 0., 0., 0.], device='cuda:0')), ('bn3.running_var', tensor([1., 1., 1., 1., 1., 1., 1., 1., 1., 1., 1., 1., 1., 1., 1., 1., 1., 1.,
        1., 1., 1., 1., 1., 1., 1., 1., 1., 1., 1., 1., 1., 1.],
       device='cuda:0')), ('bn3.num_batches_tracked', tensor(0, device='cuda:0'))])