OrderedDict([('conv1.bias', tensor([-2.5700e-06,  7.7291e-06, -6.3317e-06,  7.6041e-06, -9.2848e-06,
        -7.2159e-06,  1.9536e-06,  1.8726e-06], device='cuda:0')), ('conv1.lin.weight', tensor([[ 2.3903e-01, -3.5213e-02, -8.6606e-02, -1.4231e-01, -1.1989e-01,
          5.5002e-02, -7.0068e-19, -5.9835e-43,  4.1200e-12,  2.3276e-42,
          4.5239e-04],
        [-1.7624e-01, -1.1555e-02,  4.3829e-03,  5.3971e-02,  5.1628e-02,
         -3.0915e-02,  5.8448e-42, -1.1126e-42,  1.0262e-32, -4.8499e-42,
          2.0266e-03],
        [-2.0436e-01,  1.0195e-02,  7.3329e-02,  9.4288e-02,  1.5464e-02,
         -4.2804e-02, -1.4559e-42, -1.5330e-42, -7.7071e-43, -4.8065e-43,
         -2.8181e-03],
        [-4.0999e-02,  3.2455e-02,  1.4390e-02,  8.2471e-03, -1.3213e-05,
         -2.5020e-02,  1.1841e-42, -6.8664e-44, -3.0969e-43,  6.1797e-43,
         -3.0926e-02],
        [-8.8225e-02, -5.8123e-02,  1.7617e-02, -6.4988e-03,  4.4025e-04,
         -8.3816e-02, -4.2459e-42,  4.5094e-42, -2.3191e-42,  1.2472e-42,
          1.6778e-01],
        [-3.2357e-02,  2.1863e-02,  2.2420e-02,  2.2420e-02,  1.0133e-02,
         -4.8313e-03, -5.1002e-12, -2.9733e-15, -2.1146e-42,  8.4107e-17,
         -8.1214e-02],
        [ 3.5428e-02,  4.7010e-02,  1.5868e-04, -3.9567e-02, -8.0683e-03,
          4.6399e-02, -1.0944e-42, -7.8823e-42, -1.8441e-42, -1.7382e-09,
         -8.6765e-04],
        [ 4.2200e-02,  2.1520e-01, -6.1582e-03, -2.1900e-02, -1.2549e-03,
         -1.1598e-01,  6.1999e-13,  3.8503e-17, -1.3705e-42,  1.3088e-42,
          1.3544e-01]], device='cuda:0')), ('conv1.aggr.t', tensor([1.], device='cuda:0')), ('bn1.weight', tensor([0.5153, 0.6045, 0.6529, 0.5413, 0.5857, 0.6181, 0.5650, 0.6299],
       device='cuda:0')), ('bn1.bias', tensor([-0.4564, -0.1240, -0.1280, -0.0273,  0.0127, -0.0361, -0.0695, -0.0087],
       device='cuda:0')), ('bn1.running_mean', tensor([ 0.2894, -0.1976, -0.2427, -0.1146, -0.2786, -0.0654,  0.1988, -0.2544],
       device='cuda:0')), ('bn1.running_var', tensor([0.0028, 0.0013, 0.0020, 0.0015, 0.0154, 0.0014, 0.0067, 0.0314],
       device='cuda:0')), ('bn1.num_batches_tracked', tensor(47024, device='cuda:0')), ('conv2.bias', tensor([-6.1619e-06,  1.3237e-06,  1.0737e-05,  5.2913e-06,  6.7658e-06,
         1.6392e-06, -4.7367e-06, -3.8402e-06, -1.3700e-07,  8.7351e-06,
         5.0072e-06, -1.2901e-05,  2.6550e-07, -4.8315e-06, -5.5796e-06,
        -2.3625e-06], device='cuda:0')), ('conv2.lin.weight', tensor([[-0.2651,  0.0173, -0.1769, -0.0758, -0.1697, -0.1324,  0.0814,  0.1923],
        [-0.2400,  0.0694,  0.0741,  0.2253, -0.0368, -0.2047,  0.1165, -0.0776],
        [-0.1044,  0.2306, -0.0253, -0.2134,  0.1060,  0.1979, -0.0792, -0.0123],
        [ 0.1493,  0.0950,  0.0702,  0.1024, -0.1381, -0.1252,  0.1124, -0.0545],
        [ 0.1243, -0.2423, -0.0393, -0.0655, -0.0687, -0.1089,  0.1516,  0.2237],
        [-0.2009, -0.2610,  0.2446, -0.2088, -0.1648, -0.1404, -0.1872,  0.0299],
        [ 0.0106, -0.0579, -0.1031, -0.1734,  0.1189, -0.2150, -0.1107,  0.2420],
        [-0.1280,  0.0363, -0.0803,  0.1226,  0.0396,  0.1063,  0.0056,  0.0047],
        [-0.1611, -0.3062,  0.0904, -0.0059, -0.0335,  0.1129,  0.1402, -0.0744],
        [ 0.1515, -0.0379, -0.2325,  0.0166, -0.0631,  0.0889, -0.1274, -0.2500],
        [ 0.0454, -0.0854, -0.0245,  0.0399,  0.1225,  0.1951, -0.1184, -0.1001],
        [ 0.0384, -0.0073, -0.1792, -0.1055, -0.2071, -0.1502, -0.0142, -0.0708],
        [-0.0689,  0.2379,  0.0260,  0.1108, -0.0332,  0.1726, -0.0307,  0.0329],
        [-0.0995, -0.1597, -0.1596, -0.1219,  0.0915, -0.1283,  0.1636, -0.2085],
        [ 0.0441, -0.1489,  0.0394, -0.1494,  0.0428,  0.0082,  0.0219, -0.1605],
        [ 0.0618, -0.1308,  0.0599,  0.0860,  0.0867, -0.1338, -0.1009,  0.1439]],
       device='cuda:0')), ('conv2.aggr.t', tensor([1.], device='cuda:0')), ('bn2.weight', tensor([0.6034, 0.5769, 0.5730, 0.4901, 0.5812, 0.5496, 0.4811, 0.5360, 0.5696,
        0.6179, 0.5456, 0.6295, 0.6221, 0.6703, 0.5431, 0.4988],
       device='cuda:0')), ('bn2.bias', tensor([-0.0768,  0.2084,  0.2715,  0.1660, -0.2851, -0.2658,  0.3196, -0.1645,
         0.4205, -0.2508,  0.3740,  0.4115, -0.4799, -0.4139, -0.3612, -0.2092],
       device='cuda:0')), ('bn2.running_mean', tensor([-0.0642,  0.0005,  0.0249,  0.0122,  0.0048, -0.1526, -0.0420,  0.0369,
        -0.0149, -0.1083,  0.0127, -0.1417,  0.0819, -0.0977, -0.0599,  0.0146],
       device='cuda:0')), ('bn2.running_var', tensor([0.0096, 0.0087, 0.0083, 0.0068, 0.0095, 0.0146, 0.0186, 0.0036, 0.0095,
        0.0116, 0.0073, 0.0117, 0.0067, 0.0159, 0.0063, 0.0110],
       device='cuda:0')), ('bn2.num_batches_tracked', tensor(47024, device='cuda:0')), ('conv3.bias', tensor([-2.2467e-06, -2.7711e-06,  4.1545e-06,  4.2961e-07,  2.9886e-06,
         2.3730e-06, -6.1885e-07, -1.2959e-06,  9.1485e-08, -4.4854e-07,
        -1.5687e-06,  2.4080e-08, -1.5127e-06, -1.5586e-06, -1.2410e-06,
        -1.1788e-06, -2.1367e-07, -2.6077e-06, -1.9042e-06, -1.9374e-06,
        -3.6351e-06, -1.6736e-06,  3.4086e-06, -1.1933e-06,  1.6885e-06,
         7.9146e-07, -5.3329e-07,  1.1127e-06, -2.3969e-06,  4.7444e-07,
        -1.4175e-07, -6.3285e-07], device='cuda:0')), ('conv3.lin.weight', tensor([[ 1.0744e-01,  2.9593e-02, -6.5397e-02, -1.5691e-01, -3.0889e-02,
          7.1018e-02, -1.0209e-01,  1.4518e-01, -1.6849e-01,  7.2503e-02,
         -3.2428e-02, -8.3506e-02,  5.5143e-02,  1.8190e-01,  1.5034e-01,
          1.3068e-01],
        [ 2.9212e-02,  3.1099e-02, -1.4653e-01, -6.6858e-02,  1.3566e-01,
          8.1274e-03, -1.0107e-01,  3.7756e-02, -7.0222e-02,  4.8412e-04,
         -2.9046e-02,  2.0970e-02,  1.7245e-01,  1.1015e-01, -5.2377e-02,
          3.5026e-02],
        [-7.1665e-02,  1.3607e-01,  9.9187e-02,  7.0385e-02, -1.1294e-01,
         -5.5985e-02,  1.2073e-01, -1.2954e-01, -1.3998e-02, -1.3022e-01,
          5.0538e-02,  8.7740e-02, -2.4780e-02,  6.5742e-02, -6.9806e-02,
         -3.4946e-02],
        [-1.7175e-02,  2.2695e-01,  1.0893e-01,  2.2785e-03, -3.6489e-03,
         -7.9593e-02,  8.2349e-02, -4.1914e-02,  1.9364e-01, -1.0458e-01,
          1.4228e-01,  1.8912e-01, -8.1570e-02, -9.9613e-02, -1.3579e-01,
         -5.8714e-02],
        [-1.0437e-01,  1.1692e-01, -1.1721e-01, -4.5772e-02,  9.1726e-03,
          9.3632e-02, -2.6000e-02, -2.2822e-02, -5.2714e-02, -7.9093e-02,
          3.8090e-02, -1.5948e-01,  1.3561e-01,  1.2201e-01,  1.2300e-01,
         -4.4323e-02],
        [ 7.7716e-02, -4.4794e-02,  1.5616e-01,  1.1052e-02, -4.2692e-02,
          7.5538e-02, -9.2991e-02, -9.1668e-02,  8.7726e-02, -1.3749e-01,
          4.2061e-02, -5.2886e-02, -6.5429e-02, -9.4928e-02, -9.9988e-02,
          3.3340e-02],
        [-1.1811e-02, -1.4172e-01, -1.1138e-01, -7.3708e-02,  1.8449e-01,
          8.5414e-02, -1.9994e-01, -3.6801e-02, -1.7625e-01,  1.5636e-01,
         -1.9751e-01, -1.5387e-01,  2.2641e-01,  1.9962e-01,  3.0694e-02,
          8.1786e-02],
        [-9.5404e-02,  3.0450e-02, -9.4833e-02,  5.5853e-02,  6.0789e-02,
          2.5826e-03,  9.2432e-02, -1.1438e-01, -8.1304e-02,  2.7914e-03,
          2.7175e-02, -7.1627e-02, -5.7923e-02, -1.4335e-01,  5.4512e-02,
         -2.9004e-02],
        [ 4.4457e-02,  6.7440e-02,  4.4876e-02,  4.7860e-02, -1.7995e-01,
         -7.0658e-02,  4.2671e-02, -5.0799e-02,  1.9004e-01, -1.5092e-01,
          2.0722e-01,  1.6464e-01, -1.9713e-01, -1.0849e-01, -1.0430e-01,
         -1.0403e-01],
        [-1.1376e-01, -8.5049e-02, -1.3032e-01, -5.3412e-02,  5.7050e-02,
         -1.6690e-01, -2.1854e-02,  1.0722e-02,  1.6923e-02,  1.3246e-01,
         -5.9737e-02,  1.0791e-01, -6.3999e-02,  3.4645e-02,  4.3649e-03,
          8.0407e-02],
        [ 3.0191e-02, -7.3316e-02, -1.1767e-01,  3.4295e-02, -7.7440e-03,
         -7.7481e-02,  2.8072e-02,  1.0115e-01,  4.7665e-02, -4.3018e-02,
          1.1169e-01, -8.1886e-02, -5.4814e-02,  1.6595e-01, -7.3537e-02,
         -4.3099e-03],
        [-3.3278e-02, -3.4375e-03, -1.6180e-03,  1.8128e-02,  9.5138e-02,
          4.9907e-02,  3.6328e-02, -2.6990e-02,  9.2954e-02, -1.4201e-01,
         -4.1309e-02, -1.1245e-01,  6.0395e-02, -8.8558e-02,  1.2405e-02,
         -1.2437e-01],
        [ 1.2366e-01,  2.5686e-02, -4.1136e-02, -2.9275e-03, -7.9896e-02,
          1.3486e-01, -5.8814e-03,  9.2983e-02,  1.0133e-01, -1.6916e-02,
          1.2947e-02,  3.0169e-03, -5.0239e-02,  1.0816e-01, -5.2866e-02,
          1.0945e-01],
        [-1.2705e-01, -7.1699e-02, -3.1947e-02,  7.7659e-02,  1.8136e-02,
         -1.2105e-02, -1.7243e-04, -1.3184e-01, -6.7748e-02, -4.0324e-02,
          4.8326e-02,  1.1716e-01, -1.1513e-01, -1.3809e-01, -5.8204e-02,
         -8.8105e-02],
        [ 1.2065e-01, -1.3573e-01, -5.5302e-02,  2.6153e-02,  2.0014e-01,
         -6.7938e-02, -8.0299e-02, -4.1603e-02, -4.3894e-02,  7.9580e-02,
          4.3213e-02,  5.8600e-02,  2.3034e-02, -5.5937e-02,  4.6370e-02,
          6.9902e-02],
        [-1.1305e-01,  4.0267e-02, -7.3312e-02,  1.1693e-02, -3.1901e-02,
          9.3648e-02,  1.3213e-01, -3.0338e-02,  1.6883e-01,  1.8199e-02,
          1.4470e-01, -1.2206e-02, -3.9425e-02, -1.0675e-01,  6.4147e-03,
         -2.3322e-02],
        [ 1.1185e-01,  6.0446e-02,  5.4795e-02, -2.4163e-02, -6.1530e-02,
          6.0701e-02,  9.2966e-02,  8.3054e-02, -4.8197e-03,  6.4257e-02,
          5.1219e-02,  1.5178e-01, -7.5116e-02, -7.8099e-03, -1.2760e-01,
          1.9190e-02],
        [ 5.3493e-02,  1.7643e-02,  1.4356e-01, -1.4237e-01, -5.6620e-02,
          1.5457e-01, -7.1964e-04,  5.3652e-02,  1.0153e-01,  1.2080e-02,
         -5.5597e-02,  7.8314e-02,  4.3851e-02,  3.9157e-02, -7.5107e-02,
          5.1996e-02],
        [-3.7391e-02,  2.1408e-02, -1.4457e-01,  1.4985e-02, -5.3806e-02,
          1.4771e-01, -6.8499e-02,  1.5994e-03,  9.4164e-02,  7.5240e-02,
         -1.1104e-01, -1.2639e-01,  1.0355e-01, -2.7822e-02,  7.7393e-02,
          1.2116e-01],
        [-1.3133e-01,  1.3110e-01,  7.1411e-02,  4.7820e-02, -1.5994e-01,
          4.5223e-02,  2.1233e-02, -4.5552e-02,  1.7633e-01, -1.4794e-01,
          4.8151e-03,  9.7597e-02, -2.2910e-01, -1.6583e-01, -1.6161e-01,
         -7.8203e-02],
        [ 7.8140e-02,  6.3463e-02,  2.3904e-02, -5.7082e-02, -8.6702e-02,
          4.6630e-02, -2.5733e-02,  5.1466e-02, -1.4150e-01, -2.9712e-03,
         -1.0455e-01, -1.1231e-01,  1.7684e-01,  7.2448e-02,  8.5588e-02,
         -3.7292e-02],
        [ 5.7010e-02,  7.4932e-02,  3.4598e-02,  8.8748e-04, -8.4327e-02,
         -1.7536e-01,  1.3012e-01,  5.7888e-06, -7.5080e-02, -7.9663e-02,
          1.3526e-01,  2.7729e-02, -8.3621e-02, -2.0381e-02,  6.0033e-02,
          6.0708e-02],
        [-1.4067e-01, -1.1411e-01, -1.3768e-02,  1.2094e-01,  1.8565e-02,
         -1.6375e-01,  9.9868e-02,  1.7593e-02,  4.2815e-02, -6.5718e-02,
         -4.4109e-02,  3.5182e-02,  1.0702e-01, -3.4715e-02,  2.7606e-02,
         -9.4092e-02],
        [-4.8762e-04,  4.3011e-02,  1.2602e-03,  7.4063e-02,  1.4612e-01,
          1.1050e-01, -1.5630e-01,  4.5838e-02,  6.1388e-02,  4.0432e-03,
         -3.9024e-02,  3.4233e-02,  1.3187e-01, -5.3631e-02,  1.0185e-01,
          5.2572e-02],
        [ 3.5612e-02, -3.6355e-02,  5.2837e-02,  4.2282e-02,  3.1779e-02,
         -2.1411e-03,  1.9662e-02,  9.3968e-02, -5.8401e-02,  3.8979e-02,
         -1.5309e-02, -1.0790e-01,  9.7239e-02,  1.6473e-01,  7.4066e-02,
         -1.4578e-01],
        [-1.3960e-02, -2.8692e-02, -5.2689e-03,  2.1918e-02,  1.7520e-02,
          3.1528e-02, -5.6254e-02,  2.1988e-03, -1.1858e-01, -2.9329e-02,
         -1.8528e-01, -1.1702e-01,  1.4532e-03,  1.6729e-01,  2.1734e-02,
          2.6906e-02],
        [-1.0214e-01, -1.1652e-02,  3.3302e-03, -7.4706e-02,  1.3185e-01,
          4.2202e-02,  8.9320e-03,  2.6312e-02,  2.4218e-03, -5.2114e-02,
          6.5141e-02, -7.6607e-02, -1.6148e-01,  8.9201e-02, -6.5938e-02,
         -3.7871e-02],
        [-1.8030e-02,  3.6655e-02,  5.2378e-02, -5.9792e-02,  1.3076e-01,
          1.4493e-01, -1.5675e-01,  3.3970e-02, -9.6754e-02, -1.0393e-01,
         -1.0011e-01, -1.5099e-01,  7.6835e-02,  9.5014e-02,  1.7716e-01,
          6.4086e-02],
        [ 4.6467e-02,  4.5478e-02, -1.2092e-01, -7.6252e-02,  8.8664e-02,
          6.6950e-02, -2.1536e-02,  1.1801e-01, -6.2700e-02,  9.4645e-02,
         -4.9865e-02, -2.4954e-02,  1.0285e-01, -3.5956e-02,  6.5481e-02,
          1.1572e-01],
        [-8.7553e-02, -4.5548e-02, -1.1373e-01,  3.2660e-02, -1.1280e-01,
          1.6500e-01, -2.2079e-02,  4.1768e-02, -1.2401e-01,  1.0642e-01,
         -1.1265e-01, -9.4477e-02,  1.2605e-02,  1.1170e-01,  2.1285e-02,
          5.5522e-02],
        [-2.4924e-02,  1.0685e-01,  1.1732e-01,  2.2785e-03, -6.1861e-02,
         -1.4784e-01,  3.9323e-02,  5.3108e-02,  8.5516e-02,  3.8380e-02,
          4.4097e-03,  1.2345e-01, -1.1466e-01, -1.7403e-01, -1.6122e-01,
          2.0493e-02],
        [ 7.9915e-02,  1.8287e-01,  8.0888e-02,  9.8538e-02, -8.8658e-03,
         -9.8477e-02,  1.6557e-02, -1.0026e-02, -1.2945e-01,  1.4054e-02,
          5.1143e-03, -1.6446e-02, -2.8772e-02, -8.9256e-02, -1.2981e-02,
         -9.7119e-02]], device='cuda:0')), ('bn3.weight', tensor([1., 1., 1., 1., 1., 1., 1., 1., 1., 1., 1., 1., 1., 1., 1., 1., 1., 1.,
        1., 1., 1., 1., 1., 1., 1., 1., 1., 1., 1., 1., 1., 1.],
       device='cuda:0')), ('bn3.bias', tensor([0., 0., 0., 0., 0., 0., 0., 0., 0., 0., 0., 0., 0., 0., 0., 0., 0., 0., 0., 0., 0., 0., 0., 0.,
        0., 0., 0., 0., 0., 0., 0., 0.], device='cuda:0')), ('bn3.running_mean', tensor([0., 0., 0., 0., 0., 0., 0., 0., 0., 0., 0., 0., 0., 0., 0., 0., 0., 0., 0., 0., 0., 0., 0., 0.,
        0., 0., 0., 0., 0., 0., 0., 0.], device='cuda:0')), ('bn3.running_var', tensor([1., 1., 1., 1., 1., 1., 1., 1., 1., 1., 1., 1., 1., 1., 1., 1., 1., 1.,
        1., 1., 1., 1., 1., 1., 1., 1., 1., 1., 1., 1., 1., 1.],
       device='cuda:0')), ('bn3.num_batches_tracked', tensor(0, device='cuda:0'))])