OrderedDict([('conv1.bias', tensor([ 2.1080e-06,  2.2181e-06,  5.3647e-07,  1.7652e-07,  1.0147e-06,
         2.8147e-06, -6.6733e-08, -1.5517e-08], device='cuda:0')), ('conv1.lin.weight', tensor([[ 2.0234e-01, -1.4264e-01,  2.1108e-01, -2.1385e-02,  3.6370e-04,
          1.0461e-01,  1.3228e-42,  1.2738e-42, -5.5880e-15, -6.3549e-42,
         -1.2901e-01],
        [ 1.9049e-01, -1.8878e-01,  3.4298e-01,  2.5773e-01,  1.1911e-03,
          1.1315e-01,  8.9838e-12, -3.5089e-42, -3.0268e-43,  1.1682e-06,
          1.3863e-01],
        [ 1.5471e-02, -1.6803e-01, -1.8158e-01,  9.6504e-02, -2.7975e-03,
         -9.8153e-02, -2.5223e-42,  5.5693e-08, -2.0557e-42,  2.0599e-43,
         -8.9681e-02],
        [ 2.8510e-01, -2.9464e-01,  3.5625e-02, -2.6209e-02,  7.3672e-03,
         -9.7356e-02,  5.9886e-24, -3.5873e-42,  3.2447e-10, -5.4090e-43,
          1.7517e-01],
        [ 1.9524e-01,  1.7332e-01,  1.8930e-01, -5.6818e-02, -8.6174e-04,
          7.9636e-02, -2.7493e-42, -3.2109e-09,  8.6854e-18, -1.6984e-42,
          1.6723e-01],
        [ 1.4923e-01, -1.8273e-01, -8.9780e-02, -2.0207e-01,  2.7392e-03,
         -5.8968e-02, -6.2755e-12,  1.7614e-42, -2.7255e-42,  1.2920e-42,
          1.1086e-01],
        [-2.1530e-01,  2.6469e-01,  2.1807e-01,  4.4493e-02, -2.2101e-04,
          8.1715e-02, -3.2177e-15, -9.8091e-43,  1.6329e-06,  1.3895e-22,
          1.1684e-01],
        [-1.9029e-01,  9.7737e-02, -3.2580e-01,  1.1238e-01, -5.0656e-04,
         -1.0109e-01,  2.8657e-42, -9.6409e-43,  3.9531e-42,  1.2361e-41,
         -1.4882e-01]], device='cuda:0')), ('conv1.aggr.t', tensor([1.], device='cuda:0')), ('bn1.weight', tensor([0.6540, 0.8199, 0.8845, 0.7621, 0.8633, 0.7141, 0.7870, 0.7436],
       device='cuda:0')), ('bn1.bias', tensor([-0.0325,  0.0530,  0.1741,  0.2076,  0.1460,  0.2439, -0.0305,  0.0755],
       device='cuda:0')), ('bn1.running_mean', tensor([ 0.3288,  0.4983, -0.4221, -0.2074,  0.4951, -0.1515,  0.3375, -0.4688],
       device='cuda:0')), ('bn1.running_var', tensor([0.6240, 0.7654, 0.5392, 0.7210, 0.4666, 0.2700, 0.5219, 0.6145],
       device='cuda:0')), ('bn1.num_batches_tracked', tensor(47024, device='cuda:0')), ('conv2.bias', tensor([-6.3632e-06,  5.8078e-06, -9.8512e-06,  5.3190e-06,  1.5245e-06,
         1.8158e-06, -1.4728e-06, -1.6789e-06, -1.9644e-07,  1.4113e-06,
         4.2263e-09,  3.6931e-06, -2.4749e-06,  2.1097e-06,  3.4440e-06,
        -1.7173e-06], device='cuda:0')), ('conv2.lin.weight', tensor([[-0.3071,  0.1212, -0.0443, -0.2926,  0.0780, -0.2411,  0.2338,  0.0617],
        [ 0.1151, -0.2713,  0.4016, -0.0905,  0.3509,  0.2093,  0.2489, -0.1386],
        [-0.1396, -0.0522, -0.3360, -0.1404,  0.3235, -0.2278,  0.0523, -0.0155],
        [ 0.0619,  0.0467,  0.2159, -0.1142, -0.2792, -0.2609, -0.2728,  0.1212],
        [ 0.1295, -0.3297, -0.0234,  0.2060,  0.2244,  0.1591, -0.0627,  0.1466],
        [-0.2402, -0.1423,  0.1922,  0.3310, -0.0628,  0.0993, -0.1116, -0.0389],
        [-0.1901,  0.1818, -0.0238, -0.1413, -0.0970, -0.0385, -0.3222,  0.0240],
        [-0.3350, -0.0460,  0.1020, -0.0528,  0.3739, -0.4041, -0.0173, -0.1332],
        [ 0.2308, -0.3147, -0.3292,  0.1402, -0.1379,  0.1567,  0.2021, -0.0262],
        [ 0.1077, -0.1632, -0.1517,  0.1606, -0.2590,  0.0770,  0.1527, -0.2561],
        [-0.0336, -0.1114, -0.0391,  0.2697, -0.3131, -0.0468,  0.0420, -0.0938],
        [-0.1853,  0.3504, -0.1716,  0.1157, -0.3768, -0.2436, -0.2865, -0.0021],
        [ 0.1862,  0.3000, -0.3004, -0.1802, -0.2023, -0.0753,  0.0307,  0.1066],
        [-0.0883, -0.3266, -0.2424, -0.2162, -0.2400, -0.1608, -0.1135, -0.1333],
        [-0.0031, -0.2363, -0.0830,  0.1437,  0.3048,  0.1036,  0.4032,  0.3837],
        [ 0.0671,  0.1298, -0.0223, -0.0023,  0.1224, -0.0352,  0.2236, -0.1463]],
       device='cuda:0')), ('conv2.aggr.t', tensor([1.], device='cuda:0')), ('bn2.weight', tensor([0.7811, 0.7281, 0.7952, 0.8226, 0.6532, 0.6452, 0.7661, 0.7814, 0.7402,
        0.7365, 0.5409, 0.7088, 0.6173, 0.7940, 0.7897, 0.7261],
       device='cuda:0')), ('bn2.bias', tensor([-0.1021, -0.4489, -0.3535, -0.0428, -0.2637, -0.1537,  0.3138,  0.3277,
         0.4323, -0.3173,  0.3775, -0.5993, -0.1668, -0.1647, -0.0924,  0.2299],
       device='cuda:0')), ('bn2.running_mean', tensor([-0.1417,  0.3150, -0.1917, -0.1791,  0.1706,  0.0818, -0.1816, -0.1233,
        -0.0750, -0.1339, -0.1122, -0.2771, -0.1258, -0.5335,  0.3301,  0.0976],
       device='cuda:0')), ('bn2.running_var', tensor([0.0886, 0.1061, 0.1030, 0.1231, 0.0636, 0.1341, 0.0558, 0.0843, 0.0565,
        0.0451, 0.0782, 0.1203, 0.0923, 0.1635, 0.1171, 0.0865],
       device='cuda:0')), ('bn2.num_batches_tracked', tensor(47024, device='cuda:0')), ('conv3.bias', tensor([-3.2863e-06,  2.1854e-07,  8.7755e-07,  1.4831e-06, -3.2280e-06,
        -1.2247e-06, -2.3827e-06,  1.3710e-07,  3.6857e-07,  4.9456e-06,
         1.7453e-06,  2.8954e-07,  3.3919e-07, -2.8402e-06,  1.0311e-06,
        -8.5597e-07, -6.3027e-07,  1.9956e-06,  1.3521e-06,  2.2809e-06,
         6.6835e-07, -5.2533e-06, -2.2527e-06, -4.6802e-06, -2.5701e-06,
         2.5763e-07, -6.0813e-07, -7.4077e-07,  6.7053e-07, -6.1883e-06,
         1.6637e-06,  4.3864e-07], device='cuda:0')), ('conv3.lin.weight', tensor([[-0.1498,  0.0302, -0.0943,  0.0387, -0.0955, -0.1773, -0.1439,  0.1069,
         -0.0032,  0.0056,  0.1144, -0.1579, -0.0655, -0.0279, -0.0758, -0.0649],
        [-0.1038,  0.0045, -0.1060, -0.0781, -0.0603, -0.0616,  0.1169,  0.2234,
          0.0594,  0.0639, -0.0721, -0.0166, -0.0448, -0.1134,  0.0428,  0.0120],
        [ 0.0448, -0.0662,  0.0934, -0.1626,  0.1457,  0.0565,  0.1843, -0.1052,
         -0.2103,  0.0786, -0.0271, -0.0395,  0.1167,  0.1338,  0.2071, -0.0197],
        [ 0.0234,  0.0085,  0.0166,  0.0027, -0.0057, -0.0687,  0.1241, -0.1277,
          0.1744, -0.2743,  0.2448, -0.1829,  0.0270, -0.2082, -0.0810, -0.1493],
        [ 0.1234, -0.1538, -0.1357,  0.1464,  0.1280, -0.0191, -0.1213,  0.0488,
         -0.0389,  0.0094, -0.0886,  0.1685, -0.0694, -0.2302,  0.0777, -0.0382],
        [-0.0146,  0.0021, -0.1270,  0.1046,  0.1121, -0.1464,  0.0870,  0.0163,
          0.1032,  0.1105, -0.1847,  0.1922,  0.0999,  0.0679,  0.1709,  0.1910],
        [ 0.2099, -0.0977, -0.1701, -0.0941,  0.1495, -0.1543,  0.1198,  0.1391,
          0.0251,  0.2121,  0.0390,  0.2152, -0.0624, -0.1900,  0.1785, -0.0311],
        [-0.1251, -0.3104,  0.1622,  0.0245,  0.1511, -0.0447,  0.0539,  0.1241,
         -0.1482,  0.1417,  0.1288, -0.2086,  0.0072, -0.1263,  0.0587, -0.0345],
        [ 0.0427,  0.2225, -0.0102,  0.1804, -0.0182,  0.1689, -0.0080,  0.0541,
         -0.0192,  0.1745, -0.1661,  0.2211,  0.1437,  0.1417,  0.1607,  0.1858],
        [-0.0228, -0.1434,  0.0237, -0.1256,  0.0513, -0.0270, -0.1534, -0.0596,
         -0.1085, -0.0268, -0.0005,  0.1562, -0.0270, -0.0488, -0.0950, -0.1160],
        [-0.0804,  0.1556, -0.0904,  0.0263,  0.0335, -0.1142, -0.0232,  0.1030,
         -0.0391, -0.0717, -0.0061,  0.1455,  0.0812,  0.1435,  0.0251,  0.1880],
        [ 0.1147,  0.1276,  0.0664, -0.2021,  0.0761,  0.1037,  0.1298, -0.0923,
          0.1757, -0.0715, -0.1600,  0.0520,  0.0631,  0.0152, -0.2920, -0.1269],
        [ 0.1219,  0.0142, -0.2523,  0.0281,  0.0143, -0.1486, -0.0840,  0.2061,
          0.1557,  0.0352,  0.1465, -0.0114, -0.0855, -0.2363, -0.0912, -0.1675],
        [ 0.1447,  0.2690,  0.1343, -0.1204, -0.0183,  0.0827,  0.0612, -0.2547,
         -0.1512,  0.0097,  0.0034,  0.1286, -0.0622,  0.0912, -0.1162,  0.0754],
        [ 0.1461, -0.1363, -0.1609, -0.1673, -0.0598,  0.1087,  0.1539,  0.1689,
          0.1344,  0.1522, -0.0669, -0.1099,  0.0378, -0.1166, -0.1123,  0.0460],
        [ 0.1529, -0.1135, -0.1092,  0.0993,  0.0714,  0.1423, -0.0181, -0.0428,
          0.1417, -0.2758,  0.1376, -0.1771,  0.0941,  0.0313,  0.0939,  0.0314],
        [ 0.1055, -0.0490, -0.0625,  0.1393,  0.2841,  0.0943, -0.3556,  0.1178,
         -0.1648,  0.1716, -0.2287,  0.1394,  0.0771,  0.1361, -0.1430,  0.1172],
        [ 0.0174, -0.0413,  0.0099,  0.1432,  0.0691, -0.1121,  0.0206, -0.0915,
          0.1791, -0.1295, -0.0911, -0.0574,  0.0320, -0.1345, -0.0685,  0.0029],
        [-0.1210,  0.1942,  0.1624,  0.1302,  0.2019, -0.0006, -0.0303,  0.1262,
          0.0261, -0.0016,  0.0628,  0.1127,  0.2207, -0.1382, -0.1262, -0.1778],
        [ 0.1719,  0.1059, -0.0837,  0.1305,  0.1188,  0.0745,  0.1518,  0.0676,
          0.0226,  0.0718, -0.2051,  0.1621, -0.0088, -0.1601,  0.1808, -0.0861],
        [ 0.1103,  0.1399, -0.0306,  0.0280, -0.0090,  0.0167,  0.0892, -0.0649,
          0.0669, -0.0090,  0.0784, -0.0634, -0.0151, -0.2664,  0.0208, -0.1205],
        [-0.0874, -0.1385, -0.0848, -0.0172, -0.1747,  0.0035,  0.1898,  0.1889,
          0.2340, -0.1314,  0.1129, -0.1006, -0.1520, -0.0640,  0.0443,  0.1291],
        [ 0.0534, -0.1289, -0.1405, -0.0657, -0.1433,  0.0022,  0.2143, -0.0794,
          0.1735, -0.2180,  0.0732, -0.1941, -0.0687,  0.0717,  0.1080,  0.1861],
        [-0.1000, -0.1155, -0.0403,  0.0676, -0.0498, -0.0535, -0.0061,  0.1742,
         -0.0843,  0.1266, -0.0111, -0.0537,  0.0588, -0.1473, -0.0555,  0.0212],
        [-0.0561, -0.0825, -0.0501,  0.1046, -0.1606,  0.0421, -0.0232,  0.2159,
          0.1983, -0.1514,  0.0105, -0.1017,  0.1093, -0.0791,  0.0410, -0.0518],
        [ 0.0129, -0.0740, -0.1816,  0.0415, -0.0804,  0.0261,  0.0384,  0.0072,
          0.0258, -0.1650,  0.1242, -0.1760,  0.0284,  0.2258,  0.0708,  0.1588],
        [ 0.0049,  0.0288, -0.0687,  0.0530, -0.0348, -0.0535,  0.1224,  0.0535,
         -0.0077, -0.0866,  0.1319, -0.1686, -0.1029,  0.1092, -0.1298,  0.2365],
        [ 0.0625,  0.1517, -0.1587, -0.2625, -0.1391, -0.1476,  0.2258,  0.0634,
          0.0453,  0.1472,  0.0175, -0.0307, -0.1659,  0.0361, -0.0677,  0.0154],
        [-0.1152, -0.1796, -0.1035, -0.1023,  0.0488, -0.0616,  0.1090,  0.1824,
          0.1220, -0.0524, -0.0235, -0.1902,  0.0218,  0.1065, -0.1812,  0.2340],
        [ 0.0372, -0.2555, -0.1752,  0.1634, -0.0064, -0.1015, -0.0273,  0.0981,
          0.0770, -0.0631,  0.1136, -0.1272, -0.1726, -0.1387, -0.0372,  0.2262],
        [-0.1213, -0.1695, -0.0549, -0.0019,  0.0454, -0.0485, -0.3075,  0.1737,
          0.1241, -0.0184, -0.0735,  0.1249,  0.0765, -0.0593, -0.0184, -0.1188],
        [ 0.0301,  0.1602,  0.0881, -0.0239, -0.0425, -0.1509, -0.0503, -0.1943,
         -0.1800,  0.1219,  0.0433,  0.2876, -0.1193, -0.1564,  0.1246, -0.1985]],
       device='cuda:0')), ('bn3.weight', tensor([1., 1., 1., 1., 1., 1., 1., 1., 1., 1., 1., 1., 1., 1., 1., 1., 1., 1.,
        1., 1., 1., 1., 1., 1., 1., 1., 1., 1., 1., 1., 1., 1.],
       device='cuda:0')), ('bn3.bias', tensor([0., 0., 0., 0., 0., 0., 0., 0., 0., 0., 0., 0., 0., 0., 0., 0., 0., 0., 0., 0., 0., 0., 0., 0.,
        0., 0., 0., 0., 0., 0., 0., 0.], device='cuda:0')), ('bn3.running_mean', tensor([0., 0., 0., 0., 0., 0., 0., 0., 0., 0., 0., 0., 0., 0., 0., 0., 0., 0., 0., 0., 0., 0., 0., 0.,
        0., 0., 0., 0., 0., 0., 0., 0.], device='cuda:0')), ('bn3.running_var', tensor([1., 1., 1., 1., 1., 1., 1., 1., 1., 1., 1., 1., 1., 1., 1., 1., 1., 1.,
        1., 1., 1., 1., 1., 1., 1., 1., 1., 1., 1., 1., 1., 1.],
       device='cuda:0')), ('bn3.num_batches_tracked', tensor(0, device='cuda:0'))])