OrderedDict([('conv1.bias', tensor([-1.1206e-06,  7.6734e-06, -2.2647e-05,  5.0555e-06, -9.9426e-06,
        -1.2397e-05, -5.3500e-06,  1.5646e-06], device='cuda:0')), ('conv1.lin.weight', tensor([[ 2.0054e-01,  2.3915e-01, -9.9871e-02,  8.8498e-02,  9.0366e-03,
         -7.1504e-02, -2.6347e-07, -8.9291e-42, -3.1594e-33,  3.1641e-42,
          3.7554e-01],
        [-6.2771e-02, -9.7978e-03,  1.3970e-01, -2.6489e-01,  1.2144e-03,
         -2.2002e-01,  6.6842e-43, -2.3220e-42, -1.2526e-15, -2.5490e-42,
         -1.3723e-01],
        [ 9.4661e-02, -3.9261e-03, -1.6786e-01,  3.6528e-02,  2.0613e-02,
         -4.4385e-02,  3.2318e-29,  1.0762e-42, -2.1916e-42,  2.6626e-08,
          2.1716e-01],
        [-6.4469e-03, -2.1665e-02, -2.4072e-01,  5.5994e-01,  1.0664e-02,
          1.1040e-01,  6.8737e-15, -3.0759e-14, -4.2277e-42,  4.1352e-42,
         -1.3108e-01],
        [-2.2646e-01, -7.7257e-02,  1.9543e-01, -4.7103e-01, -5.8516e-02,
          4.9859e-02,  1.0822e-37,  1.6956e-43, -4.7373e-11, -9.1084e-43,
         -3.2757e-01],
        [-9.3500e-02,  3.3113e-01, -1.4768e-01, -4.0104e-02,  7.3803e-02,
          5.5031e-04,  3.3281e-42, -1.8572e-16,  1.9352e-42,  2.3430e-42,
         -2.9845e-01],
        [-2.9247e-01,  1.2729e-01,  3.1578e-02, -4.3229e-01,  2.4952e-02,
          8.7503e-02, -5.7033e-43,  5.2703e-42, -4.9872e-42, -5.3347e-42,
         -5.1743e-02],
        [ 1.4140e-02, -2.9817e-01,  6.1364e-03,  2.2013e-01,  1.4979e-02,
         -3.6675e-02, -1.2738e-42, -2.5784e-43, -6.1951e-42,  9.6129e-43,
          2.8435e-01]], device='cuda:0')), ('conv1.aggr.t', tensor([1.], device='cuda:0')), ('bn1.weight', tensor([1.0171, 0.9173, 0.7734, 0.9024, 1.0209, 0.7594, 0.8413, 0.8648],
       device='cuda:0')), ('bn1.bias', tensor([ 0.0416,  0.1263, -0.1079, -0.0476,  0.0356, -0.0579, -0.0158, -0.1547],
       device='cuda:0')), ('bn1.running_mean', tensor([ 0.1469, -0.9826, -0.0016,  0.3607, -0.1680, -0.1041,  0.1996, -0.0620],
       device='cuda:0')), ('bn1.running_var', tensor([0.0384, 0.1489, 0.0161, 0.0608, 0.0244, 0.0112, 0.0421, 0.0150],
       device='cuda:0')), ('bn1.num_batches_tracked', tensor(47024, device='cuda:0')), ('conv2.bias', tensor([ 2.1811e-06,  2.0911e-05, -1.5423e-05, -9.7177e-07,  1.0936e-05,
         1.2854e-05, -1.6109e-06, -6.0944e-06,  4.6950e-06,  2.4615e-06,
        -5.5198e-06, -7.3229e-06,  1.9046e-05,  1.1944e-05,  1.2714e-05,
         4.8557e-06], device='cuda:0')), ('conv2.lin.weight', tensor([[-0.3251, -0.2368,  0.3339, -0.0385,  0.0075, -0.1628,  0.3733,  0.2835],
        [ 0.3555,  0.2683, -0.2511,  0.1526, -0.1904,  0.2100, -0.0434,  0.0805],
        [-0.1743, -0.2191, -0.1435, -0.1218,  0.1735,  0.2269,  0.2754, -0.2080],
        [ 0.2127,  0.0147,  0.2495,  0.4665,  0.0650,  0.0999,  0.0550,  0.0329],
        [ 0.0420, -0.4081, -0.1385, -0.2363,  0.3578,  0.0875,  0.1278, -0.1176],
        [ 0.1642,  0.0341,  0.0058, -0.1745, -0.4794,  0.0357,  0.0633,  0.1619],
        [-0.3714, -0.4415, -0.0318, -0.2322, -0.0499, -0.2888, -0.0017,  0.2265],
        [ 0.4465, -0.1380,  0.2772,  0.3926, -0.2724, -0.2189,  0.1772,  0.5113],
        [-0.1882,  0.2802, -0.2015,  0.2956,  0.3298, -0.2123,  0.1957, -0.2828],
        [-0.3516,  0.3174,  0.0463,  0.4178,  0.3531,  0.3686, -0.0753, -0.2294],
        [ 0.4225, -0.3555,  0.4544,  0.0815, -0.3698,  0.1056, -0.3415, -0.1860],
        [ 0.3258, -0.3334, -0.0745,  0.2148,  0.1452,  0.0560,  0.0526, -0.5130],
        [-0.3765,  0.2047, -0.2619,  0.3135,  0.2069,  0.0390,  0.2618,  0.2435],
        [-0.3695, -0.1738, -0.2485,  0.0840,  0.1539, -0.1866,  0.1792,  0.0762],
        [-0.0391, -0.4627,  0.1491, -0.3511, -0.1528,  0.2386, -0.1244, -0.3503],
        [ 0.3470,  0.4173, -0.0825,  0.2062, -0.2092, -0.3125, -0.0346,  0.2248]],
       device='cuda:0')), ('conv2.aggr.t', tensor([1.], device='cuda:0')), ('bn2.weight', tensor([0.8264, 0.8271, 0.8851, 0.8255, 0.8417, 0.8933, 0.7359, 0.8301, 0.9018,
        0.8896, 0.8342, 0.8605, 0.8902, 0.8911, 0.7248, 0.8902],
       device='cuda:0')), ('bn2.bias', tensor([ 0.4759,  0.3610, -0.1611, -0.1013,  0.4712,  0.1646, -0.0325, -0.6484,
        -0.0438,  0.3997,  0.3147,  0.3311,  0.1577,  0.1768, -0.2490,  0.1358],
       device='cuda:0')), ('bn2.running_mean', tensor([-0.0127,  0.2348, -0.0562,  0.3832, -0.0908, -0.1016, -0.4645,  0.3210,
         0.1853,  0.3170, -0.1430,  0.0141,  0.2364, -0.1485, -0.4231,  0.2393],
       device='cuda:0')), ('bn2.running_var', tensor([0.0880, 0.0948, 0.2218, 0.1191, 0.2366, 0.2337, 0.1330, 0.3000, 0.2639,
        0.4302, 0.3283, 0.1825, 0.2726, 0.1569, 0.1475, 0.2688],
       device='cuda:0')), ('bn2.num_batches_tracked', tensor(47024, device='cuda:0')), ('conv3.bias', tensor([-1.5543e-06,  1.3410e-06,  1.7844e-06, -3.1836e-06,  2.1269e-06,
        -3.5445e-06,  9.0334e-07, -2.9991e-06,  2.3982e-07,  8.7673e-07,
        -9.5962e-08, -5.8796e-07,  4.5042e-06, -4.2676e-06, -1.8884e-06,
         2.3435e-06, -7.2714e-08,  4.4237e-06,  3.3371e-07, -2.9169e-06,
         3.1451e-06,  2.6644e-07,  3.7327e-06, -4.3822e-06, -4.0990e-06,
         1.7879e-06, -2.1690e-06,  3.8188e-07, -7.2951e-06,  5.8203e-06,
        -3.3253e-06,  2.0159e-06], device='cuda:0')), ('conv3.lin.weight', tensor([[ 0.1347,  0.1067,  0.0983,  0.2265,  0.1799,  0.1129,  0.1772, -0.3367,
         -0.0317, -0.0981, -0.0047,  0.1483,  0.2469, -0.2196,  0.0769,  0.4683],
        [-0.1369,  0.0699,  0.2383,  0.0894, -0.1959,  0.0427,  0.0973, -0.0280,
         -0.1552, -0.2584, -0.0586,  0.0638,  0.1906, -0.1251, -0.1209, -0.2436],
        [-0.1377, -0.3008,  0.1420,  0.1569, -0.0997, -0.0172, -0.0930,  0.1634,
          0.0412, -0.2186, -0.1560, -0.1321,  0.2458, -0.2158,  0.1619, -0.0052],
        [-0.1489,  0.0750,  0.0999,  0.1604, -0.0438,  0.1666,  0.1906, -0.1001,
          0.2851, -0.1908,  0.0142,  0.0729,  0.1078, -0.0981,  0.1140,  0.0557],
        [-0.2764, -0.2418,  0.1986,  0.1594,  0.0214,  0.1404,  0.0022,  0.2036,
          0.0684, -0.2175, -0.2718, -0.0791,  0.2201, -0.0046,  0.2591,  0.2293],
        [-0.1909, -0.0742, -0.0442, -0.1608,  0.1426,  0.2385,  0.0868,  0.1016,
          0.0370,  0.1836, -0.0661,  0.0313,  0.1068,  0.0172,  0.0031,  0.0831],
        [-0.1032, -0.1540,  0.2601, -0.0310, -0.1596,  0.2650,  0.0699,  0.0245,
         -0.1124,  0.1941,  0.1497,  0.0955,  0.1391, -0.1783, -0.1685, -0.1025],
        [ 0.0777,  0.3417,  0.0762,  0.0313,  0.0924,  0.2859, -0.0845, -0.2834,
          0.1508,  0.1697, -0.0984,  0.2941,  0.3155,  0.3441,  0.1738, -0.2542],
        [-0.1033, -0.2046,  0.0258,  0.1363,  0.1010, -0.0933, -0.0439,  0.1761,
         -0.0330,  0.0299, -0.0682, -0.1467,  0.1276, -0.0589,  0.1647,  0.1966],
        [ 0.1263, -0.1174, -0.0932,  0.0509, -0.1515,  0.0708, -0.0573, -0.1094,
          0.1679, -0.1211, -0.2718,  0.2214, -0.2219, -0.0827,  0.0824,  0.0379],
        [-0.0700, -0.0382, -0.0764,  0.1282,  0.1663,  0.0878,  0.1318, -0.1002,
          0.2378,  0.1379,  0.2360, -0.0488, -0.0241, -0.1483, -0.0281,  0.0311],
        [-0.1433, -0.1614, -0.1957, -0.0455, -0.0680,  0.1785, -0.1257, -0.0018,
         -0.1757, -0.0963, -0.2911,  0.2062,  0.2581, -0.0892, -0.0428, -0.1337],
        [ 0.0876,  0.2010,  0.0216, -0.2576,  0.2162, -0.2232, -0.1973,  0.2064,
          0.0483,  0.0648,  0.2081, -0.2237, -0.0131, -0.0697, -0.1039, -0.1904],
        [-0.1208,  0.0493,  0.2152,  0.0150, -0.2213, -0.2208, -0.1153,  0.1834,
         -0.0858, -0.1702, -0.1724, -0.0682, -0.0684,  0.0717,  0.1863, -0.0918],
        [ 0.0346,  0.2416,  0.0907,  0.1969,  0.1871,  0.0394,  0.2916, -0.1768,
         -0.1311,  0.1516, -0.1723, -0.0226, -0.0817, -0.1765, -0.1181,  0.1655],
        [-0.0854,  0.1448, -0.2223,  0.1329, -0.0528, -0.1582,  0.0673,  0.1316,
         -0.1690, -0.1467, -0.2897,  0.0368,  0.0249,  0.0738,  0.0525, -0.2532],
        [ 0.1700, -0.0498,  0.2146, -0.1117, -0.0009, -0.2698, -0.2335, -0.1992,
         -0.1596, -0.0913,  0.2240,  0.0356, -0.1734,  0.0571, -0.1822,  0.2230],
        [-0.0165, -0.1123,  0.0815, -0.1410, -0.1266, -0.2409, -0.1125,  0.2168,
          0.1641, -0.0128,  0.1187, -0.1618, -0.0743, -0.2059, -0.0996, -0.2789],
        [-0.0280, -0.1311, -0.3111,  0.2257,  0.0295,  0.2354,  0.1232, -0.0449,
         -0.2392,  0.2891, -0.2575,  0.0241,  0.1168, -0.1204,  0.0479, -0.1211],
        [ 0.1257, -0.0757,  0.1566, -0.1308, -0.1434, -0.1123, -0.1531, -0.1679,
         -0.3371, -0.1361, -0.0112,  0.0908,  0.1785, -0.1303, -0.1634,  0.0162],
        [-0.1922,  0.0515, -0.1676,  0.1259, -0.2301, -0.2216,  0.1270, -0.0436,
         -0.1506, -0.1877, -0.2815,  0.0991, -0.0681,  0.2118,  0.0950, -0.0682],
        [ 0.0649, -0.1213,  0.1744,  0.0835, -0.2243,  0.0065, -0.1793, -0.0422,
         -0.0061,  0.1231,  0.2022, -0.2251, -0.2880,  0.1806, -0.0305, -0.1638],
        [ 0.1969,  0.0913, -0.2167, -0.1830, -0.0990, -0.2769, -0.0454, -0.2316,
         -0.2449,  0.1421,  0.1103,  0.2631, -0.1356,  0.2010, -0.0550,  0.2100],
        [ 0.1991,  0.2496, -0.2399,  0.0749,  0.1045,  0.2128,  0.0881, -0.1374,
          0.4084, -0.0861,  0.1595, -0.0459,  0.1040, -0.0740,  0.0408, -0.1599],
        [-0.1378,  0.0152, -0.1534,  0.0013, -0.0495,  0.0749,  0.1168, -0.0341,
         -0.0576,  0.1384, -0.3026,  0.2506, -0.1740, -0.0454,  0.0276, -0.0281],
        [-0.0662,  0.2026, -0.1597,  0.1160,  0.2117, -0.1507,  0.1224, -0.0971,
         -0.0323, -0.2927, -0.0657, -0.1753,  0.1463,  0.1019, -0.0075, -0.0436],
        [ 0.1977,  0.0734, -0.0435, -0.1860,  0.1604, -0.0359, -0.0574, -0.1469,
         -0.0958, -0.1248,  0.2137,  0.1355,  0.2618, -0.1241, -0.1366,  0.0632],
        [-0.1402,  0.0946,  0.0507,  0.0331,  0.1754,  0.0837,  0.1303, -0.0792,
         -0.0697,  0.1214,  0.2240, -0.2311, -0.0196,  0.0428, -0.2001, -0.2121],
        [ 0.0611,  0.0613, -0.0505,  0.1370,  0.1335, -0.1376,  0.1772, -0.2145,
         -0.2418,  0.1041, -0.0554,  0.1575,  0.0078, -0.1986, -0.1139,  0.2297],
        [-0.0545, -0.0055, -0.3205,  0.0984, -0.0386, -0.0237,  0.0277, -0.1134,
         -0.0489, -0.0674, -0.0416, -0.0804,  0.0841,  0.2298,  0.1019, -0.0905],
        [-0.0445,  0.2293, -0.3340, -0.1351,  0.2128, -0.0642,  0.1333,  0.0673,
         -0.1669,  0.0039,  0.0108,  0.0572,  0.1718,  0.0704, -0.1401, -0.2494],
        [ 0.1197,  0.0049, -0.1981,  0.0992, -0.0327,  0.1916, -0.0580, -0.1505,
          0.1025, -0.1830, -0.0698,  0.0941,  0.2193,  0.0690,  0.1362,  0.0876]],
       device='cuda:0')), ('bn3.weight', tensor([1., 1., 1., 1., 1., 1., 1., 1., 1., 1., 1., 1., 1., 1., 1., 1., 1., 1.,
        1., 1., 1., 1., 1., 1., 1., 1., 1., 1., 1., 1., 1., 1.],
       device='cuda:0')), ('bn3.bias', tensor([0., 0., 0., 0., 0., 0., 0., 0., 0., 0., 0., 0., 0., 0., 0., 0., 0., 0., 0., 0., 0., 0., 0., 0.,
        0., 0., 0., 0., 0., 0., 0., 0.], device='cuda:0')), ('bn3.running_mean', tensor([0., 0., 0., 0., 0., 0., 0., 0., 0., 0., 0., 0., 0., 0., 0., 0., 0., 0., 0., 0., 0., 0., 0., 0.,
        0., 0., 0., 0., 0., 0., 0., 0.], device='cuda:0')), ('bn3.running_var', tensor([1., 1., 1., 1., 1., 1., 1., 1., 1., 1., 1., 1., 1., 1., 1., 1., 1., 1.,
        1., 1., 1., 1., 1., 1., 1., 1., 1., 1., 1., 1., 1., 1.],
       device='cuda:0')), ('bn3.num_batches_tracked', tensor(0, device='cuda:0'))])