OrderedDict([('conv1.bias', tensor([ 8.2867e-06,  3.8718e-06, -2.8459e-06,  1.1796e-06,  3.1233e-06,
        -9.3041e-07,  3.3643e-06, -8.2118e-06], device='cuda:0')), ('conv1.lin.weight', tensor([[-8.2110e-02,  6.9295e-02,  1.2120e-02, -3.1934e-02,  4.5628e-03,
         -1.0235e-01, -1.1168e-42, -2.6064e-42,  3.2104e-42,  3.4052e-42,
          5.5044e-02],
        [-1.5399e-01,  2.7844e-01,  1.0599e-01, -4.8125e-02,  2.3405e-02,
          3.6736e-02, -5.3249e-43,  2.2030e-08, -1.4461e-42, -1.6255e-42,
         -1.3779e-01],
        [-9.0446e-03,  2.9317e-02, -2.4515e-02, -2.6690e-02, -3.2073e-03,
         -1.0402e-01, -1.1098e-42,  2.8839e-42, -9.3887e-44,  2.0949e-42,
          4.7036e-02],
        [-1.2489e-01,  8.1593e-02, -5.1698e-02, -1.3233e-01,  1.0702e-01,
          5.3464e-02,  4.0638e-42, -4.3160e-42,  8.6334e-42, -6.4178e-13,
         -2.7792e-01],
        [ 5.2290e-02, -2.2074e-01, -1.9225e-02,  3.9060e-02,  4.1891e-03,
         -7.8094e-02, -3.8410e-42, -4.1506e-42, -8.9315e-07,  7.9544e-09,
          5.5304e-01],
        [ 1.1410e-01, -2.9415e-01, -3.0258e-01,  3.8802e-01, -1.4368e-03,
         -1.5435e-03,  3.1576e-12,  2.7746e-43,  7.1186e-43,  1.6380e-06,
          1.7274e-01],
        [-2.6258e-02,  1.3098e-01,  7.5629e-03,  9.4281e-02,  4.7727e-03,
         -1.0640e-01, -4.6131e-42, -5.0057e-15,  3.2230e-44, -4.8905e-43,
          5.5828e-02],
        [-3.1224e-01, -1.7191e-01,  1.4207e-01, -3.8074e-01,  5.7774e-02,
          3.1714e-02, -5.4511e-43,  3.3771e-43,  2.5335e-42,  5.4791e-43,
         -7.5545e-02]], device='cuda:0')), ('conv1.aggr.t', tensor([1.], device='cuda:0')), ('bn1.weight', tensor([0.8502, 0.7873, 0.9816, 0.8523, 0.7614, 0.6584, 0.9117, 0.6024],
       device='cuda:0')), ('bn1.bias', tensor([ 0.0572, -0.0734,  0.1134, -0.0053, -0.0475, -0.1462,  0.0865, -0.1165],
       device='cuda:0')), ('bn1.running_mean', tensor([-3.6617e-01,  9.4076e-02, -3.5950e-01, -1.7561e-04, -3.1405e-02,
         4.8679e-02, -3.2179e-01, -1.5770e-01], device='cuda:0')), ('bn1.running_var', tensor([0.0315, 0.0317, 0.0455, 0.0244, 0.0764, 0.0193, 0.0318, 0.0159],
       device='cuda:0')), ('bn1.num_batches_tracked', tensor(47024, device='cuda:0')), ('conv2.bias', tensor([ 4.0607e-06, -1.5792e-06,  2.0736e-06, -2.0922e-06, -2.0572e-06,
        -2.5125e-06, -2.8396e-06,  5.8879e-06,  2.5933e-06,  8.1014e-07,
         8.0401e-07,  8.0910e-06, -6.5537e-06, -3.1640e-06,  7.3803e-06,
        -3.1690e-07], device='cuda:0')), ('conv2.lin.weight', tensor([[ 4.3528e-03,  1.1307e-01, -3.1398e-01,  1.1651e-01,  1.3103e-01,
         -5.1633e-02, -1.6023e-01,  3.9312e-01],
        [-2.8575e-01,  1.6156e-01, -2.0712e-01,  2.6111e-01,  3.6170e-02,
          3.6878e-02,  7.1243e-02, -1.2529e-01],
        [ 2.4063e-01, -2.4920e-01,  3.3341e-01,  1.7942e-01,  5.5089e-02,
          4.1686e-02, -1.5561e-01,  9.7746e-02],
        [-1.7240e-01,  1.7375e-01,  2.9898e-01,  7.7718e-02, -8.1047e-02,
         -1.3687e-01,  4.3934e-01, -9.9116e-02],
        [-1.9142e-01, -2.4852e-01,  7.6108e-02, -1.6921e-01, -1.8531e-01,
         -3.3285e-02,  3.7634e-01, -8.2009e-02],
        [-5.3077e-02, -4.3646e-01, -2.8237e-01, -1.8330e-01,  2.4136e-01,
         -5.4512e-02, -3.2812e-01, -2.2202e-01],
        [-8.4101e-02,  1.8387e-01,  2.1437e-01, -3.7341e-01,  1.2379e-01,
         -6.1230e-02,  3.0239e-01, -8.9634e-02],
        [ 1.8343e-01,  2.7408e-01,  2.4380e-01,  3.8130e-01, -2.2244e-01,
         -2.5224e-01, -1.7954e-01,  6.5682e-02],
        [-1.9558e-01, -1.9229e-01, -2.6236e-01, -4.0664e-01,  2.8058e-01,
         -1.4064e-01,  1.8637e-01,  2.4429e-01],
        [ 2.4987e-01, -3.3364e-01, -4.8037e-01, -1.4502e-01, -1.6737e-01,
         -4.9200e-02,  1.7341e-01,  1.5930e-01],
        [ 3.4422e-01,  1.4614e-01,  2.0617e-01, -2.5148e-01, -3.8441e-02,
         -6.9284e-02, -6.4264e-02, -1.1711e-01],
        [ 5.4408e-02, -1.9044e-01, -1.8535e-01,  3.6165e-02,  5.0404e-02,
         -2.7018e-03, -3.7132e-01,  1.3311e-01],
        [ 3.4544e-01,  2.7247e-01,  2.7287e-01, -6.5843e-03, -9.6891e-02,
          1.4006e-01,  1.3563e-01,  3.5345e-04],
        [-1.4369e-02, -8.1703e-02,  3.5950e-01, -2.4776e-01, -1.1165e-02,
          5.9854e-02,  3.1441e-01,  3.2695e-01],
        [-7.9829e-02,  1.8897e-01,  5.7719e-03,  3.0017e-01, -1.0539e-01,
          2.1626e-01, -3.3935e-01, -1.4231e-02],
        [ 3.1075e-01,  1.4184e-01, -2.5965e-01,  2.0352e-01,  2.9186e-01,
         -3.0229e-02,  2.4708e-01, -7.9144e-02]], device='cuda:0')), ('conv2.aggr.t', tensor([1.], device='cuda:0')), ('bn2.weight', tensor([0.8217, 0.8119, 0.6718, 0.7950, 0.7559, 0.7578, 0.8515, 0.8177, 0.7052,
        0.7964, 0.7890, 0.8195, 0.7793, 0.7890, 0.8578, 0.5976],
       device='cuda:0')), ('bn2.bias', tensor([ 0.9541, -0.2816, -0.0830, -0.5253,  0.2054, -0.6824, -0.4596, -0.1801,
         0.3401, -0.6827, -0.1046, -0.6348, -0.3220, -0.8442, -0.4170, -0.2456],
       device='cuda:0')), ('bn2.running_mean', tensor([-0.0459, -0.0453,  0.1946,  0.2771, -0.0719, -0.4724,  0.1286,  0.2398,
        -0.2245, -0.2241,  0.1185, -0.2298,  0.3889,  0.2476, -0.0023,  0.2483],
       device='cuda:0')), ('bn2.running_var', tensor([0.2326, 0.1577, 0.1210, 0.1649, 0.1690, 0.2297, 0.1944, 0.2319, 0.1976,
        0.1682, 0.1435, 0.1074, 0.1439, 0.2339, 0.2102, 0.1150],
       device='cuda:0')), ('bn2.num_batches_tracked', tensor(47024, device='cuda:0')), ('conv3.bias', tensor([-3.2175e-06, -1.0721e-06,  2.1828e-06,  3.6138e-08, -1.9363e-06,
         1.4346e-07, -3.1631e-06, -7.2662e-06,  1.8678e-06,  3.1706e-06,
         2.3373e-06,  1.0556e-06, -4.1789e-06, -1.5627e-06, -4.2181e-06,
         1.2042e-06,  1.1639e-06, -4.0453e-07, -6.2198e-07, -1.1431e-07,
         5.4504e-07, -1.2936e-06,  9.9446e-07,  3.4962e-06, -6.7544e-07,
        -3.4496e-06,  2.7653e-06,  5.1007e-06, -2.1993e-06,  2.4171e-06,
        -1.8446e-06,  2.8328e-06], device='cuda:0')), ('conv3.lin.weight', tensor([[-2.0887e-01,  1.5276e-01,  1.1702e-02,  2.6305e-01, -1.9043e-01,
         -3.0797e-02,  1.7120e-01,  2.9869e-01, -8.0280e-02,  5.1061e-01,
         -1.8488e-02,  1.0232e-01,  7.6439e-02,  2.2177e-01,  3.6686e-01,
         -1.0768e-01],
        [-1.4218e-01, -1.9875e-01, -1.2662e-01,  1.9665e-01, -4.6719e-02,
          2.1026e-02, -2.3962e-02, -6.4795e-02, -3.3788e-02, -4.9753e-02,
          6.5467e-03,  1.7142e-01, -5.6877e-02, -4.1314e-02,  1.6896e-01,
          6.9389e-03],
        [ 2.8381e-01, -8.8428e-02,  2.0161e-02, -1.1449e-01, -4.2511e-02,
         -7.4250e-02,  3.2175e-02, -6.4369e-02, -1.8479e-01,  1.9696e-02,
          8.8070e-02, -2.7000e-01, -1.5263e-01,  3.7290e-03, -1.2937e-01,
         -7.7475e-02],
        [-3.4885e-02,  2.1117e-01,  2.7849e-01,  2.1091e-01, -1.6391e-01,
         -3.8825e-03,  1.0389e-01, -4.8392e-02,  7.7445e-02,  2.5608e-01,
          1.2748e-01, -1.3094e-01, -2.2717e-01, -6.9280e-02,  1.5041e-01,
         -2.4671e-03],
        [-4.9354e-05, -1.5585e-01, -3.1331e-02,  4.3063e-02,  4.0190e-02,
         -1.0437e-01, -1.9172e-01,  1.6201e-02, -9.1892e-04, -1.4369e-02,
          6.4457e-02, -7.0475e-02, -1.5027e-01, -1.7862e-01, -1.6463e-01,
         -9.9429e-02],
        [ 2.4166e-01,  2.2435e-01,  7.0303e-02,  1.1332e-01,  9.4108e-02,
          1.2669e-01,  7.3031e-02, -4.3165e-02,  2.3626e-02, -8.1446e-02,
          2.2579e-01,  1.8167e-02,  1.0893e-01,  3.0502e-02,  6.5741e-02,
         -9.5470e-02],
        [-2.5557e-02, -2.0430e-01,  2.2631e-02, -1.3155e-01,  1.0108e-01,
          4.1301e-02, -1.1299e-01,  5.7741e-02, -5.4638e-03, -8.4575e-02,
         -1.5765e-01, -1.4655e-01, -1.6255e-01,  2.1370e-01,  1.2822e-01,
          1.2403e-01],
        [-1.3912e-01,  1.8808e-02, -1.1464e-01,  6.4282e-02,  2.1377e-01,
         -9.3570e-02, -1.3393e-01,  1.7205e-01,  2.4045e-01, -1.2509e-01,
          3.8182e-01,  2.1770e-01, -1.8260e-01, -1.4907e-02,  1.2299e-01,
          1.0981e-01],
        [-2.9403e-02,  5.8716e-02,  2.8046e-02,  7.1356e-03, -7.7661e-02,
          7.8093e-02, -2.4252e-02,  2.0817e-01,  9.9126e-02,  1.1059e-01,
         -8.2388e-04, -1.6249e-01, -1.5214e-02, -1.7559e-01, -1.9572e-01,
         -9.9333e-02],
        [-1.8012e-01,  4.3473e-02,  3.9587e-02, -1.4949e-01,  1.5894e-01,
         -8.7269e-03,  1.2574e-01,  1.7635e-01,  2.0611e-01,  9.1525e-02,
         -1.4240e-01,  1.2898e-01,  6.1739e-02,  7.9191e-02,  2.2388e-01,
         -1.1276e-02],
        [-1.3775e-01,  8.9763e-02, -1.4896e-01, -1.4117e-01, -1.7486e-02,
          3.5769e-02, -1.0333e-01,  4.8169e-02,  6.4516e-02,  8.0995e-03,
          1.0892e-01, -9.3756e-03,  1.4521e-01, -9.7219e-04,  2.4921e-03,
          3.1613e-03],
        [-2.9916e-01, -1.2107e-01, -7.6722e-02, -6.5331e-02,  2.4731e-02,
         -1.7231e-01, -1.2043e-01,  7.0239e-02,  8.1512e-02, -1.0084e-01,
         -6.6982e-02, -4.7283e-02, -1.6039e-01, -1.9534e-01, -9.3432e-02,
          3.1338e-02],
        [-1.4844e-01,  1.8299e-01,  4.1966e-02,  9.0874e-03, -1.2475e-01,
          2.3059e-01, -1.9542e-02,  1.8357e-01,  8.9403e-02,  5.7012e-02,
         -2.0557e-01, -1.0345e-01,  1.3577e-01,  2.4806e-02, -1.3826e-01,
         -8.7823e-03],
        [-8.5686e-02,  2.1114e-01,  7.2162e-02,  1.7890e-02, -2.8888e-02,
         -9.8254e-02, -1.0653e-01, -8.7818e-02, -5.4457e-02, -1.1249e-01,
          1.6918e-02,  4.8770e-02, -9.1930e-02,  7.3788e-02, -2.0371e-01,
         -3.0415e-02],
        [ 9.3445e-02, -8.7701e-02,  1.4881e-01, -1.2158e-02,  8.6891e-02,
         -1.0914e-01,  1.4930e-02, -1.6982e-01,  1.0655e-01, -4.2049e-02,
         -4.4273e-03, -1.5890e-01,  4.1923e-02, -1.4247e-01,  2.0044e-01,
          1.2043e-01],
        [ 1.9451e-01, -8.2932e-02, -9.1397e-02,  1.3074e-01,  1.4784e-01,
          1.3780e-01,  2.0597e-01, -9.4565e-03, -8.4476e-02,  6.0760e-02,
         -7.6105e-02,  2.2258e-01,  1.2386e-01,  1.2906e-01,  2.1662e-01,
         -5.1538e-02],
        [-4.8230e-02, -1.5308e-01, -1.5323e-01,  3.3826e-02,  1.7023e-01,
          6.8898e-02,  5.7446e-02,  1.1331e-01,  1.7422e-01, -5.0329e-02,
         -1.0761e-01, -7.3738e-02,  1.2560e-01, -1.8772e-01,  1.7546e-01,
          5.1950e-03],
        [ 8.8512e-02,  2.1191e-01,  5.7779e-02,  1.2898e-03, -5.6715e-02,
          7.3858e-02,  1.0448e-01,  1.7996e-01, -1.6853e-02, -2.0111e-02,
          1.1003e-01,  7.4701e-02, -9.8787e-02,  1.8828e-01, -1.7212e-01,
          4.5972e-02],
        [ 5.0260e-03,  1.0386e-01, -1.2752e-02, -1.9723e-02, -8.5745e-02,
          1.1827e-01,  1.0775e-01, -1.3732e-01, -7.4288e-02,  6.7840e-02,
         -2.8163e-02, -8.5262e-02,  1.3067e-01,  1.0883e-01,  2.2258e-01,
          1.0466e-02],
        [ 6.3367e-01, -1.1932e-01, -2.2678e-02, -2.3846e-01,  2.3488e-02,
         -4.7046e-01, -2.2575e-01,  1.2308e-03,  1.7609e-01, -3.2000e-01,
         -1.8851e-02, -3.6597e-01, -1.6184e-01, -4.2992e-01, -1.6312e-01,
         -2.0301e-01],
        [ 1.2013e-01,  5.0516e-02,  7.2186e-02,  1.2919e-01, -1.0392e-01,
          1.2639e-01, -1.0657e-01, -2.2690e-01, -6.9579e-02,  9.7661e-02,
          7.3748e-02, -7.9022e-02,  8.6266e-02,  1.2141e-01,  1.6371e-01,
          5.8327e-02],
        [-3.8711e-02, -8.6180e-02, -1.1003e-01, -1.8573e-01,  1.1887e-01,
          2.4490e-02, -6.6227e-02, -2.6075e-02, -5.3873e-02,  2.0451e-02,
         -1.8335e-01, -9.3584e-02,  1.9713e-01, -9.0187e-02, -1.8412e-02,
         -3.1230e-02],
        [ 2.4091e-02,  1.3941e-01, -6.4399e-02, -5.4661e-02, -1.8807e-01,
         -9.5867e-03,  9.9891e-02, -6.8584e-02, -1.8625e-01,  1.4296e-02,
         -1.6870e-02, -1.4784e-01, -5.3790e-02,  8.5112e-02, -1.4863e-01,
         -1.8276e-02],
        [ 1.9948e-01, -1.0579e-01,  6.2181e-02, -2.7728e-02, -6.1590e-02,
         -1.0334e-01,  1.2624e-01, -1.4146e-01, -1.3461e-01,  8.6211e-02,
         -1.4734e-01, -3.1526e-02,  1.1402e-02,  5.1703e-02, -3.4447e-02,
         -5.5498e-02],
        [-2.0751e-01,  1.2467e-01,  7.7604e-02,  2.9736e-02, -1.7092e-01,
         -4.7740e-02,  1.8355e-01, -1.5095e-03,  7.2536e-02,  6.8955e-02,
          1.0295e-01,  1.0716e-01, -7.0062e-02, -2.3300e-03,  1.9529e-01,
          5.0468e-02],
        [-2.8946e-02, -5.4146e-02,  1.0299e-02, -4.8389e-02,  7.1902e-02,
         -5.0503e-02,  8.4549e-02, -1.5114e-01,  2.5431e-02,  7.0056e-02,
         -4.9793e-02, -4.0260e-02,  1.9252e-01, -2.3978e-01,  2.0596e-01,
         -8.1771e-02],
        [ 2.1034e-01, -2.1756e-02, -5.5718e-02,  1.5701e-01,  1.5025e-02,
         -3.3436e-03,  1.7223e-01, -2.2619e-02, -1.1702e-01,  1.7342e-01,
          2.6742e-01, -4.3550e-02, -3.0690e-01,  1.1653e-01,  2.2812e-01,
          1.8736e-02],
        [-1.4334e-01,  8.1151e-02, -8.9119e-02,  3.6137e-03,  1.0676e-01,
          2.3168e-02,  1.5793e-01,  1.0707e-01,  1.0277e-01,  6.6195e-02,
         -2.6328e-02,  9.9888e-02,  2.0490e-03,  3.2710e-02,  2.1280e-01,
         -1.2149e-02],
        [-1.1906e-01,  9.4264e-02,  2.0564e-01, -1.1511e-01, -3.8667e-02,
          3.0190e-02,  1.5613e-01,  2.0560e-01,  7.3155e-03,  9.5501e-02,
         -7.4514e-02, -6.1371e-02, -1.1254e-01, -1.3790e-01, -9.9735e-02,
          6.4614e-02],
        [-1.4411e-01, -4.5521e-02, -1.0274e-02, -1.3797e-01, -2.1827e-01,
         -1.0484e-01, -3.7652e-01, -1.7202e-01, -1.3034e-01, -1.1248e-01,
          7.5805e-02, -3.1039e-01, -2.5609e-01,  1.5053e-01, -1.4291e-01,
         -4.2353e-02],
        [ 1.1846e-01,  4.6968e-02,  7.1937e-02,  9.2342e-02,  8.1676e-03,
          1.8722e-01, -2.8925e-02,  1.2797e-01,  1.6002e-01, -3.8624e-03,
          2.1436e-01, -7.8896e-02,  1.9531e-02,  1.5058e-02,  1.2373e-01,
          1.2285e-01],
        [ 8.9462e-02,  2.2815e-02, -2.4737e-02, -1.7728e-01,  2.1505e-01,
         -1.2570e-01, -1.8659e-01, -1.1356e-01, -4.0583e-02, -2.0228e-01,
          1.0237e-01, -5.9409e-02,  1.3734e-01, -1.9557e-01, -2.0250e-01,
         -8.7994e-03]], device='cuda:0')), ('bn3.weight', tensor([1., 1., 1., 1., 1., 1., 1., 1., 1., 1., 1., 1., 1., 1., 1., 1., 1., 1.,
        1., 1., 1., 1., 1., 1., 1., 1., 1., 1., 1., 1., 1., 1.],
       device='cuda:0')), ('bn3.bias', tensor([0., 0., 0., 0., 0., 0., 0., 0., 0., 0., 0., 0., 0., 0., 0., 0., 0., 0., 0., 0., 0., 0., 0., 0.,
        0., 0., 0., 0., 0., 0., 0., 0.], device='cuda:0')), ('bn3.running_mean', tensor([0., 0., 0., 0., 0., 0., 0., 0., 0., 0., 0., 0., 0., 0., 0., 0., 0., 0., 0., 0., 0., 0., 0., 0.,
        0., 0., 0., 0., 0., 0., 0., 0.], device='cuda:0')), ('bn3.running_var', tensor([1., 1., 1., 1., 1., 1., 1., 1., 1., 1., 1., 1., 1., 1., 1., 1., 1., 1.,
        1., 1., 1., 1., 1., 1., 1., 1., 1., 1., 1., 1., 1., 1.],
       device='cuda:0')), ('bn3.num_batches_tracked', tensor(0, device='cuda:0'))])