OrderedDict([('conv1.bias', tensor([ 3.0177e-07, -1.9641e-07, -2.6061e-07,  2.7630e-06, -3.8558e-07,
         2.1327e-06, -5.5748e-07, -4.3904e-07], device='cuda:0')), ('conv1.lin.weight', tensor([[ 3.3280e-01,  1.5389e-01,  2.3326e-01, -2.6137e-02, -6.4676e-04,
          4.8423e-02,  3.1792e-15,  4.8205e-43,  1.0776e-42,  4.4421e-43,
          1.1172e-01],
        [ 8.9259e-02, -1.6735e-01,  3.1909e-01,  2.1330e-01, -2.4982e-03,
          9.1825e-02, -1.5470e-42, -6.1097e-43,  6.2498e-43, -5.2031e-11,
          1.0194e-01],
        [ 3.7365e-01, -1.1185e-01,  9.1526e-04,  1.6878e-02,  2.5384e-03,
          6.7483e-02,  4.4276e-16,  1.7418e-42, -8.6064e-22, -8.1976e-43,
         -1.2470e-01],
        [ 5.9005e-02,  1.3581e-02, -2.9494e-01, -2.9567e-01,  1.4993e-01,
         -1.5369e-01, -1.1725e-41, -1.8557e-14, -1.0570e-41,  4.7602e-42,
         -1.2059e-01],
        [ 2.3972e-01, -2.0238e-01,  3.5358e-02, -2.7517e-01, -1.1590e-03,
         -1.9535e-01, -5.6472e-42,  2.1846e-42, -6.9939e-42, -3.1935e-09,
         -2.8753e-01],
        [-2.3638e-01,  1.0591e-01, -9.4419e-02, -1.4643e-01, -1.6163e-03,
          1.5409e-01,  1.5682e-12, -1.4181e-42,  3.7331e-42,  2.1960e-35,
          3.4452e-01],
        [-1.9946e-01,  2.1740e-01,  2.8288e-01,  2.2198e-01, -9.1793e-04,
         -1.0271e-01, -5.2549e-43,  5.9512e-08, -1.5568e-42,  5.8351e-14,
          8.8720e-02],
        [-2.3013e-01,  4.7541e-01,  5.8701e-02,  3.0951e-01, -6.7782e-04,
         -1.0271e-01,  2.7970e-10, -5.6052e-44, -2.7241e-42, -1.3200e-42,
          1.9034e-01]], device='cuda:0')), ('conv1.aggr.t', tensor([1.], device='cuda:0')), ('bn1.weight', tensor([1.0433, 0.9973, 0.8293, 0.9026, 0.8622, 0.7923, 0.7908, 0.9244],
       device='cuda:0')), ('bn1.bias', tensor([0.1515, 0.1678, 0.0668, 0.0774, 0.1957, 0.0014, 0.2808, 0.2566],
       device='cuda:0')), ('bn1.running_mean', tensor([ 0.4118,  0.3592,  0.2809, -0.5563, -0.7420,  0.5748, -0.2692, -0.1560],
       device='cuda:0')), ('bn1.running_var', tensor([0.3312, 0.5513, 0.4675, 1.3904, 2.5396, 1.7821, 0.6790, 0.9360],
       device='cuda:0')), ('bn1.num_batches_tracked', tensor(47024, device='cuda:0')), ('conv2.bias', tensor([-3.5959e-06, -6.5593e-07,  5.0842e-06,  1.2618e-05,  4.0033e-06,
        -1.0327e-06,  6.7943e-07,  2.3946e-06,  1.5488e-06,  8.3222e-07,
        -3.7724e-06, -6.3998e-06, -2.4586e-06, -5.3934e-07,  1.8201e-06,
        -2.5674e-07], device='cuda:0')), ('conv2.lin.weight', tensor([[ 0.1133,  0.2538, -0.1822, -0.2064,  0.0342, -0.0532,  0.3570, -0.0880],
        [-0.0694, -0.4609,  0.1627, -0.0913,  0.1631, -0.2301, -0.1451, -0.0480],
        [-0.1985,  0.0206, -0.0726, -0.3856, -0.2064, -0.4734, -0.1184,  0.0306],
        [ 0.1912, -0.0472,  0.1942,  0.1225,  0.2704,  0.2800,  0.1001,  0.0461],
        [-0.2197,  0.1371,  0.0365, -0.2408, -0.0233,  0.1829, -0.0742,  0.3112],
        [-0.3455, -0.1814, -0.1341, -0.0966,  0.2928, -0.0869,  0.0517, -0.2506],
        [-0.1610,  0.4038, -0.2459,  0.2881, -0.2660, -0.0428,  0.2335, -0.2914],
        [-0.2975, -0.0822, -0.2405, -0.3119, -0.4991, -0.2600, -0.3263, -0.1297],
        [-0.2787, -0.2059, -0.2431, -0.2722,  0.3032, -0.0031, -0.2647, -0.0696],
        [-0.3442,  0.0339,  0.1052,  0.1365, -0.0409, -0.1874,  0.1687, -0.2321],
        [-0.2548, -0.3619,  0.3779, -0.3115, -0.3841, -0.1694, -0.2518,  0.2082],
        [-0.2096, -0.0408, -0.0580, -0.1207, -0.2131, -0.3602, -0.2335,  0.0256],
        [ 0.1488,  0.1395, -0.1462, -0.0345, -0.2306,  0.0188,  0.0906,  0.1627],
        [-0.2266,  0.4125,  0.2764, -0.0389, -0.3603, -0.0621,  0.1495,  0.0704],
        [ 0.4725,  0.1030,  0.0319, -0.3823,  0.2478,  0.2179,  0.1822,  0.0069],
        [-0.1769,  0.1140,  0.1972, -0.1986, -0.4135, -0.2640, -0.0983,  0.4417]],
       device='cuda:0')), ('conv2.aggr.t', tensor([1.], device='cuda:0')), ('bn2.weight', tensor([0.8357, 0.8555, 1.0034, 0.8815, 0.7911, 0.7726, 0.6766, 0.8277, 0.7642,
        0.7091, 0.8007, 0.7924, 0.7544, 0.7344, 0.8540, 0.7531],
       device='cuda:0')), ('bn2.bias', tensor([ 0.0732,  0.0446, -0.5061, -0.4618, -0.0535, -0.3269, -0.0497, -0.3664,
         0.4442,  0.3180,  0.2016,  0.4436,  0.1099,  0.0629,  0.3421, -0.0092],
       device='cuda:0')), ('bn2.running_mean', tensor([ 0.1484, -0.2776, -0.4927,  0.4309,  0.0253, -0.3094, -0.0484, -0.8423,
        -0.4130, -0.1716, -0.4766, -0.4551,  0.0929,  0.0633,  0.3996, -0.1302],
       device='cuda:0')), ('bn2.running_var', tensor([0.1049, 0.3011, 0.1945, 0.1402, 0.1054, 0.3117, 0.1812, 0.3445, 0.2695,
        0.1603, 0.2610, 0.1706, 0.0847, 0.2217, 0.3766, 0.1487],
       device='cuda:0')), ('bn2.num_batches_tracked', tensor(47024, device='cuda:0')), ('conv3.bias', tensor([ 5.0666e-07, -1.1345e-06,  1.5322e-06, -1.1128e-06, -6.1991e-07,
         1.7689e-06,  1.7836e-06, -2.1402e-06, -3.5198e-07,  3.0190e-07,
        -1.3908e-06, -4.5710e-07,  2.4770e-06, -4.3060e-07, -5.4015e-07,
         4.5819e-07, -1.9108e-06,  2.0037e-06, -1.5949e-06,  1.1858e-07,
        -1.5519e-06,  1.0558e-06, -7.3592e-07,  3.9874e-06,  1.1256e-06,
        -1.1237e-06, -1.4128e-06,  4.7976e-06,  7.6893e-07, -3.8439e-07,
        -1.1779e-08, -9.1293e-07], device='cuda:0')), ('conv3.lin.weight', tensor([[-0.0280, -0.2003,  0.2160,  0.1567,  0.1260, -0.2736, -0.0271, -0.0200,
          0.1424,  0.1299,  0.1879,  0.0692, -0.0509, -0.1083,  0.1593, -0.1408],
        [ 0.1183,  0.0940, -0.1869, -0.2297,  0.0369, -0.0553, -0.1671,  0.1127,
         -0.1640,  0.1869,  0.0755,  0.2413,  0.0872,  0.0674,  0.1709, -0.1748],
        [-0.1458,  0.2288, -0.0824, -0.0669,  0.0252,  0.0124, -0.0679,  0.1006,
         -0.1577, -0.0441, -0.1649,  0.0493,  0.1403,  0.0379,  0.0286,  0.0778],
        [-0.0898,  0.0858, -0.1524, -0.3235,  0.1269, -0.0520, -0.0546, -0.0594,
         -0.0292,  0.1842, -0.0676,  0.0173,  0.1722, -0.0605,  0.0288, -0.1112],
        [-0.1925, -0.1378,  0.4059,  0.0788,  0.1549,  0.0186,  0.0576, -0.0693,
         -0.1833, -0.0376, -0.0950, -0.1660, -0.0211, -0.0379, -0.1335, -0.2208],
        [-0.0531, -0.0297, -0.2785, -0.1104, -0.0238,  0.1607, -0.1346, -0.0333,
          0.2106,  0.0626, -0.2546,  0.2530, -0.0471,  0.1502,  0.1960,  0.2225],
        [-0.1248, -0.1260,  0.2431,  0.1898, -0.0954,  0.0283, -0.2297,  0.2153,
         -0.0119,  0.0988, -0.2235, -0.2134,  0.0204,  0.1370, -0.0897, -0.1026],
        [-0.0022,  0.1699,  0.0682, -0.0628,  0.1613,  0.0886, -0.2469,  0.2503,
         -0.2324,  0.0037, -0.2335, -0.1028,  0.0870,  0.1193, -0.0058, -0.0193],
        [-0.2407, -0.1192,  0.0639, -0.1897, -0.0812, -0.1669,  0.0098, -0.1319,
          0.1903,  0.0666, -0.2553,  0.0865, -0.0594, -0.0386,  0.1997,  0.1732],
        [ 0.1892,  0.0870,  0.0654,  0.1427,  0.0869,  0.1356,  0.0603,  0.1039,
          0.0634, -0.1094,  0.1536, -0.2607, -0.0155, -0.0360, -0.0627, -0.0350],
        [-0.1249, -0.1413, -0.0589, -0.0476, -0.0676,  0.0653,  0.1014, -0.2738,
          0.2023,  0.0265,  0.0910,  0.2958,  0.1637, -0.0437,  0.1953, -0.1135],
        [ 0.0854,  0.0479,  0.2129,  0.1728,  0.0631,  0.0838, -0.1541,  0.0445,
         -0.1920, -0.0196, -0.0545,  0.0025,  0.0144, -0.0327, -0.1052, -0.1706],
        [-0.2560, -0.1522,  0.0604,  0.1697, -0.1771,  0.1989, -0.0513, -0.0540,
          0.0579, -0.0520, -0.1934,  0.2000,  0.1282,  0.0536,  0.1383,  0.0899],
        [-0.1201, -0.1910, -0.1171,  0.0677,  0.0525, -0.0945, -0.2573, -0.0306,
         -0.2081,  0.2517, -0.2207,  0.3142,  0.0971, -0.0698, -0.2832, -0.0842],
        [ 0.1198, -0.0373, -0.2453, -0.2475, -0.0777, -0.1506, -0.1320,  0.2713,
          0.0840,  0.1270,  0.1286, -0.1707,  0.0366, -0.0706,  0.1060,  0.0792],
        [-0.2363, -0.2197,  0.3762,  0.2680,  0.1408,  0.1583,  0.0916,  0.1033,
         -0.1967,  0.1588, -0.1499, -0.1408,  0.0887, -0.3069,  0.1141,  0.0189],
        [-0.0871, -0.0059,  0.1218,  0.0069, -0.0061,  0.1849, -0.0893, -0.1195,
         -0.1194,  0.1163,  0.0490,  0.0148,  0.0787,  0.1239,  0.1494,  0.0182],
        [-0.0412,  0.2208,  0.0948,  0.0069,  0.1527, -0.0912,  0.0305,  0.3268,
         -0.1045, -0.0196, -0.0387, -0.1718, -0.1279,  0.0402,  0.2156, -0.1303],
        [-0.0009, -0.3066, -0.1902, -0.0610, -0.1655,  0.2065, -0.0733,  0.2204,
         -0.2475,  0.0451,  0.1080, -0.1161, -0.1951, -0.1408, -0.0329,  0.1372],
        [-0.1697, -0.1575, -0.1318,  0.0005, -0.1041, -0.0463,  0.0723,  0.1276,
          0.1273, -0.0615, -0.0294,  0.2567, -0.0142,  0.0495,  0.2304,  0.0340],
        [-0.0865, -0.0815, -0.2124,  0.0479, -0.1304,  0.1905, -0.1717,  0.2531,
          0.1589,  0.0817,  0.0932,  0.0157,  0.1482,  0.2336,  0.1692,  0.0219],
        [ 0.0817, -0.0220, -0.0108,  0.1344, -0.0492, -0.1881,  0.1672, -0.1421,
          0.3219,  0.1247,  0.1982,  0.1682, -0.0847,  0.0474,  0.2310, -0.0038],
        [-0.0435,  0.1080, -0.0099,  0.0961,  0.0216,  0.2035,  0.1881, -0.0745,
         -0.2695,  0.0359,  0.1459, -0.1041,  0.2257, -0.1573, -0.1772, -0.0083],
        [ 0.1115, -0.0329, -0.1631, -0.0702, -0.1015,  0.2412,  0.1004,  0.0826,
         -0.2752, -0.2843,  0.0724,  0.0446, -0.1559,  0.0712, -0.0617,  0.1136],
        [ 0.0277,  0.0655, -0.0951, -0.2424, -0.0481,  0.1158, -0.0372, -0.1218,
         -0.0549,  0.0250,  0.1286, -0.1650,  0.1842,  0.0570,  0.0550, -0.0620],
        [-0.0127,  0.1556, -0.1416,  0.0199, -0.0443, -0.0068,  0.1227,  0.3310,
         -0.1035, -0.0277, -0.0429, -0.0958,  0.0444,  0.1067,  0.0123,  0.0320],
        [-0.0409,  0.1183, -0.2355, -0.0489,  0.0361,  0.0987, -0.0939,  0.0416,
         -0.0617, -0.1213, -0.0355,  0.0599,  0.1048,  0.1663, -0.1111, -0.0454],
        [ 0.0392,  0.1502, -0.1172, -0.0470,  0.0375, -0.1232,  0.2361, -0.1047,
         -0.1347,  0.1746,  0.1696,  0.1624,  0.0293, -0.2267,  0.0549,  0.0374],
        [ 0.1531,  0.2453, -0.0777, -0.2689,  0.1736, -0.0879, -0.1600, -0.0742,
          0.0547,  0.1360, -0.0657, -0.1434, -0.0392,  0.0364,  0.1347, -0.0812],
        [ 0.1987,  0.0945, -0.0932, -0.1143,  0.0510, -0.1534, -0.0259, -0.2304,
          0.0369, -0.1259,  0.1092,  0.0666, -0.2194,  0.2168, -0.2578, -0.0958],
        [ 0.2039,  0.2153, -0.0133, -0.1863,  0.0343, -0.2714, -0.2423,  0.0627,
         -0.1168,  0.1674, -0.0973, -0.0198,  0.0280,  0.1497, -0.0801, -0.2121],
        [-0.1380,  0.1520,  0.2246,  0.2922, -0.0109,  0.1382,  0.2177,  0.0561,
         -0.0394, -0.2300, -0.1832,  0.1562, -0.0675,  0.0179,  0.1929,  0.1844]],
       device='cuda:0')), ('bn3.weight', tensor([1., 1., 1., 1., 1., 1., 1., 1., 1., 1., 1., 1., 1., 1., 1., 1., 1., 1.,
        1., 1., 1., 1., 1., 1., 1., 1., 1., 1., 1., 1., 1., 1.],
       device='cuda:0')), ('bn3.bias', tensor([0., 0., 0., 0., 0., 0., 0., 0., 0., 0., 0., 0., 0., 0., 0., 0., 0., 0., 0., 0., 0., 0., 0., 0.,
        0., 0., 0., 0., 0., 0., 0., 0.], device='cuda:0')), ('bn3.running_mean', tensor([0., 0., 0., 0., 0., 0., 0., 0., 0., 0., 0., 0., 0., 0., 0., 0., 0., 0., 0., 0., 0., 0., 0., 0.,
        0., 0., 0., 0., 0., 0., 0., 0.], device='cuda:0')), ('bn3.running_var', tensor([1., 1., 1., 1., 1., 1., 1., 1., 1., 1., 1., 1., 1., 1., 1., 1., 1., 1.,
        1., 1., 1., 1., 1., 1., 1., 1., 1., 1., 1., 1., 1., 1.],
       device='cuda:0')), ('bn3.num_batches_tracked', tensor(0, device='cuda:0'))])