OrderedDict([('conv1.bias', tensor([-3.8134e-06,  4.9656e-06,  3.2799e-06,  8.7191e-06, -2.4574e-06,
         1.8693e-06,  3.0277e-06,  7.3725e-06], device='cuda:0')), ('conv1.lin.weight', tensor([[-3.4260e-02, -1.3228e-01,  1.9467e-01,  2.6614e-01,  1.6926e-02,
         -4.6113e-02, -1.0412e-42,  6.9224e-42, -1.0312e-21,  4.9606e-42,
         -4.4078e-02],
        [ 9.2608e-02, -3.5775e-02, -1.4190e-01, -2.4314e-02,  4.9025e-02,
          1.5902e-01,  5.5683e-08,  5.3670e-43, -9.3369e-42, -2.4285e-42,
         -6.2486e-01],
        [ 1.0800e-01, -1.3367e-01,  3.7145e-01, -1.3599e-01, -1.8790e-02,
         -3.1704e-02, -5.8476e-42, -2.6723e-42,  1.5066e-20, -1.5512e-42,
         -2.3635e-01],
        [-1.8209e-01, -2.9123e-02,  1.7500e-01, -3.3055e-01,  1.4594e-01,
          3.4560e-02,  4.5276e-42, -4.1647e-42, -2.5462e-42,  2.7886e-10,
         -1.2980e-01],
        [-1.0329e-01, -1.6958e-01, -1.3208e-01,  2.6579e-01,  5.7024e-02,
         -2.4984e-01, -2.4570e-15, -1.7306e-42, -9.8615e-29,  4.5682e-43,
          1.4559e-01],
        [-6.6747e-02, -1.3670e-01,  1.1765e-02, -2.9034e-01,  9.9081e-02,
          8.9281e-02, -1.0636e-42,  7.1228e-42, -2.5868e-42,  2.3988e-13,
         -3.0864e-01],
        [-1.8263e-01,  1.0983e-01,  9.9086e-02,  1.9426e-01,  3.0287e-02,
          4.7856e-02,  1.5090e-08, -2.2519e-42,  6.9645e-26,  5.7012e-12,
         -1.2806e-01],
        [-2.7633e-01,  2.0600e-01, -3.3948e-01,  7.9988e-02,  1.5066e-02,
          7.8875e-02,  1.2598e-42, -3.0156e-42,  4.9045e-44, -7.1466e-43,
          1.2385e-02]], device='cuda:0')), ('conv1.aggr.t', tensor([1.], device='cuda:0')), ('bn1.weight', tensor([0.8639, 0.8377, 0.8519, 0.7745, 0.8593, 0.9525, 0.7136, 0.7480],
       device='cuda:0')), ('bn1.bias', tensor([ 0.0251, -0.0231,  0.0753, -0.0495,  0.0482,  0.1297,  0.0507,  0.0484],
       device='cuda:0')), ('bn1.running_mean', tensor([-0.2324,  0.2851, -0.2411, -0.0399, -0.9624,  0.0732,  0.0988,  0.2556],
       device='cuda:0')), ('bn1.running_var', tensor([0.0099, 0.1054, 0.0307, 0.0112, 0.1990, 0.0276, 0.0296, 0.0628],
       device='cuda:0')), ('bn1.num_batches_tracked', tensor(47024, device='cuda:0')), ('conv2.bias', tensor([ 8.6199e-06,  2.2816e-06,  3.6773e-07, -6.9917e-06,  2.2230e-06,
         4.9905e-06,  1.5620e-06,  1.3762e-06, -9.6547e-07, -4.5665e-06,
        -1.6180e-06, -6.1048e-06,  4.8035e-06, -8.6249e-08, -1.5969e-06,
         1.8920e-06], device='cuda:0')), ('conv2.lin.weight', tensor([[ 0.2426, -0.2496, -0.0636, -0.0930,  0.3436,  0.3790,  0.3335,  0.0489],
        [-0.3101,  0.0444, -0.3093, -0.4258, -0.2230,  0.3477,  0.1125, -0.2324],
        [ 0.0379,  0.0041,  0.2153, -0.1146, -0.3837, -0.3882, -0.0925, -0.0564],
        [-0.1609,  0.0270,  0.2917, -0.3293, -0.4550,  0.3308, -0.3270,  0.2018],
        [-0.1597,  0.2362, -0.2916,  0.1326, -0.2990, -0.3500,  0.2219, -0.3082],
        [ 0.2510,  0.2048,  0.1900,  0.2517, -0.2274, -0.4713, -0.4028, -0.2352],
        [ 0.3254, -0.5215,  0.0337,  0.1661,  0.0655,  0.2448,  0.2565, -0.1901],
        [ 0.3153, -0.0689,  0.2940, -0.1402, -0.0025, -0.2921, -0.2416, -0.0250],
        [-0.1796,  0.0245, -0.2792,  0.0734, -0.0118,  0.1055,  0.3105,  0.0714],
        [ 0.1663, -0.3345,  0.0368, -0.1714,  0.1056,  0.2568,  0.1496, -0.3956],
        [ 0.3244,  0.4186,  0.3662,  0.2415, -0.2107,  0.2916, -0.1502,  0.0729],
        [ 0.1134,  0.3053,  0.2815,  0.1953, -0.2453,  0.3248, -0.0467, -0.0433],
        [ 0.4262,  0.3147,  0.2948,  0.1585,  0.0033, -0.3127,  0.2204,  0.1117],
        [-0.3554,  0.2653,  0.2100,  0.1774, -0.3052, -0.1295,  0.0808,  0.2513],
        [ 0.2431, -0.0672,  0.3839,  0.3718,  0.1816, -0.4362,  0.0352, -0.2676],
        [ 0.0580, -0.1914, -0.3061, -0.2846, -0.3279,  0.4838,  0.2032, -0.1635]],
       device='cuda:0')), ('conv2.aggr.t', tensor([1.], device='cuda:0')), ('bn2.weight', tensor([0.7737, 0.8315, 0.7619, 0.8213, 0.7896, 0.7376, 0.7470, 0.7674, 0.7829,
        0.7556, 0.8292, 0.8052, 0.7688, 0.7921, 0.9778, 0.7615],
       device='cuda:0')), ('bn2.bias', tensor([-0.2371,  0.6166,  0.0584, -0.1670, -0.3792, -0.1667,  0.2687,  0.0284,
         0.1416, -0.4691,  0.4066, -0.3860, -0.0048, -0.0390,  0.4793,  0.1581],
       device='cuda:0')), ('bn2.running_mean', tensor([ 0.3735, -0.2960, -0.2969, -0.0995, -0.3442, -0.2095,  0.1569, -0.0558,
         0.0296, -0.0135,  0.4563,  0.3016,  0.3682,  0.0215,  0.1045, -0.1310],
       device='cuda:0')), ('bn2.running_var', tensor([0.1754, 0.2724, 0.1820, 0.1942, 0.2021, 0.2985, 0.1717, 0.3280, 0.1803,
        0.1395, 0.4208, 0.3082, 0.2356, 0.2286, 0.3872, 0.2532],
       device='cuda:0')), ('bn2.num_batches_tracked', tensor(47024, device='cuda:0')), ('conv3.bias', tensor([-1.6964e-06, -4.3528e-07, -1.7373e-07,  3.5022e-06, -2.9598e-06,
         2.0769e-06, -3.1549e-06,  1.5003e-06, -7.6955e-07,  1.4480e-06,
         1.6823e-06, -4.0379e-07, -1.3651e-07, -1.5416e-07, -4.9870e-07,
        -5.1261e-07,  2.3368e-06,  1.7799e-06, -1.6712e-06, -2.0779e-06,
         3.7917e-06,  6.9783e-07,  4.0626e-08,  2.9334e-06,  3.1379e-06,
         3.0887e-06, -2.4047e-06, -2.2495e-06, -6.7666e-07,  9.6412e-07,
         2.3245e-06, -3.1267e-06], device='cuda:0')), ('conv3.lin.weight', tensor([[ 0.0727,  0.1951,  0.1580, -0.1411,  0.0728, -0.2257,  0.0659,  0.0959,
         -0.1163,  0.0441, -0.0114,  0.0892,  0.0888,  0.0834, -0.0020, -0.1132],
        [ 0.0070, -0.2107, -0.0533,  0.1730,  0.1235, -0.0594, -0.0450, -0.1720,
         -0.1713, -0.1240, -0.0740, -0.1292,  0.1866, -0.1490, -0.0700,  0.1657],
        [ 0.1385, -0.0527,  0.1389,  0.1687,  0.1732,  0.0573, -0.0300, -0.0817,
          0.0754,  0.0552,  0.0038,  0.0652,  0.0547, -0.2298, -0.0969, -0.0802],
        [ 0.0828, -0.0844,  0.0349, -0.1709, -0.0104,  0.1070, -0.1630, -0.0396,
         -0.1213,  0.1968, -0.2219,  0.1537,  0.1407,  0.1558, -0.2629,  0.0068],
        [-0.0674,  0.1796,  0.1816, -0.0993, -0.0159, -0.0038,  0.0855,  0.0283,
          0.0915,  0.2217,  0.2256, -0.1266,  0.0838,  0.1649, -0.1502, -0.2671],
        [ 0.0148, -0.0875, -0.0344,  0.0174,  0.1575,  0.1475,  0.2139, -0.1905,
         -0.1933,  0.1030, -0.1398,  0.0847,  0.0072,  0.0283, -0.2887, -0.1667],
        [-0.0775,  0.1604,  0.0657, -0.1522, -0.1290,  0.0388, -0.0180,  0.0695,
          0.1054, -0.1404,  0.1301,  0.1196, -0.0719, -0.2030,  0.1058,  0.0698],
        [ 0.0576, -0.0965, -0.1358,  0.0893,  0.0595,  0.0889, -0.1529, -0.0493,
         -0.0143,  0.2133, -0.0131,  0.0284, -0.1251,  0.0940,  0.0258, -0.1098],
        [-0.0545, -0.1750,  0.1078, -0.3172, -0.1229,  0.0166,  0.0212, -0.0035,
         -0.1775,  0.0871, -0.0889,  0.0758,  0.0913,  0.1891, -0.2718,  0.1959],
        [ 0.0928, -0.0320, -0.1164,  0.0140, -0.0148,  0.2430, -0.1657, -0.1171,
          0.0250, -0.0243,  0.2625, -0.2560, -0.1082, -0.0772,  0.0013,  0.0282],
        [ 0.2390, -0.1596,  0.0393,  0.1701,  0.1928,  0.1138, -0.0968, -0.1154,
         -0.0382,  0.1998, -0.1500,  0.1813, -0.0395, -0.0307, -0.1472, -0.2317],
        [ 0.2307, -0.1949,  0.0632,  0.0844,  0.1688,  0.0543, -0.1164, -0.0592,
         -0.0437, -0.0093,  0.1601, -0.0121, -0.1077, -0.1863, -0.0986, -0.1005],
        [ 0.1566, -0.0280, -0.0077,  0.1166, -0.1238,  0.2247, -0.1521, -0.0975,
          0.0818, -0.1901,  0.1710, -0.3068, -0.0338, -0.0018,  0.1514,  0.2022],
        [-0.0883,  0.0212, -0.1615, -0.0430,  0.0685,  0.1825,  0.1422,  0.0213,
         -0.0009, -0.0903,  0.1185, -0.1108, -0.0603, -0.0214, -0.0526,  0.0009],
        [-0.0110,  0.1725,  0.1870,  0.0302, -0.0785, -0.0285,  0.2757, -0.1422,
         -0.1332, -0.1553,  0.0665, -0.0931,  0.1683, -0.0452, -0.1734, -0.1823],
        [-0.0335,  0.2315,  0.0271,  0.0025, -0.0414, -0.0133, -0.0674, -0.0184,
          0.0341, -0.0938,  0.0875,  0.0257,  0.1369, -0.2470,  0.0615, -0.0447],
        [-0.0665, -0.0750,  0.1622, -0.2150, -0.0264, -0.2588,  0.1007,  0.0284,
         -0.1031, -0.1460,  0.1125,  0.1258, -0.2250, -0.0379,  0.0942,  0.0434],
        [-0.0316,  0.1833,  0.0331,  0.0678, -0.0581, -0.1063,  0.1048, -0.1122,
         -0.0054, -0.2824,  0.2200, -0.1878, -0.1227, -0.1668,  0.3253,  0.1043],
        [-0.2346,  0.1493,  0.2379, -0.1908, -0.2570,  0.0103, -0.0576,  0.1061,
         -0.2003,  0.0701,  0.0238, -0.2669, -0.1611, -0.1040, -0.0680,  0.0537],
        [ 0.1203, -0.2992,  0.1406, -0.1503, -0.0444, -0.0783, -0.1425, -0.0079,
         -0.1227,  0.0279, -0.1551,  0.3019, -0.1498,  0.0067, -0.1169,  0.0614],
        [-0.1049,  0.0957,  0.0671,  0.0733,  0.0374, -0.2720, -0.1583, -0.0831,
          0.0610,  0.1521,  0.2817, -0.1641, -0.0559, -0.0639,  0.2034, -0.1320],
        [ 0.1241,  0.1316, -0.0279,  0.0494,  0.1907, -0.0892,  0.0130, -0.0431,
         -0.1192, -0.0572,  0.2011, -0.3544,  0.0838,  0.0483,  0.1064,  0.0370],
        [-0.1238, -0.1549,  0.0171,  0.1794,  0.1577, -0.1440, -0.0536, -0.1696,
         -0.1258, -0.0039,  0.1097, -0.0414,  0.0048, -0.2144,  0.1000,  0.1650],
        [-0.2056,  0.1282, -0.1013, -0.0248, -0.0198, -0.0105,  0.2010,  0.0445,
         -0.0971, -0.0692,  0.0125, -0.0926,  0.1851,  0.1184, -0.0715, -0.0875],
        [-0.0948, -0.1520,  0.0239,  0.0772,  0.1023, -0.0094,  0.3190, -0.0904,
         -0.1911, -0.0709, -0.2316,  0.1738,  0.0927, -0.0145, -0.2608, -0.1001],
        [-0.0583,  0.1025, -0.1013, -0.0851,  0.1478, -0.0108, -0.0172,  0.1532,
         -0.0044,  0.1682, -0.1060,  0.1685,  0.1311,  0.0192, -0.0943, -0.1216],
        [-0.1623, -0.1463, -0.0181, -0.1700, -0.0771, -0.0841, -0.1234,  0.0283,
         -0.0499,  0.1795,  0.1270, -0.0580,  0.0281,  0.1070, -0.2240, -0.0878],
        [ 0.1124,  0.2827, -0.0499, -0.0433, -0.1599,  0.1306,  0.0620,  0.0356,
          0.1151, -0.1858,  0.0473, -0.1905, -0.0582,  0.1085,  0.2177,  0.0479],
        [-0.1569, -0.1760, -0.1978,  0.0733,  0.2604, -0.0493, -0.0594,  0.1864,
          0.0815,  0.1645,  0.2067, -0.0212, -0.1453, -0.0683,  0.0453, -0.0006],
        [-0.1708,  0.2876,  0.0247, -0.0821, -0.1078, -0.0213,  0.2478, -0.1374,
         -0.1551, -0.2002,  0.1044, -0.0578,  0.0489, -0.0411,  0.1351,  0.0232],
        [-0.1218,  0.0258, -0.1028,  0.1193,  0.2027, -0.1080,  0.0940, -0.0371,
         -0.1187, -0.1573, -0.1188,  0.1511,  0.0357, -0.1344,  0.1224, -0.0778],
        [ 0.0240,  0.1888, -0.1745,  0.0837,  0.0441,  0.1017, -0.0321,  0.1955,
          0.1790,  0.2861,  0.2600, -0.2268,  0.0251,  0.0743, -0.0526, -0.2315]],
       device='cuda:0')), ('bn3.weight', tensor([1., 1., 1., 1., 1., 1., 1., 1., 1., 1., 1., 1., 1., 1., 1., 1., 1., 1.,
        1., 1., 1., 1., 1., 1., 1., 1., 1., 1., 1., 1., 1., 1.],
       device='cuda:0')), ('bn3.bias', tensor([0., 0., 0., 0., 0., 0., 0., 0., 0., 0., 0., 0., 0., 0., 0., 0., 0., 0., 0., 0., 0., 0., 0., 0.,
        0., 0., 0., 0., 0., 0., 0., 0.], device='cuda:0')), ('bn3.running_mean', tensor([0., 0., 0., 0., 0., 0., 0., 0., 0., 0., 0., 0., 0., 0., 0., 0., 0., 0., 0., 0., 0., 0., 0., 0.,
        0., 0., 0., 0., 0., 0., 0., 0.], device='cuda:0')), ('bn3.running_var', tensor([1., 1., 1., 1., 1., 1., 1., 1., 1., 1., 1., 1., 1., 1., 1., 1., 1., 1.,
        1., 1., 1., 1., 1., 1., 1., 1., 1., 1., 1., 1., 1., 1.],
       device='cuda:0')), ('bn3.num_batches_tracked', tensor(0, device='cuda:0'))])