OrderedDict([('conv1.bias', tensor([-6.7552e-07,  2.8281e-06, -1.6016e-06,  3.6999e-06, -2.3978e-06,
        -5.7237e-07,  1.5516e-06,  2.9121e-06], device='cuda:0')), ('conv1.lin.weight', tensor([[-3.4788e-01,  2.2666e-01,  1.1188e-01,  2.1139e-01,  1.8867e-03,
         -5.7174e-02, -5.5688e-42, -1.0286e-42, -8.0224e-42, -5.0587e-43,
         -2.1571e-01],
        [ 3.2645e-02,  6.4892e-02, -6.8067e-03, -3.0508e-02, -5.1475e-03,
          2.5970e-02, -1.2500e-42,  1.4279e-42,  1.0762e-42,  1.1673e-42,
          7.8739e-02],
        [ 5.3519e-03,  1.1216e-01, -4.5036e-04,  8.4426e-02, -2.1057e-03,
          1.2525e-01,  2.4163e-14,  6.4640e-12, -1.0384e-42,  5.4412e-42,
         -3.7304e-01],
        [ 2.3204e-01, -2.6996e-02,  8.6730e-04,  1.8968e-03,  1.2204e-04,
         -2.4125e-01,  4.1478e-43,  9.5176e-42, -5.2969e-43,  6.7683e-43,
         -1.0667e-01],
        [ 2.0091e-01, -9.4913e-02, -7.2364e-03, -1.2077e-02,  1.1624e-03,
         -2.0734e-01, -4.0175e-42,  3.1669e-43, -2.7507e-42, -3.7551e-07,
          1.0407e-01],
        [-1.7857e-01,  1.2335e-03, -1.9780e-02, -3.3954e-02, -1.3661e-03,
         -1.6439e-01,  2.6989e-42,  2.4551e-42, -7.8954e-11, -1.3593e-42,
         -1.1550e-01],
        [ 3.5076e-02,  1.9411e-01, -4.7887e-03, -7.3100e-03, -1.2744e-04,
         -2.1796e-01,  2.5644e-43,  1.4672e-42,  3.3211e-43,  8.5241e-20,
         -4.3420e-02],
        [-1.9946e-01, -1.2333e-01,  9.8559e-02,  5.1582e-04,  5.7804e-04,
         -1.2576e-01,  1.7796e-43, -6.3437e-42,  2.3402e-43,  6.6702e-43,
         -6.9584e-02]], device='cuda:0')), ('conv1.aggr.t', tensor([1.], device='cuda:0')), ('bn1.weight', tensor([0.8013, 1.0262, 0.9036, 0.7359, 0.7369, 0.7789, 0.7154, 0.7414],
       device='cuda:0')), ('bn1.bias', tensor([-0.0317,  0.1319,  0.0517,  0.0897,  0.0980,  0.0731,  0.1595,  0.0444],
       device='cuda:0')), ('bn1.running_mean', tensor([-0.3908,  0.1733,  0.3007, -0.8290, -0.6328, -0.7485, -0.7281, -0.6291],
       device='cuda:0')), ('bn1.running_var', tensor([0.9568, 0.1172, 2.3714, 6.4214, 4.7362, 2.9556, 5.0383, 1.7916],
       device='cuda:0')), ('bn1.num_batches_tracked', tensor(47024, device='cuda:0')), ('conv2.bias', tensor([-3.8105e-06, -2.7388e-06,  3.8059e-07,  2.9357e-06, -1.3124e-06,
         9.6392e-08,  5.1104e-07,  7.5106e-07, -4.9504e-06, -1.3480e-07,
        -2.9556e-06, -1.8538e-06, -1.1936e-06, -5.5352e-06,  4.8150e-06,
        -1.6888e-06], device='cuda:0')), ('conv2.lin.weight', tensor([[-3.3475e-01,  2.7478e-01, -1.1961e-01, -8.3886e-02,  1.2636e-01,
          3.2916e-03, -9.5265e-02, -3.1775e-02],
        [-2.5665e-02,  2.0396e-01,  2.8114e-01, -8.7723e-02,  8.7612e-02,
          3.5806e-02,  1.4027e-04, -2.1677e-01],
        [-1.2386e-01,  3.0972e-01, -2.0930e-01,  3.1449e-01, -2.2571e-02,
          1.2385e-01, -2.8516e-02,  2.4785e-01],
        [-2.2000e-01, -2.7247e-01, -5.4967e-02,  8.7472e-02,  2.3118e-01,
          1.7751e-01,  1.5101e-01,  3.1190e-02],
        [ 7.9365e-02,  2.0754e-01,  1.6709e-01, -3.0055e-01, -8.6426e-02,
          2.4460e-01,  6.7071e-02,  1.1810e-01],
        [ 7.4565e-02, -2.2191e-01, -1.6168e-02, -9.4811e-02,  6.2297e-02,
         -3.4794e-01,  1.9422e-01, -4.3816e-02],
        [ 1.4714e-01,  6.6935e-02,  3.2236e-01, -4.3865e-02,  1.4445e-01,
         -7.5232e-02, -5.6020e-02,  1.8502e-01],
        [-2.3166e-01, -2.2300e-01, -1.8978e-01,  2.9518e-03, -1.3264e-01,
         -1.4714e-01,  1.6742e-01,  3.0759e-01],
        [-1.6940e-01, -2.1717e-01, -1.0097e-01,  1.5931e-02, -1.5413e-01,
          2.0567e-01,  1.4245e-01, -1.0330e-01],
        [ 2.7518e-01,  1.0239e-01,  4.3224e-02, -9.3810e-03,  1.9393e-01,
          1.8786e-01, -7.1047e-02, -3.0282e-02],
        [ 2.4114e-01, -3.9692e-01,  1.6063e-01,  8.9086e-02,  3.0807e-02,
          1.2130e-01, -1.1340e-01, -5.9548e-03],
        [ 2.3931e-01, -1.4391e-01, -1.7102e-01,  2.9266e-01, -2.0638e-01,
         -9.9265e-02,  1.4471e-02, -1.9593e-01],
        [-2.0205e-01,  2.5312e-01,  1.6374e-01,  1.8652e-01,  4.2255e-02,
         -1.2256e-01,  3.5139e-01,  1.0714e-01],
        [-1.9631e-01,  5.0837e-02,  1.6046e-01,  1.2449e-01, -6.8727e-02,
         -2.8644e-01, -2.9073e-01,  5.7454e-02],
        [-1.8950e-01,  2.4036e-01,  2.0347e-01,  6.1223e-02, -2.9920e-01,
          2.1098e-02, -5.3097e-02,  3.4873e-02],
        [-1.0020e-02, -8.6816e-03, -2.7898e-01, -8.5140e-02,  1.3826e-01,
          4.7396e-02, -5.0240e-02,  1.8236e-01]], device='cuda:0')), ('conv2.aggr.t', tensor([1.], device='cuda:0')), ('bn2.weight', tensor([0.6713, 0.7020, 0.6755, 0.8121, 0.7618, 0.7340, 0.7364, 0.7999, 0.7528,
        0.7414, 0.7279, 0.6952, 0.7713, 0.7176, 0.6939, 0.6011],
       device='cuda:0')), ('bn2.bias', tensor([ 0.5106, -0.1991,  0.0755, -0.0972,  0.1711, -0.2209,  0.5031, -0.5365,
        -0.1551, -0.6437,  0.4925,  0.2819,  0.1015, -0.3518, -0.4836,  0.0992],
       device='cuda:0')), ('bn2.running_mean', tensor([-0.0283,  0.0996,  0.2032,  0.0229,  0.1533, -0.1251,  0.1776, -0.1333,
        -0.1104,  0.1866, -0.0269, -0.0922,  0.2595, -0.1278,  0.0315, -0.0189],
       device='cuda:0')), ('bn2.running_var', tensor([0.1210, 0.1839, 0.1299, 0.1615, 0.1217, 0.0771, 0.1115, 0.1611, 0.1058,
        0.0341, 0.2061, 0.0913, 0.1461, 0.0741, 0.1749, 0.0810],
       device='cuda:0')), ('bn2.num_batches_tracked', tensor(47024, device='cuda:0')), ('conv3.bias', tensor([-2.7162e-07,  1.0267e-06,  2.0616e-06, -2.7206e-06, -2.3306e-06,
         7.7828e-07, -3.1771e-07, -1.9902e-06,  1.0694e-06, -2.5192e-06,
        -6.1965e-07,  4.3734e-07, -7.2927e-07,  3.6280e-06, -2.7611e-06,
        -1.8103e-06, -4.1137e-07,  1.0918e-06, -2.0299e-06,  1.8812e-06,
         2.8979e-06,  9.9041e-07,  8.4172e-07,  4.2819e-06,  1.7168e-06,
        -3.1119e-06,  2.4653e-06,  1.0351e-06, -2.3031e-07, -1.1620e-06,
         5.6880e-06, -3.6522e-06], device='cuda:0')), ('conv3.lin.weight', tensor([[-1.8481e-01,  3.2318e-02,  4.6523e-02,  8.8252e-02,  7.7474e-02,
          1.3820e-01,  2.8385e-02,  2.3037e-01,  2.2145e-02,  2.2279e-01,
         -8.9560e-02, -1.2981e-03,  1.6297e-01,  1.0420e-01,  3.1734e-02,
          4.3897e-02],
        [-2.1234e-01,  1.0225e-01, -5.2986e-02,  6.8347e-02, -5.6018e-02,
         -1.5123e-01, -1.4593e-01,  1.6594e-02,  1.2448e-01, -4.4658e-02,
         -2.2838e-01, -1.4219e-01, -8.6464e-02, -1.0804e-01,  1.1853e-01,
         -1.9401e-01],
        [ 3.5261e-02, -1.2658e-01,  8.9495e-02,  2.5215e-02, -1.1816e-02,
          1.7634e-01,  6.4899e-02,  1.3168e-01, -3.1603e-02,  9.7169e-02,
          2.4501e-02, -1.2429e-01, -4.1935e-02,  1.3629e-01,  1.2392e-01,
         -9.4418e-02],
        [ 1.7820e-01, -4.9204e-02, -1.0325e-01,  1.1844e-01, -6.1096e-02,
         -1.2282e-01,  2.4345e-01, -7.3359e-02,  9.5487e-02, -1.0981e-01,
         -1.4290e-02, -1.3312e-01, -6.5535e-02, -1.4993e-01, -2.3136e-02,
          2.2811e-02],
        [ 2.7876e-01,  1.4753e-01,  4.2986e-02, -1.8189e-01, -5.8804e-02,
         -7.1800e-02,  2.5117e-02, -1.4561e-01,  4.8143e-02, -1.9515e-01,
          2.6436e-01,  1.9376e-01,  8.4132e-02, -9.6551e-02, -1.5764e-01,
         -2.5150e-02],
        [ 1.2307e-01, -3.7105e-02, -4.8571e-02, -1.0785e-01,  2.1646e-01,
          9.2863e-02, -4.9795e-04, -1.2408e-01,  1.6060e-01, -1.4767e-01,
         -2.7920e-03, -3.6229e-02, -1.5644e-01,  1.3990e-02,  7.1923e-02,
          1.2553e-01],
        [ 5.7663e-02, -1.6853e-01, -9.6356e-02,  1.4035e-01, -1.2250e-01,
         -9.8348e-02,  1.1699e-01, -1.2759e-01, -6.4134e-02,  8.5482e-02,
         -7.2252e-02, -7.5190e-02, -8.8343e-02,  5.3071e-02, -3.6239e-02,
          1.6368e-01],
        [-6.6458e-02,  1.2572e-01, -1.1535e-02,  1.6585e-01,  2.4675e-02,
          4.5108e-02, -1.4129e-01, -1.2795e-01, -7.9552e-03, -1.5488e-02,
         -1.0458e-01, -1.5620e-01,  1.3888e-01,  5.7187e-02, -1.9693e-01,
          1.4091e-02],
        [ 6.4706e-02, -7.6964e-02, -1.6182e-01,  1.8140e-01,  6.7394e-02,
          5.3298e-02, -9.5812e-02,  2.4560e-01, -5.8125e-03,  3.0808e-01,
         -3.0778e-01, -6.6011e-02, -1.3372e-01,  1.7045e-01,  1.2500e-01,
         -2.4810e-02],
        [-7.9940e-02, -1.3014e-01,  7.8948e-02,  7.9361e-02,  8.3742e-02,
         -1.2482e-01, -1.0387e-01, -6.5783e-02,  2.5295e-02,  3.7041e-02,
          1.3847e-01, -2.2778e-02, -1.7451e-02,  1.1901e-01, -1.2764e-01,
         -9.2707e-02],
        [ 9.4534e-02, -7.1699e-02,  3.8114e-03,  1.8551e-01,  7.2857e-02,
         -1.5758e-01,  2.2095e-01, -2.6351e-01,  7.6546e-02, -9.1416e-02,
          1.7475e-02,  8.0699e-02,  3.7889e-02,  2.9245e-04, -1.2872e-01,
          1.1116e-01],
        [ 1.8832e-01,  1.1777e-01, -1.9040e-01, -4.1811e-02,  1.4842e-01,
          1.6234e-01,  1.5974e-02,  5.8388e-03, -7.5404e-02, -1.9223e-03,
         -3.5889e-02,  9.8015e-02, -2.9768e-03, -6.2286e-02, -1.9155e-01,
          5.2326e-02],
        [-4.2298e-02, -1.3251e-01, -5.1085e-02, -8.0148e-02,  9.1087e-02,
          1.2157e-01,  5.4374e-02,  8.8756e-02, -1.4862e-01, -1.3573e-01,
         -1.8535e-02, -8.3496e-02,  1.1262e-02,  1.4299e-02,  1.0028e-02,
          1.2776e-01],
        [ 1.1604e-02, -8.1299e-02, -1.9205e-01,  1.4717e-01, -4.9949e-02,
          6.3871e-02,  7.7223e-02, -1.1075e-01, -1.1652e-01, -5.2013e-02,
         -9.0903e-02,  8.7856e-02,  1.4725e-01,  9.4854e-02, -2.0993e-02,
          1.0652e-01],
        [-9.0633e-02,  4.3248e-02, -1.7775e-01, -7.3359e-02, -1.9129e-02,
         -2.5033e-04, -4.2783e-02, -4.3653e-02,  1.4009e-01,  1.8848e-01,
         -8.3961e-02, -5.7091e-02,  7.8254e-02, -5.2271e-02,  2.3743e-02,
          1.6639e-01],
        [ 1.8866e-02, -6.0101e-02,  8.6678e-02,  2.2989e-02,  1.8477e-01,
          1.1516e-01,  1.4186e-01,  1.6974e-01,  1.2477e-01, -5.1021e-03,
         -1.1805e-01, -4.2978e-02,  1.8400e-02, -1.2933e-01, -5.2659e-03,
         -5.8752e-02],
        [-1.8631e-01,  1.1418e-01,  7.9192e-02, -1.2679e-01, -3.8590e-02,
          1.9199e-02, -4.1934e-02,  7.5070e-02, -1.0992e-01, -1.3897e-01,
         -1.0489e-01, -3.9958e-02,  4.2603e-02, -1.4119e-01,  6.1427e-02,
          1.9924e-02],
        [-1.1243e-01, -2.3172e-01,  1.2378e-01, -1.5738e-01,  1.3078e-01,
          1.1131e-01,  1.2549e-01,  1.8927e-02, -2.2120e-03, -1.3383e-02,
         -8.2081e-02, -1.0920e-02,  7.4281e-02,  9.6837e-02, -1.4218e-01,
          1.2478e-01],
        [-9.7925e-02,  5.1900e-03,  1.7973e-02,  1.3750e-01,  1.7269e-01,
         -1.0200e-01, -3.9843e-02,  1.2253e-01,  5.7354e-02,  9.8890e-02,
         -5.4988e-03,  1.1764e-01, -1.4663e-02,  1.6786e-02,  2.0368e-01,
         -1.1034e-01],
        [ 1.5898e-02,  6.3702e-02, -7.9864e-02,  1.5241e-01, -1.3043e-01,
          4.0786e-02, -2.0251e-01, -1.0575e-01,  1.1440e-01,  1.4262e-01,
         -1.9197e-01, -1.2553e-01, -8.4949e-03,  1.3069e-01,  3.8906e-02,
         -4.5439e-02],
        [ 3.9930e-02, -1.2506e-01,  1.2627e-01,  8.8373e-02,  9.5301e-02,
         -1.1446e-01,  1.4739e-01,  1.0191e-02, -2.1416e-01, -2.4331e-01,
          1.9605e-01,  1.2948e-01,  1.9962e-01, -6.5288e-02, -1.7134e-01,
         -5.2412e-02],
        [-1.8804e-01,  1.7351e-01, -5.3048e-03, -1.1573e-01, -9.0479e-02,
          6.8919e-02, -1.9292e-01,  1.5846e-01,  1.1711e-01,  1.0589e-01,
         -1.3067e-01, -3.3155e-02,  1.1115e-02,  2.0282e-01,  1.1335e-01,
          1.4933e-01],
        [ 4.7125e-02,  9.1146e-02,  4.2226e-02,  1.3833e-01, -1.1567e-01,
          1.7455e-01, -3.3261e-02, -1.0037e-01, -1.0187e-01,  5.5624e-03,
         -1.1739e-02,  6.2644e-02,  1.6983e-01, -7.3041e-02,  2.9549e-02,
          8.0993e-02],
        [-1.8702e-01,  2.8328e-02,  1.8122e-02,  1.1074e-01,  7.3333e-02,
         -7.4805e-02, -2.2058e-01,  3.0155e-01, -9.6451e-02,  1.5740e-01,
          1.0584e-01, -1.0736e-01,  1.0966e-01,  1.2788e-01,  2.1740e-01,
          1.4773e-01],
        [ 4.4381e-02, -8.5442e-02, -3.2181e-02,  5.9723e-02,  1.4217e-01,
         -7.9951e-02,  1.1537e-01, -1.2869e-02, -1.1802e-01, -8.2859e-02,
          6.2523e-02, -8.5656e-02,  1.0903e-01, -4.6417e-02, -1.9074e-01,
          1.1413e-01],
        [ 3.8636e-02, -1.6524e-01,  4.8433e-02, -7.7820e-02,  1.7831e-01,
         -1.9270e-01,  6.6436e-02, -1.1960e-01, -5.2033e-02, -3.2512e-01,
          1.6157e-01,  8.8581e-02,  3.9692e-02, -1.2481e-01, -5.5031e-02,
          2.7753e-02],
        [ 1.6649e-01, -1.4655e-01,  4.5493e-02,  3.8125e-02, -4.6419e-02,
         -1.4431e-01,  2.2702e-01, -8.3811e-02,  5.9631e-02, -1.4245e-01,
          2.4435e-01,  1.2547e-02,  1.5882e-01, -1.0766e-01, -2.5940e-02,
          1.3645e-01],
        [ 1.2010e-01, -7.7097e-02,  1.4419e-02,  3.5744e-02,  1.7824e-01,
          5.2954e-02,  7.0260e-02, -1.1813e-01, -4.9191e-03, -9.1384e-02,
         -6.6662e-03,  3.5031e-03, -9.8155e-02, -1.2794e-01, -3.4986e-02,
          1.2626e-01],
        [ 8.0270e-02, -1.6798e-01, -1.7059e-01, -9.3163e-02,  1.2180e-01,
          9.1410e-02,  4.4740e-02, -1.8417e-01,  1.2709e-01, -1.1696e-01,
         -3.1268e-02,  2.7376e-02,  1.5890e-01, -1.5070e-01, -7.7208e-02,
         -5.0818e-02],
        [ 9.9662e-02,  1.2409e-01, -5.1537e-02, -4.6411e-02,  6.1517e-02,
          1.8143e-01, -1.4468e-01, -9.5641e-02,  2.3894e-01, -1.4110e-02,
         -2.0686e-02, -1.3955e-01,  1.0345e-01, -6.5044e-02, -1.2010e-01,
         -3.2946e-02],
        [-2.4536e-01, -1.5734e-01,  1.0666e-02,  3.1124e-02, -1.5644e-01,
          5.7679e-02, -1.3234e-01, -1.0342e-02,  1.6650e-01,  1.9921e-01,
         -1.5510e-01, -9.8964e-02,  1.9879e-01, -5.1966e-02,  2.5379e-01,
         -9.6161e-02],
        [ 2.0816e-02, -1.1253e-01, -1.7861e-01, -1.8405e-01,  1.0942e-01,
          1.0713e-02,  1.5190e-01,  2.1677e-01,  1.5259e-01,  1.4906e-01,
         -6.5085e-02, -8.9243e-02, -7.9079e-02,  1.4960e-01,  8.7392e-03,
          1.7834e-01]], device='cuda:0')), ('bn3.weight', tensor([1., 1., 1., 1., 1., 1., 1., 1., 1., 1., 1., 1., 1., 1., 1., 1., 1., 1.,
        1., 1., 1., 1., 1., 1., 1., 1., 1., 1., 1., 1., 1., 1.],
       device='cuda:0')), ('bn3.bias', tensor([0., 0., 0., 0., 0., 0., 0., 0., 0., 0., 0., 0., 0., 0., 0., 0., 0., 0., 0., 0., 0., 0., 0., 0.,
        0., 0., 0., 0., 0., 0., 0., 0.], device='cuda:0')), ('bn3.running_mean', tensor([0., 0., 0., 0., 0., 0., 0., 0., 0., 0., 0., 0., 0., 0., 0., 0., 0., 0., 0., 0., 0., 0., 0., 0.,
        0., 0., 0., 0., 0., 0., 0., 0.], device='cuda:0')), ('bn3.running_var', tensor([1., 1., 1., 1., 1., 1., 1., 1., 1., 1., 1., 1., 1., 1., 1., 1., 1., 1.,
        1., 1., 1., 1., 1., 1., 1., 1., 1., 1., 1., 1., 1., 1.],
       device='cuda:0')), ('bn3.num_batches_tracked', tensor(0, device='cuda:0'))])