OrderedDict([('conv1.bias', tensor([-2.8771e-06, -2.2025e-06, -1.5406e-06, -5.4255e-08, -3.8467e-07,
         1.2907e-06,  1.1428e-06,  3.5938e-07], device='cuda:0')), ('conv1.lin.weight', tensor([[ 1.6507e-01, -5.8727e-02, -1.6932e-02,  2.1529e-01, -1.6791e-04,
          2.3987e-02,  2.4477e-14, -6.7262e-44, -9.3046e-43, -2.3542e-42,
         -3.8967e-01],
        [ 1.5920e-01, -1.5128e-01,  1.5372e-02, -5.1583e-02, -2.6324e-03,
         -1.3061e-01,  4.7966e-42,  2.0780e-28,  2.3009e-42,  6.3913e-42,
         -6.2822e-02],
        [ 2.1725e-01,  1.9333e-01, -3.8429e-02, -5.3780e-02, -3.3259e-04,
         -1.7860e-01,  3.2832e-42,  1.7895e-42,  8.8142e-43, -4.2277e-42,
          8.5507e-02],
        [-4.3866e-02,  2.6276e-02,  3.5257e-03, -8.9007e-03,  3.0962e-04,
          1.3692e-01,  2.4610e-41,  7.0485e-43,  4.0625e-07,  2.0641e-42,
          1.4545e-01],
        [-1.5125e-01, -1.8293e-01,  8.1275e-02,  1.0607e-01,  1.0226e-02,
         -5.5581e-02, -5.4370e-43,  2.6134e-42,  2.7634e-42,  5.9835e-43,
         -2.3676e-01],
        [-3.8540e-01,  1.2839e-01,  1.4879e-01,  5.5826e-02,  1.1685e-03,
          4.3185e-03,  5.3670e-43,  7.3250e-11,  1.9646e-42, -2.4971e-42,
         -2.4180e-02],
        [-5.6611e-03, -9.3778e-03, -1.0621e-02,  2.5556e-02, -2.4355e-03,
         -6.5444e-02,  8.3944e-25,  5.4511e-43, -6.1097e-42,  4.4219e-34,
          3.4459e-01],
        [-1.3548e-01, -1.5975e-03,  2.5835e-03, -1.5026e-02,  1.4466e-04,
          9.2917e-02,  2.6583e-42,  2.2657e-14, -1.2570e-42,  9.1925e-43,
         -5.2741e-02]], device='cuda:0')), ('conv1.aggr.t', tensor([1.], device='cuda:0')), ('bn1.weight', tensor([0.7296, 0.6954, 0.7497, 0.9835, 0.7340, 0.7761, 0.7780, 0.7161],
       device='cuda:0')), ('bn1.bias', tensor([-0.0509,  0.1249,  0.0895,  0.1126, -0.0287,  0.0523,  0.0029,  0.0083],
       device='cuda:0')), ('bn1.running_mean', tensor([-0.0732, -0.5128, -0.4478,  0.5886, -0.4773, -0.1166, -0.0442,  0.2515],
       device='cuda:0')), ('bn1.running_var', tensor([0.7974, 1.5940, 2.8856, 1.6872, 0.6092, 0.4449, 0.8438, 0.7925],
       device='cuda:0')), ('bn1.num_batches_tracked', tensor(47024, device='cuda:0')), ('conv2.bias', tensor([ 1.3961e-08, -3.0971e-06,  4.6143e-07,  4.5022e-07, -1.0133e-06,
        -3.9150e-06, -7.8150e-06,  7.9962e-07,  1.0051e-06,  3.2087e-06,
         3.9062e-07, -8.5402e-06, -3.0357e-06, -1.7619e-06,  4.6389e-07,
        -1.3775e-06], device='cuda:0')), ('conv2.lin.weight', tensor([[ 0.0477,  0.1601, -0.1255,  0.3169,  0.0156, -0.2912, -0.1690, -0.2717],
        [-0.0608, -0.0108, -0.2239, -0.2420, -0.1606, -0.1291,  0.1849, -0.2051],
        [-0.2988,  0.0479,  0.0879,  0.3719,  0.0665,  0.1417,  0.0797,  0.2864],
        [-0.1686, -0.1332,  0.0428, -0.2215, -0.0391,  0.0019, -0.0829, -0.0294],
        [-0.0625, -0.0310, -0.0395, -0.2449, -0.0188,  0.0583,  0.2131, -0.1608],
        [ 0.0288,  0.2787, -0.3803, -0.2817, -0.2811,  0.0526, -0.1159,  0.1174],
        [-0.2675, -0.0257,  0.0556, -0.2749, -0.0222, -0.3242,  0.1526, -0.0240],
        [-0.2844,  0.1516,  0.2397, -0.0707,  0.2234, -0.1623, -0.1732, -0.1839],
        [-0.0544, -0.1614,  0.2739, -0.2057,  0.0718, -0.1219,  0.1580, -0.2146],
        [ 0.0176,  0.2378,  0.1265, -0.1261, -0.1027, -0.0051, -0.3872, -0.1085],
        [-0.0523,  0.0636,  0.1135,  0.0939, -0.3055,  0.1389,  0.3261,  0.0425],
        [-0.1470, -0.0618, -0.0648, -0.0515, -0.1161,  0.2547, -0.1448, -0.2285],
        [-0.0314,  0.0757, -0.0175,  0.2591, -0.0675, -0.0302,  0.2251,  0.0123],
        [ 0.2998,  0.0627,  0.0104, -0.3718,  0.1014, -0.1343, -0.1617,  0.1485],
        [-0.0766,  0.0442,  0.0696, -0.1760, -0.3430, -0.0495,  0.1057, -0.1031],
        [ 0.0017,  0.3020, -0.0997, -0.2357,  0.1631,  0.2456,  0.2528, -0.1435]],
       device='cuda:0')), ('conv2.aggr.t', tensor([1.], device='cuda:0')), ('bn2.weight', tensor([0.6187, 0.7124, 0.7312, 0.7039, 0.7126, 0.7273, 0.7390, 0.6395, 0.7027,
        0.7285, 0.7049, 0.5973, 0.6060, 0.6448, 0.6440, 0.7154],
       device='cuda:0')), ('bn2.bias', tensor([-0.0144,  0.5518,  0.2557,  0.4683, -0.6903, -0.0935, -0.1240, -0.2331,
         0.3380,  0.2575,  0.0538,  0.0751,  0.5562,  0.2879, -0.2617,  0.2497],
       device='cuda:0')), ('bn2.running_mean', tensor([-0.0256, -0.2448,  0.2577, -0.1623, -0.1063, -0.1678, -0.1918, -0.0139,
        -0.0852, -0.0530,  0.1100, -0.1198,  0.1267, -0.0723, -0.1356,  0.0872],
       device='cuda:0')), ('bn2.running_var', tensor([0.1078, 0.1508, 0.2707, 0.0753, 0.1348, 0.1036, 0.1656, 0.1168, 0.1601,
        0.1192, 0.0855, 0.0578, 0.1037, 0.1567, 0.0801, 0.1505],
       device='cuda:0')), ('bn2.num_batches_tracked', tensor(47024, device='cuda:0')), ('conv3.bias', tensor([-1.7981e-06,  2.3951e-07, -8.1187e-07,  4.6326e-06,  2.3613e-07,
         1.2785e-06, -2.3779e-06,  2.1358e-06, -3.5771e-06,  1.2647e-06,
         1.9715e-06, -9.5408e-07,  1.5769e-06,  3.3664e-06,  4.3411e-06,
        -3.5907e-07, -7.0898e-08,  3.2198e-07,  1.1739e-06,  3.7801e-06,
         1.6675e-06, -1.5224e-06,  1.9768e-06,  1.7388e-06,  2.4319e-06,
         5.4920e-07, -5.9352e-07,  7.5136e-07, -1.7832e-06, -9.2925e-07,
         1.4355e-06, -1.7166e-06], device='cuda:0')), ('conv3.lin.weight', tensor([[ 1.0876e-01, -4.4630e-02, -1.5225e-01,  6.5455e-02,  1.5054e-01,
          2.7738e-02, -1.9925e-01,  5.9285e-02,  1.6085e-02, -1.7662e-01,
          5.6657e-02, -1.0935e-02, -1.2749e-01, -8.3685e-02, -1.8745e-01,
          1.6339e-01],
        [-1.0960e-02, -1.7954e-01, -1.0793e-01, -1.4622e-01,  1.9153e-01,
         -3.0292e-02,  1.0823e-01,  7.8864e-04, -2.3626e-02, -1.2067e-01,
         -5.1160e-02,  9.9179e-02, -1.5768e-01,  9.5385e-02, -6.5301e-02,
         -8.1963e-02],
        [ 6.2519e-02,  1.1063e-01, -1.1259e-01, -1.3589e-01, -6.3473e-03,
         -6.6594e-03, -6.2459e-03, -1.5428e-02,  6.5541e-02, -2.4375e-01,
         -8.4358e-02,  1.2684e-01, -1.1391e-01,  5.8950e-02, -8.2756e-02,
         -1.9586e-01],
        [ 5.6669e-02,  5.4358e-02, -7.3389e-03, -2.0760e-01, -4.3997e-02,
          1.0520e-01,  4.2401e-02,  1.3408e-01,  8.8797e-02, -1.1503e-01,
          1.8197e-02, -1.6214e-02,  1.1717e-01,  6.2223e-02, -3.4733e-02,
         -2.9732e-02],
        [-7.1894e-02,  2.1803e-02, -1.5052e-01,  1.5939e-01,  3.0763e-02,
         -1.4681e-01, -7.5801e-02, -2.7268e-01,  9.9530e-02,  1.9017e-01,
         -1.7948e-01, -1.4452e-01,  1.4353e-01, -8.7792e-02,  4.8853e-02,
         -1.6391e-01],
        [-9.5217e-02,  4.3112e-02, -9.6791e-02,  1.4413e-01, -2.2116e-01,
          4.6507e-03, -1.0972e-02,  3.8936e-02,  7.9362e-02, -2.3976e-02,
          4.4405e-02,  8.8815e-03,  2.5086e-01,  1.5720e-01, -1.5824e-01,
          1.5766e-01],
        [-1.2045e-01, -1.2558e-01,  1.3916e-01, -2.1005e-03,  1.3487e-01,
         -1.0031e-01, -1.8520e-01,  1.2810e-01, -1.1730e-01,  7.0252e-02,
          5.7027e-02,  1.7158e-01,  3.0390e-02,  7.3499e-02,  1.1708e-01,
          9.0045e-02],
        [ 3.4643e-02,  2.3262e-01,  1.2377e-01, -5.9913e-02, -1.2791e-01,
         -1.4222e-01, -1.4677e-01, -5.9900e-02,  2.3319e-01,  3.7785e-02,
         -1.0184e-01,  1.1269e-01,  9.8288e-02,  1.9496e-01,  1.1095e-01,
         -7.4350e-02],
        [-6.0308e-02, -1.9070e-01, -8.9746e-02, -9.2395e-02,  9.5868e-02,
         -9.0333e-02,  1.4614e-01,  1.2755e-01, -4.1587e-02, -2.4386e-01,
         -1.3580e-01,  2.8417e-02, -8.0082e-02,  7.2771e-02,  4.6457e-02,
         -1.1009e-01],
        [-1.4390e-02,  1.1479e-01,  1.1257e-01,  5.9418e-02, -4.6033e-02,
         -1.2391e-01, -3.6803e-03,  9.5888e-02, -1.0667e-01, -1.6040e-02,
         -1.9821e-01, -5.0627e-02,  8.9385e-02, -1.9665e-02, -4.5541e-02,
          2.5524e-01],
        [ 1.0122e-01,  1.3973e-01,  1.7924e-01,  7.6422e-02,  7.1232e-02,
          5.9173e-02, -3.2739e-02,  9.1195e-02, -8.2787e-02, -1.9984e-01,
         -1.1964e-01,  1.0148e-02, -1.1252e-01,  3.2650e-02, -1.0825e-01,
          1.0220e-01],
        [-1.4002e-02, -1.3501e-01, -4.2453e-02, -1.2859e-01, -3.6562e-02,
          4.6435e-02,  9.1120e-02, -1.2404e-02,  5.7009e-02,  8.2589e-02,
         -4.7608e-02, -6.7211e-02, -1.4136e-02,  7.6235e-02,  9.5330e-02,
         -4.6369e-02],
        [ 2.9469e-03, -2.8279e-02, -1.3902e-01, -2.1104e-01,  9.3530e-02,
          3.4253e-02, -1.4503e-01,  5.8834e-02,  3.2238e-02, -3.9021e-02,
          1.3639e-01,  2.3521e-02, -2.8488e-02,  2.5067e-02,  9.3825e-02,
         -2.1537e-02],
        [ 1.0461e-04,  1.3726e-01, -5.1970e-02, -1.1756e-02,  1.0455e-01,
         -1.2130e-01,  1.4834e-01,  3.8373e-02, -1.5431e-01, -4.0204e-02,
          1.4681e-01,  3.3326e-02, -8.5889e-02,  9.4454e-02, -2.3592e-03,
         -1.9017e-01],
        [-1.3160e-02, -1.0621e-02, -1.1875e-01, -3.0918e-01,  1.9251e-01,
          8.1744e-02,  8.3909e-02, -5.8037e-02, -4.4930e-02,  1.3572e-01,
         -2.3883e-02, -1.1370e-02,  6.0738e-03,  3.5323e-02, -1.8206e-01,
         -4.5175e-02],
        [-8.2837e-02,  8.0838e-02,  9.6770e-02,  1.1525e-01,  1.5261e-02,
         -1.8657e-02, -9.2230e-02, -7.1722e-02,  1.6506e-01,  4.4382e-02,
          2.8476e-03,  1.3331e-01, -3.7180e-02, -1.3716e-01, -1.7879e-01,
         -9.4306e-02],
        [ 1.5183e-01,  1.5314e-01, -7.5437e-02,  7.9683e-02,  5.0672e-03,
         -1.5546e-01,  7.0201e-02, -6.5859e-02, -6.3096e-02,  4.0791e-02,
         -7.1120e-02,  3.6286e-02,  1.5526e-01,  1.0523e-01, -1.1367e-01,
         -4.1518e-02],
        [ 2.1045e-01,  1.7870e-01,  1.8271e-01,  8.8543e-02, -1.0660e-01,
          1.3399e-01,  1.2815e-01, -3.4032e-02,  1.8776e-01, -3.4316e-02,
          1.5836e-01,  1.7831e-01,  9.6958e-02,  1.6006e-01, -1.3750e-01,
         -1.0293e-01],
        [-7.2760e-02,  1.5830e-01,  1.6051e-01, -1.6751e-01, -1.6585e-01,
          1.3117e-01, -1.9846e-02,  7.0620e-02,  1.6232e-01,  1.9646e-01,
         -1.0619e-01,  5.8097e-02,  1.0125e-01, -1.6507e-01,  7.7473e-02,
         -6.7168e-02],
        [-6.7968e-02,  5.8670e-02,  5.7188e-02,  1.8356e-01, -1.3607e-01,
         -1.6340e-01, -7.7475e-02, -1.6496e-01,  2.2782e-01,  1.1604e-01,
          5.3379e-02,  3.9226e-02,  1.4989e-01,  2.0606e-01, -1.0948e-01,
         -1.4870e-04],
        [-6.3469e-02, -1.8861e-01,  2.3095e-03, -1.7095e-01,  2.5761e-01,
          4.7923e-02,  1.3172e-01, -8.1243e-02,  1.2306e-02, -1.6371e-02,
          2.8108e-03,  8.0838e-02, -2.0520e-01, -1.5228e-01,  5.9936e-02,
         -9.3430e-02],
        [-6.7572e-02, -3.6962e-02, -1.1231e-01,  1.0651e-01,  5.2714e-02,
          7.0881e-02, -2.0164e-01,  1.0520e-01, -9.5907e-02,  1.4643e-01,
          3.8436e-02, -5.9352e-02,  4.1816e-02, -1.9743e-01,  1.2453e-01,
          2.4379e-02],
        [ 1.7134e-01,  8.4422e-02,  3.2669e-02,  6.1786e-02, -1.3748e-01,
          1.6531e-02,  1.0381e-01,  8.8750e-02,  8.3976e-02, -1.2546e-02,
          1.3612e-01, -8.2312e-02,  3.7480e-02,  1.1235e-01,  8.5252e-02,
         -9.8261e-02],
        [-3.6679e-02,  1.0069e-01,  1.6693e-01,  1.7469e-01, -1.8421e-01,
          1.0220e-01,  6.0764e-02, -1.4228e-01,  1.7884e-01,  1.0440e-02,
         -7.3284e-02,  1.4379e-01,  2.4302e-01,  6.6825e-02,  2.8033e-02,
         -1.1081e-01],
        [-4.7516e-02,  2.3880e-01,  8.6344e-02, -2.4974e-02,  9.8366e-03,
         -3.3369e-02,  1.5415e-03, -1.8054e-01, -1.6027e-01, -5.5791e-02,
          8.6953e-03,  1.5104e-01, -7.7842e-02,  7.3830e-02, -8.4143e-02,
          1.6245e-02],
        [-5.9989e-04,  7.3908e-03, -1.9762e-01, -3.9642e-02, -2.7061e-02,
         -1.0475e-01, -1.7341e-01, -5.6175e-02,  1.7568e-02,  6.3819e-02,
          1.0446e-01,  6.9133e-02,  3.1856e-02,  1.3837e-01,  7.8663e-02,
          4.5627e-02],
        [-4.9269e-02,  2.5686e-01, -1.8343e-02,  7.9467e-02, -2.1953e-01,
         -6.5905e-02, -1.8642e-02,  6.8552e-02, -1.1636e-01,  2.3694e-02,
         -2.7752e-02, -8.0444e-02,  2.4000e-01,  1.6300e-01, -1.6848e-01,
          2.3589e-01],
        [ 1.8908e-02, -1.1447e-01,  1.3195e-01,  5.8185e-02,  1.5352e-01,
         -8.0144e-02,  1.5290e-01,  1.0831e-01, -6.8519e-02,  1.1185e-01,
         -5.7673e-03, -1.8722e-01, -1.0004e-01, -8.7903e-02,  4.1933e-02,
         -1.2793e-01],
        [ 8.6820e-02, -2.0266e-01,  4.0508e-03, -1.2359e-01,  3.1572e-01,
          1.2350e-01, -2.4932e-02,  1.3823e-01, -1.4633e-01, -1.4961e-01,
         -8.9853e-02,  1.9875e-02, -1.8602e-01, -1.6082e-01,  1.7111e-01,
         -8.8301e-02],
        [-7.8147e-02, -5.7085e-02,  1.3651e-01, -1.3102e-01, -1.3580e-01,
         -1.4284e-01,  1.9102e-01,  2.3606e-01, -1.1045e-01,  1.0506e-02,
          1.0993e-01,  3.0375e-02, -1.5635e-01,  6.1901e-02, -2.8651e-02,
          1.2280e-01],
        [-4.0491e-02,  1.8484e-01,  2.5238e-01,  1.1627e-01, -3.0434e-01,
          1.2863e-01,  9.3683e-02, -1.5016e-01,  1.5561e-01,  1.6802e-01,
          4.7940e-02,  7.1513e-02,  4.4572e-02, -1.0954e-01, -1.9073e-01,
          1.4769e-01],
        [ 1.7063e-02, -5.9935e-02,  1.0635e-01,  1.9817e-01, -1.3939e-01,
         -1.6958e-01, -1.9189e-01, -3.5471e-02,  1.2161e-01, -2.7057e-03,
          1.1531e-01,  4.7151e-02, -8.6362e-02,  1.4000e-01, -8.4808e-02,
          2.6452e-01]], device='cuda:0')), ('bn3.weight', tensor([1., 1., 1., 1., 1., 1., 1., 1., 1., 1., 1., 1., 1., 1., 1., 1., 1., 1.,
        1., 1., 1., 1., 1., 1., 1., 1., 1., 1., 1., 1., 1., 1.],
       device='cuda:0')), ('bn3.bias', tensor([0., 0., 0., 0., 0., 0., 0., 0., 0., 0., 0., 0., 0., 0., 0., 0., 0., 0., 0., 0., 0., 0., 0., 0.,
        0., 0., 0., 0., 0., 0., 0., 0.], device='cuda:0')), ('bn3.running_mean', tensor([0., 0., 0., 0., 0., 0., 0., 0., 0., 0., 0., 0., 0., 0., 0., 0., 0., 0., 0., 0., 0., 0., 0., 0.,
        0., 0., 0., 0., 0., 0., 0., 0.], device='cuda:0')), ('bn3.running_var', tensor([1., 1., 1., 1., 1., 1., 1., 1., 1., 1., 1., 1., 1., 1., 1., 1., 1., 1.,
        1., 1., 1., 1., 1., 1., 1., 1., 1., 1., 1., 1., 1., 1.],
       device='cuda:0')), ('bn3.num_batches_tracked', tensor(0, device='cuda:0'))])