OrderedDict([('conv1.bias', tensor([ 2.5787e-05, -8.9930e-06, -4.5766e-06,  7.9685e-06, -5.5765e-05,
        -6.4123e-05, -6.2371e-06, -1.1769e-05], device='cuda:0')), ('conv1.lin.weight', tensor([[-3.4606e-01, -3.2640e-02,  2.9037e-02,  9.1604e-02,  1.8234e-01,
         -6.2396e-02, -5.8014e-43,  2.2211e-42,  1.4714e-41, -8.4575e-11,
          2.6769e-04],
        [ 1.2101e-01,  1.8678e-02, -1.3500e-02, -4.9559e-02, -5.4639e-03,
          1.3189e-01,  1.5173e-18, -5.9709e-42, -2.9988e-43,  1.1687e-42,
          4.7041e-02],
        [-5.1917e-02, -7.2241e-02, -2.4100e-02,  7.5251e-02,  4.4298e-03,
         -2.7608e-02, -1.4153e-42,  4.2437e-14, -1.3004e-12, -2.6428e-42,
          9.6348e-03],
        [-3.6270e-01,  4.2792e-02,  1.2278e-01,  2.0428e-01,  6.6138e-02,
         -8.1000e-02, -4.0778e-43, -2.3303e-15, -3.2714e-08,  3.7975e-43,
          1.4366e-04],
        [-4.0905e-01, -1.1026e-01, -5.1071e-02,  7.6900e-03,  9.6231e-02,
         -5.9722e-02,  2.1874e-42,  1.8946e-42, -6.4055e-09, -1.8960e-42,
          6.3564e-05],
        [-2.6352e-01,  1.2858e-01,  2.0738e-01,  2.8402e-01,  4.4782e-02,
         -7.8445e-02, -4.7983e-34, -1.5737e-42,  8.8562e-43, -5.1358e-42,
          8.7082e-04],
        [ 1.8500e-01,  8.0829e-02, -1.5525e-02, -8.9368e-02, -1.4514e-03,
          1.3798e-01, -2.0613e-42,  1.3984e-08, -1.8974e-42, -2.3458e-42,
         -1.5944e-01],
        [-1.6239e-02,  6.2425e-02, -2.4696e-03, -3.3399e-02, -3.0682e-03,
          1.5024e-01,  1.3893e-15, -2.6947e-42,  1.1633e-08,  1.2962e-42,
         -2.8311e-02]], device='cuda:0')), ('conv1.aggr.t', tensor([1.], device='cuda:0')), ('bn1.weight', tensor([0.6489, 0.5964, 0.4832, 0.6502, 0.6405, 0.6193, 0.5038, 0.5599],
       device='cuda:0')), ('bn1.bias', tensor([-0.4068, -0.1528, -0.0978, -0.4080, -0.2633, -0.2959, -0.0288, -0.1448],
       device='cuda:0')), ('bn1.running_mean', tensor([-0.3935,  0.5577, -0.1404, -0.4282, -0.4521, -0.3301,  0.5200,  0.5349],
       device='cuda:0')), ('bn1.running_var', tensor([0.0054, 0.0448, 0.0022, 0.0064, 0.0071, 0.0038, 0.0328, 0.0691],
       device='cuda:0')), ('bn1.num_batches_tracked', tensor(47024, device='cuda:0')), ('conv2.bias', tensor([-4.2555e-06,  3.6363e-05, -7.7980e-06, -1.7474e-05, -2.9900e-05,
        -3.6651e-06,  5.4411e-07,  8.4260e-06,  1.2185e-05, -5.1515e-06,
        -6.0052e-07, -6.1142e-06, -3.8508e-06, -5.3512e-07,  1.3535e-05,
         1.3970e-05], device='cuda:0')), ('conv2.lin.weight', tensor([[ 0.1160,  0.2155, -0.1053,  0.0089,  0.0866,  0.1901,  0.1432, -0.1609],
        [-0.0637,  0.1229,  0.1451,  0.3501,  0.2434,  0.1612, -0.0237, -0.0227],
        [ 0.0711,  0.1832, -0.1366,  0.1354, -0.2374, -0.1419, -0.0621,  0.2041],
        [-0.2817,  0.1280,  0.0242, -0.2459,  0.0093,  0.1678,  0.0192, -0.0009],
        [-0.2901, -0.0817,  0.0449,  0.2777, -0.1287, -0.1827, -0.0022,  0.0869],
        [-0.0864,  0.1214, -0.0677, -0.0662, -0.0065,  0.1595,  0.0347,  0.1565],
        [ 0.2371,  0.0869,  0.1384, -0.1934, -0.1130, -0.0728,  0.0155, -0.0338],
        [ 0.0087,  0.2148,  0.2331,  0.0159,  0.0551, -0.1473,  0.1529,  0.0426],
        [-0.1770, -0.0620, -0.0737, -0.1417, -0.1936, -0.1088, -0.2056, -0.0430],
        [-0.0565, -0.1611,  0.1124, -0.1706, -0.3339,  0.2141,  0.0955,  0.1709],
        [ 0.0445, -0.0915, -0.0090, -0.0247, -0.0544, -0.2055,  0.0756,  0.1232],
        [-0.2630, -0.1706, -0.0644, -0.4391, -0.0725, -0.1922, -0.0358,  0.1967],
        [-0.1370,  0.2502,  0.0681,  0.0524,  0.1967,  0.0613,  0.1952, -0.1232],
        [ 0.3365, -0.2530, -0.0879,  0.0984, -0.0813,  0.2286,  0.0431,  0.1759],
        [ 0.3153, -0.0270, -0.0275,  0.2361, -0.0729,  0.1330, -0.0633,  0.1468],
        [-0.1794, -0.0430, -0.0346, -0.0191, -0.1954,  0.0290, -0.0135, -0.0678]],
       device='cuda:0')), ('conv2.aggr.t', tensor([1.], device='cuda:0')), ('bn2.weight', tensor([0.5512, 0.7289, 0.6796, 0.5896, 0.6570, 0.6508, 0.5873, 0.5128, 0.6105,
        0.6099, 0.4584, 0.7568, 0.5870, 0.6914, 0.7502, 0.5957],
       device='cuda:0')), ('bn2.bias', tensor([-0.1741,  0.1071,  0.6975,  0.3068,  0.1969, -0.3522,  0.2581, -0.3176,
         0.3637,  0.2103, -0.0214,  0.2495,  0.3540,  0.5211, -0.6057, -0.0937],
       device='cuda:0')), ('bn2.running_mean', tensor([ 0.0571,  0.0776,  0.0149,  0.0272, -0.0215,  0.0557,  0.0170,  0.1062,
        -0.1095,  0.0092, -0.0008, -0.0589,  0.0973,  0.0034,  0.0249, -0.0507],
       device='cuda:0')), ('bn2.running_var', tensor([0.0068, 0.0042, 0.0115, 0.0022, 0.0018, 0.0067, 0.0016, 0.0095, 0.0068,
        0.0053, 0.0024, 0.0057, 0.0089, 0.0054, 0.0023, 0.0016],
       device='cuda:0')), ('bn2.num_batches_tracked', tensor(47024, device='cuda:0')), ('conv3.bias', tensor([ 2.7306e-06, -2.1364e-06, -2.6986e-06, -2.3587e-06, -3.0166e-06,
         5.0169e-07, -2.4422e-06,  1.9391e-06, -2.1170e-06,  2.9268e-06,
         2.6468e-06,  4.3125e-06,  3.6723e-06,  8.7174e-07,  1.1973e-07,
         1.6730e-07, -2.4929e-06, -3.4331e-06, -4.1269e-07, -4.6139e-07,
        -1.4201e-06,  2.9579e-06,  2.2720e-06,  7.7710e-07, -1.0500e-06,
         1.2426e-06,  9.5956e-07,  1.0366e-06, -1.8469e-06,  2.7477e-06,
         8.4897e-07, -2.2539e-06], device='cuda:0')), ('conv3.lin.weight', tensor([[ 0.0884,  0.0414,  0.2689, -0.1318, -0.1019, -0.1042,  0.0640,  0.0233,
          0.0625,  0.0011,  0.0219,  0.0122,  0.1094,  0.2431, -0.0941,  0.0623],
        [ 0.0085, -0.1370, -0.2013, -0.0186, -0.1719,  0.1232,  0.0163,  0.1070,
         -0.1221, -0.0256, -0.0051,  0.0861, -0.1431, -0.0475, -0.0563, -0.0398],
        [-0.0042, -0.0867, -0.1210,  0.1270, -0.0791,  0.1548, -0.0375,  0.0109,
          0.0267,  0.1521, -0.1339,  0.0380, -0.1259, -0.1286,  0.1064, -0.0823],
        [ 0.0713, -0.1030, -0.0467, -0.0769,  0.0832,  0.0440, -0.0950, -0.0529,
         -0.0480,  0.1277, -0.1141, -0.1092,  0.0024, -0.0766,  0.0730,  0.1495],
        [-0.0979,  0.1201, -0.0149,  0.0313,  0.0151, -0.0715, -0.0541, -0.0588,
         -0.1235, -0.1294,  0.1035,  0.2192,  0.0515, -0.1703,  0.2305,  0.1158],
        [ 0.0246, -0.0486, -0.1965, -0.1230,  0.0356,  0.1522, -0.0542,  0.1547,
         -0.1293, -0.1472,  0.1376,  0.0819, -0.0843, -0.1382,  0.0230,  0.0478],
        [ 0.1248,  0.0713, -0.0943,  0.0541,  0.0765, -0.0817,  0.1155, -0.0120,
         -0.0951,  0.1565, -0.0266,  0.0590, -0.0508,  0.0150,  0.0853,  0.0925],
        [-0.0592, -0.1193, -0.2069,  0.0956, -0.0962,  0.1696, -0.0741,  0.0976,
         -0.0674, -0.0698, -0.0691,  0.1047, -0.0872,  0.0342,  0.0770,  0.0783],
        [ 0.0813, -0.0875,  0.1107, -0.1056,  0.0888, -0.0759, -0.0703, -0.0172,
         -0.1259, -0.0706,  0.0998, -0.0893,  0.0926,  0.0062, -0.0537,  0.0375],
        [ 0.0254,  0.2514, -0.2426, -0.1823, -0.1445, -0.0617, -0.1200,  0.0071,
         -0.2953, -0.1483, -0.0232, -0.4268, -0.0691,  0.2504,  0.4350, -0.1523],
        [-0.0859,  0.0248, -0.0298, -0.1092,  0.0167,  0.0209,  0.1274,  0.0830,
         -0.0872, -0.0271,  0.1270, -0.0052, -0.0571,  0.0856, -0.0114,  0.0658],
        [ 0.0681,  0.0748,  0.1096,  0.0644,  0.0230, -0.1269, -0.0620, -0.1313,
          0.0504, -0.0573,  0.0186,  0.0358, -0.0038,  0.2194, -0.1098, -0.0797],
        [ 0.0825, -0.1924, -0.1753, -0.0804,  0.0603, -0.0254, -0.1051,  0.1890,
         -0.0965, -0.0826,  0.0581,  0.0248, -0.0995, -0.1064,  0.0820, -0.0413],
        [ 0.0379,  0.0922, -0.0548, -0.0776,  0.1033,  0.0514, -0.0460, -0.0565,
          0.0116,  0.0129, -0.0031, -0.0248, -0.0917, -0.1463,  0.0537,  0.1096],
        [ 0.0201, -0.0008,  0.0686,  0.0801,  0.0039,  0.1254, -0.1826, -0.0239,
         -0.0379,  0.0151, -0.0942, -0.0640, -0.0277,  0.0055, -0.0474,  0.1273],
        [-0.1027,  0.0050, -0.1585,  0.1036, -0.0195,  0.1131, -0.1277,  0.0236,
          0.1260, -0.1591,  0.0124,  0.0393,  0.0254, -0.0470, -0.0124, -0.0656],
        [ 0.0650, -0.0909, -0.0399, -0.0972,  0.1916,  0.0563, -0.0568,  0.0810,
          0.0607,  0.0020,  0.1110, -0.1351, -0.0486, -0.2228,  0.1379, -0.0543],
        [-0.1280,  0.0834, -0.1131,  0.1464, -0.0495,  0.0618, -0.0122, -0.1063,
         -0.0416,  0.1792,  0.0846, -0.0567,  0.0279,  0.0530, -0.0210,  0.1083],
        [ 0.1543,  0.1100, -0.2639,  0.0824,  0.1240,  0.1145, -0.1431,  0.0408,
          0.0115,  0.1160,  0.0465,  0.0692, -0.0631, -0.2366,  0.1385,  0.1120],
        [ 0.1478, -0.1578, -0.1786, -0.1049, -0.1180,  0.1182,  0.0064,  0.0710,
          0.0427,  0.0534,  0.1086, -0.0142,  0.0106, -0.1832,  0.1822,  0.1684],
        [-0.0480, -0.0721, -0.0153,  0.0451, -0.2045, -0.0069,  0.1699,  0.0359,
         -0.0062,  0.0346,  0.0411, -0.0361,  0.0332,  0.0042,  0.0503,  0.1172],
        [ 0.1038, -0.1138, -0.1258,  0.0453, -0.1265,  0.0775, -0.0758, -0.0305,
         -0.0019,  0.0833, -0.0318,  0.0854, -0.1137, -0.0962,  0.1269,  0.0054],
        [-0.0650, -0.1580, -0.1767,  0.0087, -0.1116,  0.0911,  0.0540,  0.1518,
          0.0173, -0.1276,  0.0298,  0.0754, -0.1599, -0.0954,  0.1550, -0.0408],
        [ 0.1273, -0.0225, -0.1505, -0.0630, -0.0247,  0.1858,  0.0134,  0.0488,
         -0.0344,  0.0216,  0.0844, -0.0630, -0.1072, -0.1825,  0.0013,  0.1392],
        [ 0.0221, -0.0561,  0.1147, -0.0113, -0.0050, -0.0738, -0.0808, -0.1017,
         -0.1090,  0.0129,  0.0932,  0.0036,  0.0365,  0.0385, -0.0698, -0.1293],
        [-0.1196,  0.0635,  0.1180,  0.0308, -0.1555, -0.1243,  0.1183, -0.0428,
          0.0955,  0.0689,  0.0894,  0.0741,  0.0256, -0.0274,  0.0687, -0.1543],
        [-0.0505,  0.0543, -0.0531, -0.0927, -0.1467, -0.0013,  0.0936,  0.0259,
         -0.1266, -0.0527, -0.0075,  0.2025, -0.0833,  0.0356, -0.1549, -0.1439],
        [-0.1066, -0.2106, -0.0349,  0.0057, -0.1136, -0.1453,  0.0356,  0.0324,
         -0.1093, -0.1066,  0.1051, -0.0830, -0.1045, -0.1132,  0.0854, -0.0121],
        [-0.0944,  0.0655, -0.0300,  0.0856, -0.0651, -0.0374, -0.0309, -0.0417,
          0.0325, -0.0070, -0.1174,  0.1057,  0.1106,  0.0582, -0.1542, -0.1844],
        [-0.0666,  0.1269,  0.1840,  0.1204, -0.0326, -0.1848,  0.0222, -0.1618,
          0.1492,  0.0092,  0.0440, -0.0601,  0.1202,  0.2551, -0.1719, -0.1292],
        [ 0.0407,  0.0194, -0.1476, -0.0471, -0.0039,  0.0709, -0.0568,  0.1607,
         -0.0369,  0.1216, -0.0090,  0.1359,  0.0052, -0.2118,  0.0925, -0.0381],
        [-0.1107,  0.1515, -0.0776,  0.0855,  0.0107,  0.0960, -0.1998,  0.0899,
         -0.1204,  0.0604,  0.0148, -0.0040, -0.0860,  0.0314, -0.1759,  0.0981]],
       device='cuda:0')), ('bn3.weight', tensor([1., 1., 1., 1., 1., 1., 1., 1., 1., 1., 1., 1., 1., 1., 1., 1., 1., 1.,
        1., 1., 1., 1., 1., 1., 1., 1., 1., 1., 1., 1., 1., 1.],
       device='cuda:0')), ('bn3.bias', tensor([0., 0., 0., 0., 0., 0., 0., 0., 0., 0., 0., 0., 0., 0., 0., 0., 0., 0., 0., 0., 0., 0., 0., 0.,
        0., 0., 0., 0., 0., 0., 0., 0.], device='cuda:0')), ('bn3.running_mean', tensor([0., 0., 0., 0., 0., 0., 0., 0., 0., 0., 0., 0., 0., 0., 0., 0., 0., 0., 0., 0., 0., 0., 0., 0.,
        0., 0., 0., 0., 0., 0., 0., 0.], device='cuda:0')), ('bn3.running_var', tensor([1., 1., 1., 1., 1., 1., 1., 1., 1., 1., 1., 1., 1., 1., 1., 1., 1., 1.,
        1., 1., 1., 1., 1., 1., 1., 1., 1., 1., 1., 1., 1., 1.],
       device='cuda:0')), ('bn3.num_batches_tracked', tensor(0, device='cuda:0'))])