OrderedDict([('conv1.bias', tensor([ 4.7892e-07, -2.2470e-06,  8.2079e-07, -3.6123e-07, -9.6684e-07,
        -1.3454e-06, -9.2165e-07, -2.3476e-06], device='cuda:0')), ('conv1.lin.weight', tensor([[-2.3556e-01,  1.2308e-01,  1.9746e-01,  3.2607e-01,  8.6718e-03,
         -1.9361e-01,  9.3417e-07,  2.2743e-42, -6.1179e-14,  2.6709e-42,
         -1.7401e-01],
        [-1.8981e-01,  2.5021e-01,  2.7793e-01, -1.6392e-02,  8.7166e-03,
         -2.9229e-01,  2.5672e-42, -3.1478e-11, -2.7984e-42,  1.2317e-42,
          1.6605e-01],
        [ 2.8013e-01,  1.8472e-01, -4.4863e-02, -3.1413e-01, -4.6275e-04,
         -1.4422e-01,  4.8549e-17,  1.7909e-42,  1.0145e-10, -1.3669e-14,
          2.7049e-01],
        [ 1.5578e-01,  3.0021e-01, -8.7799e-02, -1.5526e-01,  7.9643e-02,
         -7.3973e-02,  2.7465e-43, -1.6812e-11, -9.8231e-43,  4.0662e-22,
          1.6212e-01],
        [-5.2218e-02, -9.6486e-02, -4.9783e-02,  1.9649e-01, -7.7992e-02,
          4.3237e-02, -1.4139e-42,  1.4055e-42, -2.0781e-42, -3.5453e-43,
         -8.6787e-02],
        [ 1.5503e-02,  1.8579e-02,  1.2753e-01, -1.6462e-01,  2.4269e-01,
          8.8062e-02,  2.2355e-17,  1.2331e-42,  2.6557e-08,  1.7670e-42,
          1.1604e-01],
        [ 3.0611e-01,  2.5402e-01, -2.4531e-01,  2.5733e-01,  4.4306e-03,
          8.3877e-02, -2.4985e-42, -6.7771e-06, -3.6276e-16, -6.7192e-42,
         -2.5153e-01],
        [ 2.5040e-02,  3.2380e-01,  2.7844e-01,  1.8306e-01,  1.1634e-02,
          1.3055e-02, -1.5719e-07,  3.1833e-19, -2.6120e-42,  1.5723e-42,
         -1.1242e-01]], device='cuda:0')), ('conv1.aggr.t', tensor([1.], device='cuda:0')), ('bn1.weight', tensor([0.8031, 0.8982, 0.7944, 0.7279, 0.9165, 0.8759, 0.9653, 0.7899],
       device='cuda:0')), ('bn1.bias', tensor([0.0937, 0.1539, 0.1191, 0.2499, 0.1602, 0.0647, 0.1702, 0.1241],
       device='cuda:0')), ('bn1.running_mean', tensor([-0.8659, -0.9999, -0.2273, -0.0234,  0.0666,  0.4127,  0.4127,  0.1448],
       device='cuda:0')), ('bn1.running_var', tensor([2.2238, 4.8302, 1.5397, 0.4888, 0.1442, 0.4685, 0.7689, 0.1464],
       device='cuda:0')), ('bn1.num_batches_tracked', tensor(47024, device='cuda:0')), ('conv2.bias', tensor([ 2.1172e-06, -2.2459e-06, -9.0614e-07,  8.0079e-06, -1.3994e-06,
         3.9931e-06,  3.3757e-06,  4.2520e-07,  1.7535e-06,  4.0292e-06,
        -4.2219e-07,  1.2683e-06,  6.5248e-07, -4.4158e-08, -2.1325e-06,
        -3.1134e-06], device='cuda:0')), ('conv2.lin.weight', tensor([[-0.0676,  0.0813, -0.2452,  0.2634, -0.3670,  0.1995, -0.3021, -0.1632],
        [ 0.2605, -0.0822, -0.4136, -0.1393, -0.4080, -0.2335, -0.1954,  0.0613],
        [ 0.1252,  0.3120, -0.2251, -0.1716,  0.0788,  0.3270,  0.3908,  0.0617],
        [-0.2083,  0.3511,  0.3288,  0.1079, -0.0301,  0.2901,  0.2577, -0.1052],
        [-0.2674, -0.2615, -0.1675, -0.1103, -0.0667, -0.3192, -0.2507,  0.0805],
        [-0.1458,  0.2590, -0.4072,  0.3576, -0.2430, -0.1349,  0.2638, -0.0521],
        [ 0.1295,  0.0086,  0.3305,  0.3390, -0.0491,  0.2980,  0.3599, -0.1407],
        [-0.1754,  0.0295, -0.1754,  0.2821,  0.3463, -0.2121,  0.4531,  0.0876],
        [-0.1162, -0.1112,  0.0971,  0.1806, -0.1176,  0.1682, -0.0123,  0.4495],
        [ 0.2725,  0.0756,  0.1195, -0.1184, -0.3331,  0.1502, -0.2296, -0.2916],
        [-0.1370, -0.0007,  0.0572,  0.0946,  0.3800, -0.2319,  0.4603, -0.0853],
        [-0.0701, -0.4037,  0.3809, -0.3406,  0.3457,  0.1947,  0.2238,  0.1499],
        [ 0.1652,  0.2772, -0.3503, -0.0640,  0.0254, -0.0082, -0.3026, -0.2071],
        [-0.1995, -0.2945, -0.2575, -0.3570,  0.3639, -0.3263,  0.0957,  0.4052],
        [-0.2112, -0.4172, -0.1927, -0.1255, -0.0217, -0.2382, -0.2530, -0.0762],
        [ 0.0144,  0.1244,  0.0852, -0.0592, -0.3553,  0.1686, -0.1188, -0.0723]],
       device='cuda:0')), ('conv2.aggr.t', tensor([1.], device='cuda:0')), ('bn2.weight', tensor([0.7102, 0.7838, 0.6771, 0.8171, 0.8042, 0.6983, 0.8357, 0.7776, 0.6757,
        0.8230, 0.7185, 0.7998, 0.7882, 0.6925, 0.7894, 0.8052],
       device='cuda:0')), ('bn2.bias', tensor([-0.1724, -0.0787, -0.0814, -0.1630,  0.3450, -0.2293,  0.5013,  0.6493,
        -0.0344,  0.1142, -0.2673,  0.0886,  0.3309,  0.2803, -0.0591,  0.5165],
       device='cuda:0')), ('bn2.running_mean', tensor([-0.2161, -0.4393,  0.3614,  0.3985, -0.5218,  0.0251,  0.4971,  0.2861,
         0.1767, -0.1473,  0.2425,  0.1442, -0.1680, -0.2296, -0.5877, -0.0854],
       device='cuda:0')), ('bn2.running_var', tensor([0.2205, 0.3098, 0.2885, 0.1589, 0.1414, 0.1186, 0.2094, 0.2839, 0.1267,
        0.2326, 0.2508, 0.4156, 0.1571, 0.3457, 0.1439, 0.1110],
       device='cuda:0')), ('bn2.num_batches_tracked', tensor(47024, device='cuda:0')), ('conv3.bias', tensor([ 4.2689e-06, -1.0444e-06,  2.0839e-07, -1.4493e-06,  2.5023e-06,
         2.4060e-07, -3.0092e-06,  7.3002e-07,  1.4162e-06, -1.7948e-06,
        -5.1636e-07, -2.8655e-06,  6.1425e-07, -4.0195e-06,  1.3976e-06,
        -1.5781e-06, -1.7794e-06,  4.0745e-06,  1.7263e-06,  1.4835e-06,
         3.0614e-06,  6.5040e-07,  1.8015e-06,  2.3373e-06, -5.4419e-07,
         2.8455e-06,  3.0024e-07, -1.8013e-06, -2.4350e-06, -5.0978e-08,
        -1.4405e-06,  1.0760e-06], device='cuda:0')), ('conv3.lin.weight', tensor([[-0.0129,  0.0944,  0.0670, -0.0282,  0.0306, -0.0938,  0.0910,  0.0109,
         -0.1395,  0.0439,  0.0403, -0.0433, -0.1674, -0.1054,  0.1340, -0.0158],
        [-0.0928, -0.0938,  0.0591, -0.1425,  0.0247,  0.0022, -0.0592, -0.0634,
          0.0954,  0.2647,  0.1668, -0.1378, -0.1966, -0.1268,  0.1099, -0.2117],
        [ 0.0148,  0.0396,  0.1026,  0.1526,  0.1053, -0.0896, -0.0058,  0.2720,
          0.2205,  0.1095, -0.1103,  0.0355, -0.0126, -0.1471,  0.1756, -0.0768],
        [ 0.1071, -0.0849, -0.1315,  0.0789, -0.0690, -0.0573,  0.1172, -0.0409,
          0.1172, -0.1609,  0.1354,  0.0248,  0.2166,  0.1483,  0.2285,  0.0834],
        [ 0.0050,  0.0899,  0.0333, -0.0489, -0.1065,  0.0071,  0.0073,  0.0960,
         -0.0695,  0.0245,  0.0279, -0.0378, -0.0018,  0.2047, -0.1042,  0.1095],
        [-0.1770,  0.0318, -0.2471,  0.0279, -0.2451, -0.1111,  0.0437, -0.0275,
         -0.1554, -0.0839, -0.1573, -0.1488, -0.1254,  0.0863, -0.0016, -0.0293],
        [-0.0048, -0.0784, -0.0891,  0.0544,  0.1546, -0.0860, -0.0709,  0.2755,
         -0.0164,  0.0243, -0.0740, -0.0098,  0.1782,  0.0166, -0.1488,  0.1156],
        [ 0.0094, -0.1792,  0.0230,  0.0796,  0.0457,  0.1976, -0.2880, -0.2594,
         -0.0395, -0.2409, -0.0896,  0.1107, -0.0484, -0.1458, -0.0265, -0.1040],
        [ 0.1523,  0.1403,  0.0270,  0.0309,  0.1488, -0.0055,  0.0138,  0.1596,
         -0.0174,  0.0401,  0.0151,  0.0942, -0.0966,  0.0583, -0.1941,  0.1362],
        [-0.0492,  0.0746, -0.0336, -0.1055,  0.1248,  0.1100,  0.2901,  0.0928,
         -0.0490, -0.0842, -0.1658,  0.1943,  0.1676,  0.1800, -0.1159,  0.2060],
        [-0.1068, -0.1964, -0.0536, -0.1543,  0.2524, -0.0895,  0.2247,  0.0387,
         -0.0803, -0.0050, -0.0251, -0.1852, -0.0660,  0.2070, -0.1224,  0.2186],
        [-0.0261, -0.2248,  0.0733, -0.2142, -0.0367,  0.0933,  0.0319, -0.0591,
          0.0118,  0.1441,  0.0837, -0.1382, -0.1400, -0.0168,  0.1072, -0.1638],
        [-0.1910, -0.1441, -0.1477,  0.0067,  0.1799, -0.0366,  0.1773,  0.1738,
          0.0672,  0.1736, -0.0799, -0.1699,  0.2042,  0.2212, -0.1452,  0.0343],
        [-0.2378,  0.0264,  0.0299,  0.2774,  0.1748, -0.0427,  0.0058,  0.0802,
         -0.0293, -0.0534, -0.1355, -0.0196, -0.0543,  0.0509,  0.1482,  0.1821],
        [ 0.1324,  0.1077,  0.0701, -0.0305,  0.1679,  0.0382,  0.2575,  0.2569,
          0.1695,  0.1652, -0.0956,  0.2339,  0.1746, -0.2078,  0.0998, -0.2420],
        [-0.2762,  0.1971,  0.0014,  0.2071,  0.0148, -0.0035, -0.1053,  0.0132,
          0.1382, -0.0317,  0.0210, -0.0130,  0.0858, -0.0553,  0.1230,  0.1591],
        [ 0.0650, -0.0557, -0.0808, -0.2814, -0.0361, -0.0411,  0.1766,  0.1942,
          0.0585, -0.0222,  0.0103,  0.0670,  0.2259, -0.1569, -0.0538,  0.0095],
        [ 0.1869, -0.0378,  0.0489,  0.1803,  0.1622, -0.0386,  0.0288,  0.0867,
         -0.0818, -0.2311, -0.1523,  0.1298,  0.0184, -0.0543,  0.0973,  0.1276],
        [-0.2047,  0.0453,  0.1305, -0.1890, -0.1976, -0.0791,  0.2174, -0.1857,
          0.0775,  0.1476, -0.0295, -0.2317, -0.1640,  0.1202,  0.2340, -0.0612],
        [ 0.0334, -0.1972,  0.0693,  0.0178,  0.1726,  0.1810,  0.0427,  0.0520,
         -0.0508, -0.0855, -0.1952,  0.1924,  0.1524,  0.0863,  0.0963,  0.1255],
        [ 0.1199,  0.0742,  0.1052, -0.0817, -0.2167,  0.1113, -0.1134, -0.2327,
          0.1177, -0.0363,  0.1452,  0.1040, -0.0298, -0.0548,  0.1524, -0.1331],
        [ 0.0600,  0.0062,  0.1294,  0.1962,  0.1095,  0.0653,  0.0968,  0.0503,
         -0.1010,  0.2460, -0.0412, -0.0531, -0.0881,  0.1332,  0.1772, -0.1192],
        [ 0.0249,  0.1331,  0.0137, -0.1620, -0.2195, -0.0886,  0.3289, -0.0681,
         -0.0434, -0.1473, -0.1555,  0.0272,  0.0418,  0.1184,  0.1868,  0.0732],
        [-0.1490,  0.0778, -0.1685,  0.1583, -0.1552,  0.1343,  0.0162, -0.2874,
          0.0715, -0.1967, -0.1810, -0.0488,  0.0589, -0.0824,  0.0363, -0.2665],
        [-0.0392, -0.1513, -0.0624, -0.1959,  0.2053,  0.0974,  0.1659,  0.0403,
          0.1317, -0.1513, -0.0954,  0.1087,  0.2244, -0.1307, -0.0313,  0.0016],
        [-0.1468,  0.0910, -0.0547,  0.1798,  0.1723, -0.2168, -0.0907,  0.2899,
          0.0619,  0.0547,  0.0192,  0.0692,  0.1209, -0.0784, -0.1393,  0.1953],
        [ 0.0345, -0.0486, -0.0635, -0.1154, -0.0221, -0.0719,  0.0372, -0.1351,
          0.0792, -0.2259,  0.0848, -0.1538, -0.0543,  0.1575,  0.0238,  0.1490],
        [ 0.0533,  0.0434,  0.1362,  0.0168,  0.0379, -0.1776, -0.0694, -0.1741,
         -0.0079, -0.0669, -0.0843, -0.1601, -0.2885, -0.1583,  0.0341, -0.1891],
        [-0.1508, -0.0815,  0.0346, -0.1242, -0.0736,  0.0737, -0.2607, -0.0362,
         -0.1123, -0.1829, -0.1277,  0.2033,  0.0814, -0.2295, -0.1679,  0.1330],
        [ 0.1962,  0.0601, -0.1289, -0.2439, -0.0744, -0.0678,  0.1675, -0.1515,
         -0.1325, -0.3079, -0.0787,  0.1607, -0.0069, -0.1305, -0.1717,  0.0445],
        [-0.2185, -0.1688,  0.0445, -0.1492, -0.1082, -0.1248,  0.0263,  0.1462,
         -0.1026, -0.1933, -0.2128, -0.0477,  0.0175, -0.0522,  0.1184,  0.3000],
        [ 0.1903,  0.0281,  0.0252,  0.1886,  0.1036, -0.1581, -0.1673, -0.1267,
         -0.0962, -0.0631,  0.2082, -0.1672, -0.1672, -0.1407, -0.1278, -0.1368]],
       device='cuda:0')), ('bn3.weight', tensor([1., 1., 1., 1., 1., 1., 1., 1., 1., 1., 1., 1., 1., 1., 1., 1., 1., 1.,
        1., 1., 1., 1., 1., 1., 1., 1., 1., 1., 1., 1., 1., 1.],
       device='cuda:0')), ('bn3.bias', tensor([0., 0., 0., 0., 0., 0., 0., 0., 0., 0., 0., 0., 0., 0., 0., 0., 0., 0., 0., 0., 0., 0., 0., 0.,
        0., 0., 0., 0., 0., 0., 0., 0.], device='cuda:0')), ('bn3.running_mean', tensor([0., 0., 0., 0., 0., 0., 0., 0., 0., 0., 0., 0., 0., 0., 0., 0., 0., 0., 0., 0., 0., 0., 0., 0.,
        0., 0., 0., 0., 0., 0., 0., 0.], device='cuda:0')), ('bn3.running_var', tensor([1., 1., 1., 1., 1., 1., 1., 1., 1., 1., 1., 1., 1., 1., 1., 1., 1., 1.,
        1., 1., 1., 1., 1., 1., 1., 1., 1., 1., 1., 1., 1., 1.],
       device='cuda:0')), ('bn3.num_batches_tracked', tensor(0, device='cuda:0'))])