OrderedDict([('conv1.bias', tensor([-7.6250e-06,  7.6548e-07,  7.7807e-06, -3.4461e-06,  2.9168e-07,
        -6.7214e-07,  2.1446e-06, -3.4406e-06], device='cuda:0')), ('conv1.lin.weight', tensor([[-6.1753e-02,  1.9769e-02,  1.6621e-02, -1.8565e-02,  4.8185e-03,
         -1.0538e-01,  5.0817e-16,  3.7541e-42,  3.4978e-10,  3.5491e-12,
          1.4017e-02],
        [-8.3879e-02,  9.4664e-02,  3.7458e-03,  2.4811e-02,  2.8718e-03,
         -2.6788e-01, -4.5542e-43, -3.8255e-42, -2.5560e-42, -3.1659e-19,
          1.7398e-01],
        [ 1.3858e-01,  2.7370e-01, -2.7278e-02, -1.3871e-01, -4.5054e-03,
          1.6856e-01,  1.2710e-42, -8.2536e-42,  2.0315e-14, -4.5136e-42,
         -9.8632e-02],
        [ 9.2550e-02,  2.1287e-01, -2.8202e-02, -6.5628e-02, -2.4665e-03,
          1.3970e-01, -1.7875e-12, -8.7286e-15,  2.3682e-43, -4.3300e-43,
          8.6874e-02],
        [-9.6555e-02,  2.6796e-02,  1.0864e-01,  5.9566e-02,  1.8962e-03,
         -1.1999e-01, -5.1764e-42,  2.4719e-42,  1.6242e-06, -2.6709e-42,
         -1.4171e-01],
        [ 8.4765e-02, -5.1567e-02,  6.6237e-02, -1.3463e-01,  1.2548e-03,
          1.5238e-01,  4.2768e-42, -1.2387e-42, -3.6041e-42,  3.3113e-42,
         -1.6446e-02],
        [ 5.5479e-02, -2.4111e-02,  2.5922e-01,  3.0045e-01, -1.5329e-03,
         -1.7623e-01, -3.1436e-08,  1.2878e-42,  1.4826e-42,  7.1046e-43,
          1.8349e-01],
        [ 1.0908e-01, -3.9445e-02,  1.0823e-01, -7.8333e-02,  1.4587e-02,
          1.6757e-01, -5.9695e-43,  3.5285e-42,  3.9264e-42,  3.4136e-42,
         -8.1652e-03]], device='cuda:0')), ('conv1.aggr.t', tensor([1.], device='cuda:0')), ('bn1.weight', tensor([0.6247, 0.6757, 0.6746, 0.6069, 0.7011, 0.6718, 0.8643, 0.7717],
       device='cuda:0')), ('bn1.bias', tensor([ 0.0166,  0.0623,  0.1047, -0.0035,  0.0283,  0.0135,  0.0395,  0.0427],
       device='cuda:0')), ('bn1.running_mean', tensor([-0.3609, -0.8106,  0.6478,  0.5982, -0.4763,  0.5057, -0.4551,  0.5792],
       device='cuda:0')), ('bn1.running_var', tensor([0.0387, 0.2346, 0.1156, 0.1080, 0.0618, 0.0735, 0.1002, 0.0942],
       device='cuda:0')), ('bn1.num_batches_tracked', tensor(47024, device='cuda:0')), ('conv2.bias', tensor([ 4.2999e-07, -4.5031e-06, -5.1247e-06, -2.3397e-06,  1.1072e-06,
        -1.1537e-06, -2.4985e-07,  4.4323e-06,  2.0758e-06, -3.0524e-06,
         2.4809e-06, -2.4924e-06, -4.2105e-07, -3.6824e-06, -6.2371e-06,
         1.0675e-06], device='cuda:0')), ('conv2.lin.weight', tensor([[-0.1397,  0.2468,  0.1997, -0.2167,  0.0113,  0.2290, -0.3103,  0.1910],
        [-0.1927,  0.2399,  0.2061,  0.1332,  0.3477, -0.3660, -0.3868,  0.1612],
        [ 0.1884, -0.3325,  0.0190, -0.2480,  0.1751,  0.0936, -0.0994, -0.1105],
        [ 0.0020, -0.1930,  0.1213,  0.1394,  0.2198, -0.1060,  0.3892, -0.0511],
        [ 0.0544, -0.2275, -0.1517, -0.0388,  0.0189,  0.0103,  0.2722, -0.2552],
        [-0.1087,  0.2255, -0.0759,  0.0241, -0.0692,  0.0138, -0.2944,  0.0286],
        [-0.3150, -0.1105, -0.0279, -0.1565,  0.0212, -0.0899,  0.3406, -0.1064],
        [ 0.2592,  0.1271,  0.1385,  0.3517, -0.1944, -0.0034,  0.3421, -0.1029],
        [ 0.2641,  0.0205,  0.2698,  0.1140,  0.0316,  0.0087, -0.2888, -0.1783],
        [ 0.0448, -0.0714, -0.2538, -0.1073,  0.0315, -0.0892, -0.0992, -0.4160],
        [-0.2503,  0.1942,  0.1581,  0.0467, -0.0802, -0.1831, -0.2323,  0.1234],
        [ 0.1111,  0.0251,  0.1643, -0.1940, -0.1376, -0.1082,  0.1730, -0.3234],
        [ 0.1233,  0.2335,  0.0614, -0.0835, -0.2932, -0.0647, -0.2720,  0.2709],
        [ 0.1525, -0.1110, -0.0603, -0.2053,  0.0148, -0.3477,  0.1302, -0.1175],
        [-0.0942,  0.1716, -0.0579, -0.2521, -0.1067, -0.1548, -0.2503,  0.4144],
        [-0.1408,  0.0060, -0.1380,  0.1754, -0.2283, -0.2957, -0.3279,  0.2601]],
       device='cuda:0')), ('conv2.aggr.t', tensor([1.], device='cuda:0')), ('bn2.weight', tensor([0.6812, 0.7355, 0.5384, 0.7074, 0.7141, 0.7146, 0.6403, 0.7083, 0.6401,
        0.6964, 0.6903, 0.6417, 0.5926, 0.7189, 0.6782, 0.6937],
       device='cuda:0')), ('bn2.bias', tensor([-0.4383, -0.5634,  0.0034,  0.5702, -0.3745,  0.4727,  0.1900, -0.1355,
         0.4548,  0.1570,  0.3338, -0.3712,  0.0014,  0.1201,  0.4160, -0.4322],
       device='cuda:0')), ('bn2.running_mean', tensor([ 0.0791,  0.0366, -0.1078,  0.1805, -0.1026, -0.0958, -0.1022,  0.2807,
         0.0415, -0.3363, -0.0591, -0.0855, -0.0058, -0.1674, -0.0811, -0.2209],
       device='cuda:0')), ('bn2.running_var', tensor([0.1326, 0.1293, 0.0522, 0.0873, 0.0968, 0.0460, 0.0781, 0.1048, 0.0709,
        0.1484, 0.0766, 0.1003, 0.0961, 0.1283, 0.1013, 0.1376],
       device='cuda:0')), ('bn2.num_batches_tracked', tensor(47024, device='cuda:0')), ('conv3.bias', tensor([-5.1497e-06, -2.5696e-06,  1.6029e-06,  1.2834e-07,  3.5045e-06,
        -1.6916e-06, -4.6304e-07,  1.1282e-06,  2.0474e-07, -1.8634e-07,
         6.4585e-07,  2.1162e-06, -5.2524e-07, -1.4551e-06, -3.9301e-06,
        -3.3877e-06, -1.4044e-06, -2.6300e-07,  1.0500e-06, -1.7943e-06,
         1.9817e-07,  7.2302e-07, -5.2489e-06,  7.6026e-07, -1.6286e-06,
        -3.7192e-08,  4.3322e-07, -1.8537e-06, -2.3865e-06, -3.4339e-06,
         4.1659e-06,  1.7664e-06], device='cuda:0')), ('conv3.lin.weight', tensor([[-7.3230e-02, -2.3735e-01,  8.9750e-03,  1.3556e-01, -1.4546e-01,
          6.9751e-02, -1.0188e-01, -2.0370e-01,  1.4226e-01, -7.2743e-02,
          2.0531e-03,  5.1504e-02, -1.9188e-01,  1.0887e-01,  7.6936e-03,
          4.6228e-02],
        [-1.0720e-01, -8.5071e-02,  1.1241e-01,  9.5442e-02, -2.9037e-01,
          1.5212e-01, -5.2206e-02,  1.2267e-01, -5.3395e-02,  1.0057e-01,
         -1.4799e-02, -1.4344e-01, -6.0759e-02,  1.5039e-01,  2.0237e-01,
         -1.6642e-01],
        [ 6.4846e-02, -1.5047e-01, -1.1415e-01,  1.4124e-01, -7.6202e-02,
          1.4184e-01, -9.2450e-02,  3.0892e-02,  3.5424e-02, -1.1834e-01,
          2.8617e-02,  6.7337e-02, -1.8901e-01,  8.8451e-02,  1.8307e-01,
         -4.2206e-02],
        [-9.4559e-02,  1.4450e-01,  9.5408e-02, -1.8974e-03,  1.3372e-01,
         -8.3741e-02, -1.4152e-01,  6.4852e-02,  3.9159e-02,  4.8976e-02,
         -7.1666e-02, -4.8077e-02,  1.2139e-01, -5.9378e-02,  1.2277e-01,
         -6.1133e-02],
        [ 1.0890e-02, -9.6645e-02,  4.6773e-02, -1.7711e-02, -5.0228e-02,
         -2.4369e-01,  3.5933e-02, -5.7779e-02, -6.6172e-02,  1.0175e-01,
          9.0471e-02,  5.8288e-02,  1.0557e-01, -4.3607e-02,  1.8828e-02,
          9.2860e-02],
        [-6.9612e-02,  2.1787e-01,  1.6494e-01, -1.9939e-01,  3.3589e-02,
         -1.0542e-01, -9.6747e-02,  6.1221e-02, -1.5310e-01, -1.6743e-01,
          9.1530e-02,  2.0352e-01, -1.8270e-01, -2.3574e-02, -1.2139e-01,
          1.6122e-01],
        [ 1.4268e-02, -1.0519e-01,  5.5110e-02,  8.3725e-02,  1.3126e-01,
          1.2365e-02, -1.6235e-02,  5.3771e-02,  1.7641e-02, -2.5052e-02,
         -1.2653e-02,  4.2270e-02,  9.4291e-02, -1.2876e-01, -4.8341e-02,
          1.3580e-01],
        [ 1.4413e-01, -8.2089e-02, -1.3839e-01, -9.6870e-03, -2.0380e-01,
         -2.0997e-01,  1.0541e-01, -1.0919e-01,  4.1842e-02,  1.2098e-01,
          3.5635e-02,  1.4908e-01, -9.2244e-02, -3.3415e-02, -9.6529e-02,
          5.9327e-02],
        [-2.7615e-04,  1.2313e-01, -4.6300e-02, -1.0359e-01, -6.1186e-02,
         -1.9189e-01, -1.3243e-01, -1.6931e-01, -1.6905e-01, -1.2839e-01,
         -1.6815e-01,  1.6570e-01, -1.1638e-01,  3.0981e-02, -1.1987e-01,
          2.1663e-01],
        [ 3.8837e-02,  2.0060e-01,  4.5516e-02, -2.3621e-01,  1.7244e-01,
         -2.5117e-02,  1.4293e-01,  1.3106e-01,  3.7527e-02, -2.0578e-02,
         -1.5114e-01, -4.7528e-02,  1.3267e-01, -1.3734e-01, -1.9598e-01,
          9.8923e-02],
        [-2.6120e-01, -1.4521e-01,  2.4018e-02,  1.4295e-01, -2.9369e-01,
          1.2402e-02,  1.4747e-01,  1.7719e-02,  1.1718e-01,  1.6483e-01,
          1.9310e-01, -1.4188e-01, -1.1154e-01, -2.2619e-02,  1.8438e-01,
         -1.1030e-01],
        [ 5.5281e-02,  8.6968e-03, -2.7747e-02,  1.8347e-02, -6.7316e-02,
         -2.1225e-01, -1.0968e-01,  5.2180e-02,  9.8277e-03,  5.5538e-02,
         -3.0536e-02,  7.0597e-03, -7.0284e-02,  5.6163e-02,  1.6628e-02,
          4.5977e-02],
        [ 3.0824e-02,  7.8731e-02, -6.7421e-02,  9.0150e-03,  1.0769e-02,
          6.8379e-02,  4.8073e-02, -1.4151e-01,  3.8549e-02, -4.1060e-02,
         -3.0404e-02, -4.4596e-02,  3.1198e-02,  1.6327e-01, -9.1700e-02,
         -1.3611e-01],
        [ 1.2087e-01,  7.1345e-02, -3.1914e-02,  8.4671e-02, -5.8042e-02,
         -2.2386e-02,  2.6853e-02, -7.1478e-02, -4.5402e-02,  6.2372e-02,
         -4.2607e-02,  8.7068e-02, -9.9885e-02, -1.2702e-01, -1.8092e-01,
          9.1719e-02],
        [ 7.5421e-02,  1.6498e-01, -1.5746e-02, -1.8776e-01,  3.7972e-02,
         -2.1647e-01, -6.4996e-02,  7.9463e-02, -2.6088e-01,  6.1305e-02,
          5.3555e-02,  1.2668e-01, -8.0223e-02, -4.0800e-02, -1.0889e-01,
          1.8135e-01],
        [-4.6070e-02, -8.1506e-02, -2.6362e-02, -6.9204e-02,  9.9053e-02,
          2.1783e-01, -9.7298e-02,  4.7597e-02, -1.4503e-01, -1.1381e-01,
          1.0675e-01, -1.7180e-01, -1.3457e-01,  1.9358e-01, -9.0513e-02,
         -6.4224e-02],
        [ 3.4823e-02,  9.3575e-03, -8.4899e-02, -1.5136e-01, -3.3314e-02,
         -1.4726e-01, -1.3825e-01, -4.3797e-02, -1.4857e-01, -5.2873e-02,
          1.0041e-01, -1.2355e-01, -2.5212e-01,  2.6702e-02, -1.0768e-01,
         -3.5040e-02],
        [-1.7865e-02,  8.7162e-02,  2.5046e-02,  1.8866e-02, -9.8024e-02,
          6.1552e-02,  5.0926e-02,  7.1067e-02, -8.4743e-02,  1.4203e-01,
         -1.4811e-01, -5.1005e-02, -7.6693e-03, -1.5670e-01, -3.1941e-02,
         -1.0326e-01],
        [-1.7308e-01, -1.2210e-01,  5.0552e-03, -8.9332e-02,  1.0022e-02,
          2.1777e-02, -1.3720e-02, -3.9311e-02,  1.4466e-01, -4.0497e-02,
          1.4873e-01, -7.6380e-02, -6.7746e-02,  1.4880e-01,  3.8179e-02,
          4.8431e-02],
        [-3.1665e-01, -1.5396e-01,  8.2153e-02,  1.7050e-01, -6.5880e-02,
          1.1088e-01,  8.8093e-02,  4.1003e-02,  1.9952e-01, -1.1094e-02,
          1.5391e-01, -1.1490e-01,  2.0594e-02, -8.2895e-02,  1.5342e-01,
         -7.7694e-02],
        [-1.4456e-01, -7.1747e-02,  1.3375e-01,  1.9296e-01, -6.9278e-02,
          6.9079e-02, -5.2538e-02, -3.7218e-02,  7.8562e-02, -4.8125e-04,
          2.2794e-02, -4.7529e-02, -5.8937e-02, -6.8067e-02, -1.3328e-02,
          1.0782e-01],
        [-1.5355e-01,  1.1083e-01,  1.0637e-01, -1.6776e-02,  7.1909e-02,
         -4.2023e-02,  1.4946e-02,  1.1862e-01, -1.0037e-02, -1.2192e-01,
          1.1970e-01, -3.8373e-02,  4.5730e-02,  5.2649e-02,  6.2010e-03,
          8.6626e-03],
        [-8.7828e-02, -1.3416e-01,  1.0494e-01,  5.4179e-02, -4.5884e-02,
          1.4346e-01,  8.5539e-02, -1.8425e-02,  1.0157e-01, -8.1663e-02,
          1.3301e-01,  1.0113e-01,  7.6869e-02,  1.1312e-03,  7.5640e-02,
         -2.0391e-01],
        [-1.0152e-01, -9.6983e-02, -6.0747e-02,  7.3884e-02, -8.7837e-02,
          2.4637e-02, -7.0612e-02, -1.8975e-01, -5.1808e-02,  1.5528e-01,
          1.8433e-01, -1.5517e-01,  5.8953e-02,  1.3045e-01, -1.0483e-01,
         -1.3853e-01],
        [-1.5089e-01, -2.3812e-01, -1.2105e-01,  1.5077e-01, -2.1230e-01,
          1.3768e-01,  1.6666e-01, -1.4864e-01,  2.7369e-01,  9.6452e-02,
          7.6992e-02, -1.6419e-01, -1.3000e-01,  3.3579e-03,  1.0763e-01,
         -1.1439e-01],
        [-2.3387e-03,  1.1394e-01, -3.6449e-02, -1.4630e-01,  9.4507e-02,
         -1.0656e-01,  2.7907e-02,  1.4912e-01,  6.1176e-02,  1.5109e-01,
         -1.0259e-01,  5.1746e-02,  5.7874e-02, -1.4367e-01,  1.3929e-01,
         -1.0522e-01],
        [-1.7521e-01,  4.6630e-02,  1.2729e-01, -1.4869e-01, -1.0725e-02,
          1.3792e-01,  1.0529e-02,  6.6744e-03, -2.8021e-02, -1.2978e-01,
          1.7176e-01,  7.3415e-02, -6.6580e-02, -1.1059e-02, -9.4098e-02,
         -1.9653e-02],
        [ 7.7904e-02, -1.5315e-01,  8.0140e-02,  1.7305e-01, -8.3530e-02,
         -1.6529e-01, -1.1568e-01, -1.4066e-01, -1.2727e-01,  8.8891e-02,
          1.6783e-01,  1.4781e-01,  7.6254e-02, -6.3423e-02,  1.0250e-02,
          8.7601e-02],
        [ 8.4583e-02, -2.4974e-03, -3.5502e-02,  1.4936e-01, -1.0007e-01,
          6.5484e-02,  1.1236e-01, -1.1962e-01,  5.2336e-02, -7.5258e-02,
          4.7204e-02,  1.9159e-02,  2.1554e-02,  5.6335e-02, -4.9675e-02,
         -8.9451e-02],
        [-1.7721e-01, -8.9500e-02, -3.0897e-03,  2.5117e-02, -2.3499e-02,
          1.7008e-02,  2.0647e-01,  1.0944e-01,  6.0028e-02,  1.9926e-01,
          1.5269e-01, -1.6220e-01,  1.1257e-01, -9.3539e-02,  7.5342e-02,
         -3.8905e-02],
        [-1.0005e-01,  1.3086e-02,  1.4429e-01,  2.1222e-01, -8.1909e-02,
          1.2793e-01, -1.1997e-01, -6.0959e-02, -1.1363e-01, -2.4009e-03,
          8.0498e-03, -7.8919e-02,  6.6141e-02, -8.0253e-02,  1.3147e-02,
         -1.5376e-01],
        [-1.4355e-01,  1.9741e-02, -1.0999e-01,  1.9554e-01,  1.2947e-01,
          1.1835e-01,  4.3318e-02,  1.9417e-03,  1.3118e-01,  3.2377e-02,
          1.4251e-01, -5.5395e-02,  1.1647e-01, -3.9339e-02,  1.6617e-01,
         -1.5645e-01]], device='cuda:0')), ('bn3.weight', tensor([1., 1., 1., 1., 1., 1., 1., 1., 1., 1., 1., 1., 1., 1., 1., 1., 1., 1.,
        1., 1., 1., 1., 1., 1., 1., 1., 1., 1., 1., 1., 1., 1.],
       device='cuda:0')), ('bn3.bias', tensor([0., 0., 0., 0., 0., 0., 0., 0., 0., 0., 0., 0., 0., 0., 0., 0., 0., 0., 0., 0., 0., 0., 0., 0.,
        0., 0., 0., 0., 0., 0., 0., 0.], device='cuda:0')), ('bn3.running_mean', tensor([0., 0., 0., 0., 0., 0., 0., 0., 0., 0., 0., 0., 0., 0., 0., 0., 0., 0., 0., 0., 0., 0., 0., 0.,
        0., 0., 0., 0., 0., 0., 0., 0.], device='cuda:0')), ('bn3.running_var', tensor([1., 1., 1., 1., 1., 1., 1., 1., 1., 1., 1., 1., 1., 1., 1., 1., 1., 1.,
        1., 1., 1., 1., 1., 1., 1., 1., 1., 1., 1., 1., 1., 1.],
       device='cuda:0')), ('bn3.num_batches_tracked', tensor(0, device='cuda:0'))])