OrderedDict([('conv1.bias', tensor([-3.3153e-06,  3.1181e-06, -5.1214e-06, -2.0710e-07,  1.7277e-05,
        -1.8477e-06,  7.3768e-07, -7.6713e-08], device='cuda:0')), ('conv1.lin.weight', tensor([[-2.1482e-01, -2.3337e-01, -3.4982e-01, -1.2091e-01,  9.9586e-03,
         -1.5491e-01,  2.2183e-42,  3.6966e-42,  9.3623e-20,  1.1547e-42,
          4.4198e-02],
        [-9.9019e-02, -2.3688e-01,  3.8792e-01,  1.5028e-01, -2.1353e-03,
         -8.0817e-02, -4.8065e-43, -2.4943e-43,  6.5567e-42,  1.4868e-42,
          2.1996e-01],
        [ 3.7737e-01,  1.3341e-01, -1.9118e-01,  1.0532e-01, -3.2761e-03,
          5.4259e-02, -4.6341e-42,  2.5871e-07,  3.3939e-42,  1.5498e-42,
          1.7952e-02],
        [-8.2520e-02,  3.0478e-01, -2.7282e-02, -6.1401e-02, -5.9565e-05,
          1.8462e-01, -5.3810e-43, -2.8713e-42, -7.3694e-42,  9.7250e-43,
          2.8299e-01],
        [ 5.8428e-02,  6.8108e-02,  1.0267e-01, -3.8083e-01,  7.4521e-03,
         -7.4926e-02, -1.5388e-14,  4.2151e-42, -7.9874e-43,  1.7222e-42,
         -9.9326e-02],
        [ 2.5893e-01, -7.4529e-02, -4.1740e-02, -2.4274e-01, -1.0079e-03,
          4.3135e-02, -4.8670e-10, -2.7838e-13,  2.2785e-42, -2.6569e-42,
          8.0453e-02],
        [ 2.2532e-01,  2.5688e-01,  1.2527e-01,  3.2549e-01,  2.3580e-03,
          4.9664e-02,  1.9427e-21,  3.5084e-13, -2.8769e-42, -7.3386e-42,
         -1.4885e-01],
        [-6.6799e-02,  2.8770e-01,  5.2982e-05,  1.3633e-01, -2.6882e-04,
          1.5791e-01, -2.8769e-42, -3.1880e-42,  7.3448e-10, -3.3814e-15,
          2.0047e-01]], device='cuda:0')), ('conv1.aggr.t', tensor([1.], device='cuda:0')), ('bn1.weight', tensor([0.7533, 0.7647, 0.8500, 0.9319, 0.8412, 0.7404, 0.7989, 0.9013],
       device='cuda:0')), ('bn1.bias', tensor([ 0.1951,  0.2397,  0.0985,  0.1445,  0.1415, -0.0433,  0.0837,  0.1615],
       device='cuda:0')), ('bn1.running_mean', tensor([-0.6871, -0.2255,  0.3911,  0.8559, -0.2948,  0.2633,  0.2772,  0.7305],
       device='cuda:0')), ('bn1.running_var', tensor([1.4838, 0.5937, 0.4201, 2.3003, 0.4045, 0.2530, 0.3691, 1.6422],
       device='cuda:0')), ('bn1.num_batches_tracked', tensor(47024, device='cuda:0')), ('conv2.bias', tensor([-3.9014e-06,  4.2688e-06,  2.9997e-06,  4.9066e-06,  3.4885e-07,
        -4.5529e-06,  1.6758e-06, -1.2060e-06, -2.9034e-06,  3.4179e-06,
        -1.1419e-06, -6.8403e-07,  2.9605e-06,  3.9587e-06, -3.5242e-06,
         1.0798e-06], device='cuda:0')), ('conv2.lin.weight', tensor([[ 0.2229, -0.0795,  0.2607, -0.1855,  0.0798, -0.0284, -0.2497, -0.1039],
        [-0.2363,  0.4264, -0.1539,  0.2663,  0.1732,  0.2049, -0.1200,  0.1576],
        [ 0.1866,  0.1764,  0.2443, -0.0404,  0.2074,  0.1303,  0.0243,  0.2941],
        [-0.1074,  0.1932, -0.0482, -0.0773,  0.0067, -0.0578,  0.3481, -0.1578],
        [ 0.1675, -0.3364, -0.1992, -0.0134,  0.0981, -0.1424, -0.1029, -0.2754],
        [ 0.0430, -0.2671,  0.1738, -0.4606, -0.1144,  0.2124,  0.0135, -0.1076],
        [-0.1360,  0.0064, -0.2848, -0.0607,  0.1768,  0.1848, -0.1801, -0.1965],
        [ 0.0722, -0.2256,  0.0678,  0.2279, -0.0398, -0.2089, -0.3826, -0.4079],
        [ 0.2497, -0.3361,  0.2277, -0.4291,  0.2731,  0.2421,  0.1301, -0.0267],
        [ 0.0578, -0.1171,  0.2558, -0.4894, -0.0288,  0.1165,  0.1800,  0.0923],
        [ 0.2460,  0.1013, -0.0701,  0.3495, -0.3842, -0.0193, -0.3561, -0.0643],
        [ 0.3630, -0.2315, -0.2884,  0.1433, -0.0205,  0.0042,  0.2163, -0.3529],
        [ 0.2311,  0.0609, -0.2332, -0.1330,  0.1911,  0.0145, -0.1514, -0.1418],
        [-0.0251,  0.1680,  0.3680,  0.0638, -0.0734, -0.3053,  0.2092,  0.0284],
        [-0.2863,  0.1935, -0.2708,  0.4059, -0.0338,  0.1285,  0.1033, -0.2904],
        [ 0.2054, -0.2136,  0.0799, -0.0859, -0.1603, -0.2480,  0.1969, -0.1636]],
       device='cuda:0')), ('conv2.aggr.t', tensor([1.], device='cuda:0')), ('bn2.weight', tensor([0.6984, 0.7837, 0.7783, 0.6057, 0.7153, 0.7815, 0.7275, 0.7224, 0.7079,
        0.7550, 0.7701, 0.6995, 0.6917, 0.7337, 0.6897, 0.7479],
       device='cuda:0')), ('bn2.bias', tensor([-0.2033,  0.6771, -0.0832, -0.1439,  0.1136,  0.4254,  0.3671, -0.2254,
         0.4332, -0.5176,  0.1493, -0.1801, -0.1099,  0.2621, -0.2291,  0.6269],
       device='cuda:0')), ('bn2.running_mean', tensor([-0.0215,  0.2613,  0.4428,  0.0278, -0.2812, -0.2284, -0.1946, -0.2961,
         0.0764, -0.0081, -0.0451, -0.0704, -0.0490,  0.1861, -0.0328, -0.1305],
       device='cuda:0')), ('bn2.running_var', tensor([0.1258, 0.2000, 0.1644, 0.0678, 0.2319, 0.2258, 0.1605, 0.2414, 0.2657,
        0.1966, 0.1857, 0.1660, 0.2154, 0.1384, 0.1582, 0.0892],
       device='cuda:0')), ('bn2.num_batches_tracked', tensor(47024, device='cuda:0')), ('conv3.bias', tensor([ 2.3339e-06, -1.2005e-06,  4.7517e-07,  2.5612e-06,  1.9307e-06,
        -4.8615e-07,  1.5004e-07, -2.2152e-06, -1.2984e-06,  1.4482e-06,
        -4.5578e-08,  4.1445e-08,  8.9657e-07,  1.0344e-06, -3.2031e-06,
        -3.6211e-07, -3.1602e-06, -4.5947e-07,  4.9578e-06,  4.8952e-06,
        -4.0675e-06,  5.3899e-07,  3.2983e-07,  1.6987e-06,  1.0397e-06,
        -1.0533e-06, -1.8202e-07,  1.0120e-06,  8.4534e-07,  1.3407e-06,
         3.8833e-07,  2.3474e-07], device='cuda:0')), ('conv3.lin.weight', tensor([[ 1.4078e-01, -1.8657e-03, -1.4189e-01, -2.0222e-01, -1.3106e-01,
          1.8981e-01, -1.2135e-01, -4.9743e-02, -2.1580e-02, -2.0236e-01,
         -9.2725e-02, -1.0055e-01,  2.8101e-02, -8.5602e-03,  1.1249e-01,
         -7.6055e-03],
        [-5.9371e-03, -8.0327e-02, -1.2624e-01, -1.0677e-01, -1.2396e-01,
         -2.0646e-01,  2.0051e-01,  7.6812e-02, -1.1940e-02,  2.0941e-01,
          7.4334e-02, -1.5852e-01, -2.0142e-01, -4.8256e-02, -4.8102e-02,
          1.1802e-01],
        [ 1.0392e-01,  5.5368e-02, -8.1566e-02, -1.4429e-01,  2.4290e-02,
         -8.9731e-02, -1.1433e-01, -1.6446e-01,  1.8915e-01,  2.7142e-02,
         -2.9129e-02,  1.0350e-01,  1.0290e-01,  1.3115e-01,  7.2634e-02,
          5.4755e-02],
        [ 4.9679e-04,  1.0617e-01, -7.2067e-02,  1.7324e-02, -1.7007e-01,
          1.5826e-01, -1.4803e-02,  1.1016e-01, -3.3143e-02, -1.7892e-02,
         -1.3316e-01, -2.1428e-01, -2.8103e-02, -1.4512e-01,  1.3894e-01,
          1.9760e-01],
        [ 1.0994e-01,  2.4703e-01, -1.8491e-01, -1.1620e-01, -2.9296e-02,
         -2.9164e-02,  5.9356e-02, -1.9289e-01,  2.9616e-02,  1.6027e-01,
          1.4742e-01, -1.7321e-01,  2.1057e-02,  5.9425e-02,  1.8650e-01,
          2.6303e-01],
        [-1.7584e-01,  2.2509e-01,  4.5397e-02,  5.5281e-02, -2.3773e-02,
          2.0657e-01,  1.7799e-01,  1.4383e-02,  1.9148e-01, -1.6556e-01,
          1.8874e-01,  7.4746e-02, -1.1112e-01,  5.8073e-02, -1.8289e-01,
          1.6238e-01],
        [ 7.9822e-02,  1.5716e-01, -9.5040e-03, -6.3936e-03, -1.2236e-01,
          2.4894e-01, -1.8525e-01,  7.7851e-02, -1.0624e-01,  1.2139e-01,
          7.1436e-02,  6.6681e-02,  1.5754e-01,  6.8710e-02,  1.2622e-01,
          5.7930e-02],
        [ 1.4307e-02,  2.2511e-01, -1.7411e-01, -1.5600e-02, -1.7348e-01,
          9.0746e-02,  2.1094e-01, -2.0906e-02,  6.9475e-02,  1.7370e-02,
          1.2813e-02, -9.6718e-02, -3.0791e-02,  1.2398e-01,  2.1266e-02,
          1.4276e-01],
        [-1.4989e-01, -1.8252e-02, -1.0525e-01,  2.1555e-02,  1.1425e-01,
         -6.6887e-02, -2.0778e-01,  7.9769e-02,  1.7967e-01, -5.8409e-02,
          2.1329e-02,  6.2375e-02, -5.9901e-04,  1.0234e-01, -1.0130e-01,
         -2.0835e-01],
        [-1.3834e-01,  1.4713e-01,  1.9624e-01, -1.3094e-01, -2.0066e-01,
          1.7844e-01,  5.3185e-03,  3.2769e-01, -2.4761e-01,  1.4014e-01,
         -2.3998e-01,  1.6754e-01,  2.1606e-01, -3.9756e-02, -1.2736e-01,
         -7.2989e-03],
        [ 1.2030e-01, -2.1834e-02, -9.6154e-02, -5.6634e-02, -4.4068e-02,
         -4.3524e-02,  1.7665e-01, -2.2752e-01, -2.3499e-01,  8.0983e-02,
         -4.7622e-02,  6.7616e-02, -2.2534e-01, -1.6695e-01, -1.4468e-02,
          6.9721e-02],
        [ 7.4836e-03,  2.0241e-01, -2.2641e-01,  5.9348e-02, -1.1967e-01,
         -1.3847e-01, -2.8670e-02,  5.9153e-02,  2.9454e-02,  1.3031e-01,
         -1.7986e-02, -3.7353e-02,  1.5272e-01,  1.6615e-01, -1.0942e-01,
          6.3156e-02],
        [-1.3804e-01, -2.2291e-01, -2.1219e-01, -1.3825e-03, -4.8080e-02,
         -8.9399e-02, -5.7627e-02,  1.3387e-01,  2.6313e-02, -4.6954e-02,
         -1.5276e-01, -1.6006e-01,  9.0318e-02,  1.0322e-01, -2.4416e-02,
         -1.7885e-01],
        [ 3.0596e-02,  1.7905e-01,  2.1242e-01,  1.7284e-01,  1.0030e-01,
         -1.2755e-01,  1.1711e-01,  2.1306e-01,  6.3811e-02,  1.6566e-01,
          1.1670e-01,  6.0436e-03, -1.6525e-01, -7.1150e-02, -9.3603e-02,
         -3.3373e-02],
        [-6.4795e-02, -1.0342e-01,  2.1905e-01,  4.6311e-03, -1.0570e-01,
         -2.0662e-02, -4.6479e-02, -3.7692e-03, -2.1495e-01,  1.8744e-01,
          6.2367e-02,  4.4910e-02,  1.5831e-01, -4.7651e-02,  6.3473e-02,
          9.5388e-02],
        [ 3.8165e-02, -2.0999e-01, -1.3122e-02,  2.5706e-02,  1.0335e-01,
          1.4338e-01, -6.0482e-02, -2.5654e-01, -4.1772e-02,  5.7738e-02,
          1.7227e-01,  3.7073e-02, -1.0555e-01, -3.0432e-02,  1.0959e-01,
         -1.1116e-01],
        [-2.0268e-01,  1.6784e-01,  2.8472e-02,  4.3147e-02,  1.0916e-01,
          7.8648e-02,  3.2586e-02,  3.8807e-02,  1.2771e-01, -1.0168e-01,
          9.6729e-02, -1.3647e-01, -1.2884e-01, -4.1165e-02, -8.1439e-02,
          1.3824e-01],
        [-3.8023e-02,  1.5324e-02, -4.9540e-02, -1.5978e-01,  8.4412e-02,
         -4.6396e-02,  1.0462e-01,  1.8083e-02,  1.3656e-01, -1.8231e-01,
         -2.5805e-01, -3.6620e-02,  1.6825e-01,  2.6430e-01,  3.8677e-02,
         -1.3515e-01],
        [-1.0956e-01,  3.0022e-01,  3.0925e-02, -6.9994e-02,  2.2230e-01,
          2.3455e-01,  1.1904e-01, -1.6729e-01,  3.8518e-02, -1.6776e-01,
          1.8195e-04,  4.8916e-02,  3.2857e-02,  2.3076e-01, -1.2544e-01,
          7.9859e-02],
        [-3.8233e-02,  1.5577e-01,  6.4390e-02,  7.3852e-02,  5.9086e-02,
          2.4139e-01, -1.9956e-01,  7.8619e-02, -2.1042e-02, -1.3805e-01,
          7.0833e-02, -1.2213e-01,  4.6406e-03, -1.7172e-01, -1.4343e-01,
          1.8565e-01],
        [-1.5345e-01,  2.0381e-01,  1.0080e-01, -9.6241e-02,  8.0196e-02,
          1.7693e-01,  1.0110e-01, -4.9215e-02,  1.4122e-01, -1.3474e-01,
          2.4933e-02,  9.5194e-02,  1.1370e-01,  2.1225e-01, -3.8639e-02,
          1.8603e-01],
        [-1.2539e-01, -6.3640e-02, -1.3311e-01,  1.2752e-01,  2.3457e-01,
          1.8565e-02, -1.0203e-01,  1.5651e-02,  1.2956e-01, -2.9072e-02,
          7.9704e-02, -1.2140e-01,  1.5117e-01,  1.4464e-01,  3.3840e-02,
         -1.4974e-01],
        [-3.6710e-02,  2.0487e-01, -1.1972e-01, -1.8215e-02, -9.0948e-02,
          1.4992e-01,  1.3825e-01, -2.1159e-04,  1.5712e-01, -2.2682e-01,
         -2.5794e-02, -2.1223e-01, -1.0332e-01, -2.5348e-02,  6.6018e-03,
          2.5072e-01],
        [-1.0722e-01,  5.7541e-02, -1.5338e-02, -3.5599e-02,  1.3024e-01,
          1.7545e-01, -2.2063e-01, -1.3850e-02, -1.1128e-01,  9.9308e-02,
         -3.6664e-02,  3.9898e-02,  2.8705e-02, -1.7551e-01,  9.5739e-02,
         -9.5003e-02],
        [-9.4801e-02,  6.3606e-02,  2.2325e-01, -1.6142e-01,  1.2914e-01,
          1.2672e-01,  1.5531e-01,  1.1338e-01, -1.2466e-01, -1.4868e-02,
         -1.6587e-01,  8.9933e-02, -1.7094e-01,  8.1921e-02,  1.4056e-01,
          1.2694e-01],
        [ 4.0563e-02,  8.8218e-02, -1.5180e-01,  1.9012e-01, -4.9312e-03,
         -2.0106e-02, -2.4227e-01,  1.5735e-02,  7.3970e-02,  1.3955e-01,
          3.1164e-02, -5.9802e-02, -5.8690e-02, -1.6270e-01,  1.3807e-01,
          7.2894e-04],
        [-8.5227e-02,  7.4748e-02,  6.5276e-02,  1.2466e-01,  1.2415e-01,
          9.9917e-02,  7.0138e-02, -1.0131e-01, -2.7069e-01,  1.7406e-01,
          1.6542e-01,  9.8354e-02,  3.2431e-02,  4.3573e-02, -1.7066e-01,
         -3.0168e-02],
        [ 1.0382e-01, -1.1279e-01,  5.3135e-02,  2.7563e-03,  4.7355e-02,
          2.4323e-02,  4.4618e-02, -2.2075e-02, -2.3338e-01,  2.2252e-01,
         -7.1222e-02,  4.0785e-02, -3.0738e-02,  5.9796e-02,  1.4345e-01,
         -2.2516e-01],
        [ 1.2797e-01,  1.4613e-01, -8.8089e-02, -3.6325e-02,  8.4422e-03,
         -9.2496e-02,  2.1292e-01, -3.2670e-01,  8.2813e-02, -1.5020e-01,
          6.4102e-02, -7.3381e-02, -1.6684e-02,  8.9057e-02, -1.3107e-01,
          2.4928e-01],
        [-1.2574e-01,  3.2430e-02,  1.5743e-01,  2.4006e-02,  2.0592e-01,
          5.9557e-02,  4.7856e-02, -7.6368e-02,  8.8942e-02, -1.0655e-01,
         -1.1635e-02,  3.3317e-03, -4.3878e-02,  4.1977e-03, -1.4456e-01,
         -3.2070e-02],
        [ 8.5253e-02,  3.1578e-02,  1.4552e-01,  4.7193e-02, -1.7782e-01,
         -1.5258e-01,  3.3417e-02,  1.8283e-01,  1.2251e-01,  5.2463e-02,
         -2.2513e-02,  1.2222e-01,  4.7735e-02, -1.0154e-01,  9.1131e-02,
          5.3026e-03],
        [-1.2111e-01,  1.2252e-01, -6.0507e-02, -3.3973e-02, -1.4614e-01,
          1.0657e-01, -1.3580e-02,  1.5388e-01,  1.3360e-01,  6.6955e-02,
          2.0044e-01,  1.4985e-01,  2.0297e-02,  6.5470e-02, -2.8322e-02,
          4.1844e-02]], device='cuda:0')), ('bn3.weight', tensor([1., 1., 1., 1., 1., 1., 1., 1., 1., 1., 1., 1., 1., 1., 1., 1., 1., 1.,
        1., 1., 1., 1., 1., 1., 1., 1., 1., 1., 1., 1., 1., 1.],
       device='cuda:0')), ('bn3.bias', tensor([0., 0., 0., 0., 0., 0., 0., 0., 0., 0., 0., 0., 0., 0., 0., 0., 0., 0., 0., 0., 0., 0., 0., 0.,
        0., 0., 0., 0., 0., 0., 0., 0.], device='cuda:0')), ('bn3.running_mean', tensor([0., 0., 0., 0., 0., 0., 0., 0., 0., 0., 0., 0., 0., 0., 0., 0., 0., 0., 0., 0., 0., 0., 0., 0.,
        0., 0., 0., 0., 0., 0., 0., 0.], device='cuda:0')), ('bn3.running_var', tensor([1., 1., 1., 1., 1., 1., 1., 1., 1., 1., 1., 1., 1., 1., 1., 1., 1., 1.,
        1., 1., 1., 1., 1., 1., 1., 1., 1., 1., 1., 1., 1., 1.],
       device='cuda:0')), ('bn3.num_batches_tracked', tensor(0, device='cuda:0'))])