OrderedDict([('conv1.bias', tensor([ 2.1268e-06, -9.0746e-07, -2.7852e-06, -2.5333e-06, -5.4955e-07,
         1.6783e-07, -6.8044e-06, -5.2056e-06], device='cuda:0')), ('conv1.lin.weight', tensor([[-9.5740e-02,  1.9362e-02, -1.5626e-01,  8.5263e-02,  2.0495e-02,
          1.2648e-01, -2.9974e-42, -1.4792e-20,  1.4728e-42, -2.3822e-43,
         -1.4839e-01],
        [ 2.1105e-01,  1.0936e-01,  1.7032e-02,  3.8997e-02,  8.7696e-02,
          2.0537e-01, -3.4280e-26, -2.4337e-09,  1.6746e-42, -3.1431e-42,
         -1.2727e-01],
        [-3.2405e-02,  1.3028e-01, -7.2402e-02,  2.9579e-02, -3.4368e-03,
          3.7692e-04,  9.2626e-43,  5.1408e-36,  2.8825e-42,  2.6513e-42,
          8.9368e-02],
        [-2.4080e-02,  1.7582e-01, -1.2981e-01,  3.0205e-02, -5.3807e-03,
          4.6965e-03, -3.6756e-42, -1.2936e-16, -8.2536e-43,  1.7427e-09,
          4.5603e-02],
        [ 7.0001e-02, -5.2758e-02,  3.6463e-02, -7.9324e-02,  5.4865e-02,
          1.5199e-01,  1.6626e-20,  3.5079e-22, -3.3911e-43, -1.3985e-42,
         -5.7496e-02],
        [ 1.8073e-01,  9.4838e-02, -1.4108e-01,  5.7402e-02,  1.1559e-01,
          2.0875e-01,  1.8105e-42, -5.8112e-42, -6.3899e-43,  4.4648e-09,
         -1.2306e-01],
        [-1.0701e-01, -9.5293e-02,  2.6622e-02, -4.4613e-02, -1.2096e-02,
         -6.7262e-02,  1.8217e-43,  3.1501e-42, -1.8413e-42,  3.1838e-42,
         -3.1816e-02],
        [-1.7165e-01, -3.1814e-01,  1.4789e-01, -8.2336e-02, -1.1507e-04,
          3.0311e-01,  4.1712e-09, -5.3950e-43,  2.4495e-42, -7.1494e-09,
         -1.5408e-01]], device='cuda:0')), ('conv1.aggr.t', tensor([1.], device='cuda:0')), ('bn1.weight', tensor([0.6442, 0.7067, 0.6335, 0.6552, 0.6372, 0.8352, 0.6719, 0.8123],
       device='cuda:0')), ('bn1.bias', tensor([-0.0030,  0.1295, -0.0531,  0.0080, -0.0147,  0.1065,  0.0222,  0.1119],
       device='cuda:0')), ('bn1.running_mean', tensor([ 0.2776,  0.6885,  0.0776,  0.0853,  0.4408,  0.6782, -0.2994,  0.6675],
       device='cuda:0')), ('bn1.running_var', tensor([0.0482, 0.0998, 0.0071, 0.0068, 0.0509, 0.1035, 0.0156, 0.2313],
       device='cuda:0')), ('bn1.num_batches_tracked', tensor(47024, device='cuda:0')), ('conv2.bias', tensor([-5.6267e-06,  3.7588e-06, -1.8264e-06, -1.5121e-06, -8.8559e-07,
         1.7052e-06,  1.7354e-06,  1.5709e-07,  7.4934e-06,  2.3791e-06,
        -4.9852e-06, -3.4489e-06, -2.3445e-06, -6.5062e-09, -2.6275e-06,
        -4.5223e-06], device='cuda:0')), ('conv2.lin.weight', tensor([[-0.1050, -0.0935, -0.1361, -0.1835, -0.1773, -0.1764, -0.1913, -0.1191],
        [ 0.0205, -0.0754, -0.0599,  0.0921,  0.1377,  0.0825,  0.3296,  0.0674],
        [ 0.0330,  0.1003,  0.1688, -0.1878,  0.1644,  0.3176,  0.0443,  0.1544],
        [ 0.1929,  0.1019, -0.1908, -0.0824,  0.0791, -0.1398, -0.1641,  0.2818],
        [-0.0914, -0.2471,  0.0394,  0.1615,  0.2982, -0.2034,  0.1050, -0.2771],
        [ 0.0921, -0.0717,  0.2107, -0.2425,  0.0609, -0.0618,  0.1890,  0.2901],
        [ 0.0911,  0.2748,  0.0620, -0.1733,  0.0007,  0.4060,  0.3046,  0.1748],
        [ 0.1869, -0.2047, -0.0674,  0.2168, -0.2927, -0.2706,  0.1990,  0.2987],
        [-0.0092, -0.1288,  0.0798, -0.2160,  0.1352, -0.3546, -0.1504,  0.3980],
        [-0.0140, -0.1439, -0.2081, -0.0368, -0.0323, -0.3661, -0.1925,  0.4101],
        [ 0.0737, -0.2879, -0.0016,  0.1743,  0.0713, -0.2203, -0.2302, -0.3519],
        [ 0.1069,  0.3117,  0.1910, -0.0913, -0.0255,  0.1574,  0.0685, -0.0389],
        [-0.2797,  0.2868, -0.2352, -0.0597,  0.1267, -0.0049, -0.2830,  0.3490],
        [-0.1054, -0.1441, -0.0841, -0.0082, -0.2932,  0.2727, -0.1066,  0.1289],
        [-0.1783,  0.0874, -0.0856, -0.0308, -0.1508, -0.3155, -0.1935,  0.3567],
        [-0.0702, -0.1164,  0.3424,  0.0623,  0.0769, -0.2823,  0.0854, -0.0543]],
       device='cuda:0')), ('conv2.aggr.t', tensor([1.], device='cuda:0')), ('bn2.weight', tensor([0.5885, 0.6103, 0.7162, 0.6575, 0.7108, 0.7040, 0.7382, 0.6417, 0.7329,
        0.6800, 0.6995, 0.6084, 0.6757, 0.5783, 0.6512, 0.6682],
       device='cuda:0')), ('bn2.bias', tensor([ 0.0058, -0.0100,  0.5251,  0.0509,  0.1234,  0.2390, -0.6526, -0.1621,
        -0.7111,  0.5956, -0.2708,  0.1524, -0.2227, -0.0562,  0.1351,  0.0221],
       device='cuda:0')), ('bn2.running_mean', tensor([-0.3582,  0.1693,  0.2821,  0.0540, -0.1509,  0.1329,  0.4098, -0.0088,
        -0.0845, -0.1650, -0.3113,  0.2251,  0.0602, -0.0447, -0.1234, -0.0632],
       device='cuda:0')), ('bn2.running_var', tensor([0.0991, 0.0279, 0.1243, 0.0837, 0.1126, 0.0545, 0.1870, 0.0900, 0.0877,
        0.0952, 0.1431, 0.0665, 0.1333, 0.0372, 0.0701, 0.0830],
       device='cuda:0')), ('bn2.num_batches_tracked', tensor(47024, device='cuda:0')), ('conv3.bias', tensor([-2.2657e-06,  1.5504e-06,  1.2681e-06, -2.6797e-06, -6.3436e-07,
         1.9623e-06,  2.2018e-06,  8.6994e-07, -1.5580e-06,  1.1726e-06,
        -6.9210e-07,  2.2725e-07, -7.3912e-07,  4.1080e-06,  5.0009e-06,
        -1.5369e-06, -1.6998e-06,  8.9774e-07, -9.2422e-08,  3.9715e-07,
         5.4578e-07, -6.6088e-07, -1.5000e-06, -4.6406e-07,  4.2300e-08,
         2.2080e-07,  4.7623e-07, -3.1771e-06,  1.6109e-06,  1.9021e-06,
         2.8227e-06,  1.4335e-07], device='cuda:0')), ('conv3.lin.weight', tensor([[ 0.1193, -0.0358,  0.1533,  0.0955, -0.1223,  0.0354,  0.1430,  0.1046,
          0.0142,  0.0142,  0.2030,  0.0224, -0.1148, -0.0516,  0.0486,  0.0706],
        [-0.0991,  0.1034,  0.0084, -0.1030, -0.1567, -0.2393,  0.1114,  0.0123,
          0.2393, -0.2249,  0.0962, -0.0883, -0.0047,  0.0886,  0.2091,  0.0748],
        [ 0.0077, -0.0692, -0.0164,  0.0396,  0.0702,  0.1189, -0.1276, -0.1751,
         -0.2417,  0.1925, -0.1161,  0.0731, -0.1276,  0.0964,  0.1723,  0.0206],
        [ 0.0943, -0.0501, -0.1718, -0.0691,  0.0462,  0.1147,  0.0458,  0.1050,
          0.1403, -0.1923, -0.0767,  0.0187, -0.0328,  0.0105, -0.1288, -0.1811],
        [-0.0930,  0.0770, -0.0461,  0.0765,  0.0991,  0.0637, -0.2413, -0.2140,
         -0.2614,  0.2048, -0.2001,  0.0274, -0.0619,  0.0657,  0.0776, -0.0413],
        [ 0.0299, -0.1484, -0.0705,  0.1074, -0.1711, -0.0033,  0.1953,  0.1281,
         -0.0901, -0.2423, -0.0583, -0.1936, -0.0145, -0.0023,  0.0097,  0.1927],
        [-0.0560,  0.0688,  0.1939, -0.0834,  0.0769, -0.0857, -0.1581, -0.0616,
         -0.0166,  0.1046, -0.1475,  0.0348,  0.0801,  0.0593,  0.0413,  0.0706],
        [-0.0789,  0.0494, -0.1497,  0.0931, -0.0977, -0.1727,  0.1134,  0.0376,
          0.2961, -0.2462,  0.1299, -0.0168,  0.1495,  0.0939, -0.0795,  0.1392],
        [ 0.0847,  0.0094, -0.0303, -0.0824,  0.0901,  0.1262,  0.0079,  0.1363,
         -0.1675, -0.0402, -0.0436,  0.0599,  0.0402, -0.0127, -0.0112, -0.1430],
        [ 0.0123,  0.0578, -0.2099, -0.0738,  0.1329, -0.0513,  0.2441, -0.0235,
          0.1583, -0.0061,  0.0197, -0.0006,  0.1910,  0.2089, -0.1396,  0.0506],
        [ 0.2146, -0.0793, -0.0720, -0.1566, -0.0807,  0.0637,  0.0682,  0.0584,
          0.0057,  0.1353, -0.1687,  0.0155,  0.0495, -0.0544, -0.1245, -0.0229],
        [-0.0800,  0.0653, -0.1407,  0.0234, -0.0573, -0.0612,  0.0084,  0.0166,
         -0.0414, -0.1867, -0.0694,  0.0580, -0.0163,  0.1078,  0.1575,  0.1379],
        [ 0.1099,  0.0484, -0.0454,  0.1531,  0.0979,  0.1286,  0.0853, -0.2095,
         -0.0015, -0.0390, -0.0860, -0.1543, -0.1032,  0.0360, -0.0425,  0.0373],
        [ 0.0398,  0.0349,  0.0316,  0.0687,  0.1492, -0.0756, -0.1172,  0.0902,
          0.0706,  0.0031, -0.1275,  0.1047,  0.0222, -0.1712, -0.1550, -0.0964],
        [-0.0824, -0.0787,  0.1199,  0.1574,  0.0275, -0.1086,  0.0876,  0.0729,
          0.0705,  0.0620,  0.1418,  0.0884, -0.1050,  0.1120, -0.1603,  0.1356],
        [-0.0497, -0.0183,  0.2981, -0.0161, -0.1491, -0.0882, -0.1905,  0.0734,
         -0.1128,  0.0900,  0.1091, -0.0868, -0.1025, -0.0975, -0.0501, -0.0503],
        [ 0.0265, -0.0240,  0.2726,  0.0703,  0.1799,  0.0550, -0.1629,  0.1147,
         -0.1802, -0.1465,  0.0460, -0.0468,  0.0740, -0.0636,  0.1541,  0.0445],
        [-0.0919,  0.1218,  0.1813,  0.0453,  0.0474,  0.0607, -0.1840, -0.1469,
         -0.0739,  0.1173, -0.0027,  0.1313, -0.1381,  0.0621,  0.1361,  0.0597],
        [ 0.1294,  0.0231,  0.0235,  0.1073,  0.1376, -0.0574,  0.0564, -0.0863,
         -0.0196, -0.1051, -0.1567,  0.1138,  0.0038, -0.0119,  0.0603,  0.1830],
        [ 0.0216, -0.0147,  0.0918, -0.0313,  0.0108,  0.0750, -0.1194,  0.1241,
          0.1485, -0.1419,  0.0302, -0.0621,  0.0857,  0.0759, -0.1198,  0.0592],
        [-0.0357,  0.1289,  0.1789, -0.2313, -0.0977,  0.1505, -0.1699,  0.1752,
         -0.1646, -0.1122,  0.0355, -0.1181,  0.1338, -0.1714,  0.1730, -0.1531],
        [ 0.0537, -0.0081,  0.1023, -0.0331,  0.1224,  0.1164,  0.0338,  0.0162,
          0.0847, -0.1604,  0.1016, -0.0166,  0.1444,  0.1570, -0.0332,  0.1252],
        [ 0.0680,  0.0801,  0.1789,  0.0660,  0.0809,  0.0229, -0.0720,  0.1022,
         -0.1561,  0.1020, -0.0311,  0.1680, -0.1659,  0.0640,  0.0445,  0.0458],
        [-0.0215,  0.1287, -0.1893,  0.0641,  0.0029, -0.1313,  0.1209, -0.0721,
          0.0531,  0.0600,  0.0054, -0.1147,  0.0383,  0.0011, -0.0904,  0.0120],
        [ 0.0542,  0.0316, -0.0608, -0.1700, -0.0610,  0.0167,  0.2159, -0.0949,
          0.1458, -0.1934,  0.0922, -0.1121, -0.0777, -0.1882,  0.1875, -0.0862],
        [-0.0949,  0.1292, -0.1477, -0.1412,  0.1064, -0.0859,  0.0666,  0.0044,
          0.2551, -0.0636, -0.0415,  0.1466,  0.1138, -0.0128, -0.0151, -0.1091],
        [ 0.0007,  0.1566,  0.1736,  0.0399,  0.0126, -0.0867,  0.0374,  0.1581,
          0.1269, -0.0439,  0.1628, -0.0131, -0.0203,  0.0457, -0.0116, -0.0153],
        [-0.0591,  0.0339, -0.1663,  0.1873,  0.1312, -0.1491,  0.2578,  0.0861,
          0.2130, -0.2307,  0.1698,  0.1078, -0.0922,  0.0103,  0.1365, -0.1219],
        [ 0.0142,  0.1173, -0.1628, -0.1415, -0.1464,  0.1322, -0.1286,  0.1236,
         -0.0230, -0.1752,  0.0390,  0.1148,  0.1297, -0.1853,  0.1457, -0.1106],
        [-0.0358,  0.0226, -0.0528, -0.1326,  0.0076, -0.0884,  0.0727,  0.0009,
          0.0268,  0.1046, -0.0750, -0.1366,  0.0593, -0.0143, -0.0873,  0.1111],
        [-0.0592, -0.0008,  0.0175,  0.0266,  0.0491, -0.0111, -0.1516,  0.1295,
         -0.1379,  0.1976, -0.1126,  0.0985, -0.0043,  0.0263, -0.0108,  0.0114],
        [-0.0759, -0.1604, -0.0029,  0.0830,  0.1313,  0.0208,  0.1330,  0.0631,
          0.0274, -0.0514,  0.0323, -0.1671,  0.0415,  0.0627, -0.1342, -0.1744]],
       device='cuda:0')), ('bn3.weight', tensor([1., 1., 1., 1., 1., 1., 1., 1., 1., 1., 1., 1., 1., 1., 1., 1., 1., 1.,
        1., 1., 1., 1., 1., 1., 1., 1., 1., 1., 1., 1., 1., 1.],
       device='cuda:0')), ('bn3.bias', tensor([0., 0., 0., 0., 0., 0., 0., 0., 0., 0., 0., 0., 0., 0., 0., 0., 0., 0., 0., 0., 0., 0., 0., 0.,
        0., 0., 0., 0., 0., 0., 0., 0.], device='cuda:0')), ('bn3.running_mean', tensor([0., 0., 0., 0., 0., 0., 0., 0., 0., 0., 0., 0., 0., 0., 0., 0., 0., 0., 0., 0., 0., 0., 0., 0.,
        0., 0., 0., 0., 0., 0., 0., 0.], device='cuda:0')), ('bn3.running_var', tensor([1., 1., 1., 1., 1., 1., 1., 1., 1., 1., 1., 1., 1., 1., 1., 1., 1., 1.,
        1., 1., 1., 1., 1., 1., 1., 1., 1., 1., 1., 1., 1., 1.],
       device='cuda:0')), ('bn3.num_batches_tracked', tensor(0, device='cuda:0'))])