OrderedDict([('conv1.bias', tensor([ 3.1413e-07, -1.0218e-06, -1.3053e-06, -1.9211e-06,  2.7147e-07,
        -3.3169e-06, -2.0894e-06, -6.9132e-07], device='cuda:0')), ('conv1.lin.weight', tensor([[ 1.8776e-01,  6.6615e-02,  7.3674e-03,  2.8984e-02,  1.5644e-03,
         -2.7032e-01, -1.5793e-42, -1.1156e-13,  5.7663e-42,  5.6173e-08,
         -1.0515e-01],
        [ 3.6967e-02, -9.2795e-02,  3.9225e-02, -2.3924e-02,  4.9323e-03,
          5.3040e-02, -5.6241e-21, -4.1156e-42, -4.6509e-42,  2.1426e-42,
         -1.7032e-01],
        [-1.9618e-01,  9.5570e-02,  2.3273e-02,  1.0092e-01,  6.4163e-04,
          6.8801e-02,  1.7670e-42, -1.2219e-42, -4.2861e-12, -2.5504e-43,
         -2.9323e-02],
        [ 4.9631e-02, -1.6309e-02,  2.2311e-02,  3.5516e-02,  2.5067e-03,
         -2.0037e-01, -7.0079e-42, -3.3463e-42, -4.5320e-27,  4.8569e-42,
         -5.9037e-02],
        [ 1.0862e-01,  1.0573e-01, -5.8713e-02, -6.5804e-02, -3.8882e-03,
         -2.1175e-03, -6.8160e-07,  1.1168e-42, -2.7465e-43, -3.1781e-42,
          9.2261e-02],
        [ 1.4665e-01,  2.4663e-01, -8.6238e-02, -7.6084e-02, -7.9925e-04,
         -2.6791e-02,  2.1972e-42,  2.4130e-42, -9.1785e-43,  2.8853e-42,
         -3.1258e-01],
        [-1.4293e-01,  2.6785e-01,  2.4324e-01,  1.4579e-01,  2.2932e-03,
         -6.6777e-03,  6.4922e-42, -5.5351e-43,  4.3218e-20,  1.4066e-41,
         -3.1016e-01],
        [-2.6132e-02, -9.6039e-02, -4.0951e-03, -1.6840e-02, -1.0158e-03,
          2.8488e-03,  2.4495e-42, -4.1591e-42,  1.0664e-42, -2.8713e-42,
          3.1432e-01]], device='cuda:0')), ('conv1.aggr.t', tensor([1.], device='cuda:0')), ('bn1.weight', tensor([0.6920, 0.8196, 0.7406, 0.6923, 0.7569, 0.6678, 0.7175, 0.7825],
       device='cuda:0')), ('bn1.bias', tensor([0.1748, 0.1536, 0.1056, 0.1765, 0.0767, 0.1390, 0.0412, 0.0583],
       device='cuda:0')), ('bn1.running_mean', tensor([-0.9912,  0.0769,  0.2060, -0.7877,  0.1327, -0.1450, -0.1512,  0.1573],
       device='cuda:0')), ('bn1.running_var', tensor([4.1354, 0.2471, 0.3569, 2.2330, 0.0571, 0.4028, 0.3883, 0.2880],
       device='cuda:0')), ('bn1.num_batches_tracked', tensor(47024, device='cuda:0')), ('conv2.bias', tensor([-1.4318e-06, -4.0254e-06,  1.3005e-06, -8.8084e-07, -1.7040e-06,
        -1.2566e-05,  6.2634e-07, -3.9741e-06, -1.9934e-07,  2.3929e-06,
        -2.3076e-06, -1.5996e-06, -1.7859e-06, -1.2942e-07,  2.0390e-06,
         5.5322e-06], device='cuda:0')), ('conv2.lin.weight', tensor([[-0.0055, -0.1451, -0.1332, -0.1755, -0.2061, -0.0630,  0.0044, -0.2728],
        [ 0.2321,  0.2542, -0.2100, -0.1413, -0.1013, -0.0078, -0.0551, -0.2303],
        [ 0.3412, -0.3648,  0.2122,  0.1180,  0.0205,  0.1543, -0.1367, -0.0172],
        [-0.1065, -0.3612, -0.0747,  0.0910,  0.1384, -0.2776, -0.1317, -0.2322],
        [-0.1281, -0.1408, -0.3539,  0.1833, -0.0870,  0.0354, -0.1292, -0.2387],
        [-0.1456,  0.0270, -0.1112, -0.1372, -0.1778, -0.2143, -0.0016,  0.0208],
        [-0.1927,  0.1395, -0.0485, -0.2202,  0.2772,  0.2149,  0.2165, -0.1035],
        [ 0.2295, -0.0936, -0.1780, -0.0881,  0.0181, -0.2774, -0.0670, -0.1559],
        [ 0.1703,  0.1749,  0.2349, -0.0749,  0.2544,  0.0719, -0.1427,  0.1714],
        [ 0.0893, -0.2105, -0.1141,  0.2224, -0.1237, -0.0110, -0.2692,  0.0679],
        [-0.1185, -0.2570,  0.1183, -0.2307,  0.1273,  0.0258,  0.1318,  0.3360],
        [ 0.1111, -0.3256, -0.1335,  0.1105,  0.2960,  0.0874,  0.0655,  0.0930],
        [-0.2499,  0.2107, -0.1163, -0.0712,  0.2556, -0.0125, -0.1200,  0.0770],
        [-0.0802,  0.1149, -0.0445, -0.2250,  0.0463, -0.0116, -0.0240,  0.2766],
        [-0.1178, -0.2189, -0.1399, -0.1408, -0.1787,  0.0486, -0.1507, -0.1177],
        [-0.1232,  0.0328,  0.0733,  0.0114,  0.1009,  0.1804,  0.3282,  0.0487]],
       device='cuda:0')), ('conv2.aggr.t', tensor([1.], device='cuda:0')), ('bn2.weight', tensor([0.6740, 0.6481, 0.6886, 0.6658, 0.7389, 0.6086, 0.6747, 0.7332, 0.6651,
        0.6808, 0.5899, 0.5240, 0.4753, 0.6991, 0.7304, 0.6838],
       device='cuda:0')), ('bn2.bias', tensor([-0.3937, -0.1798, -0.0697, -0.2104, -0.5515,  0.0419,  0.5270,  0.2177,
        -0.3890,  0.4461, -0.0621, -0.1424,  0.1094, -0.3742,  0.2354, -0.1761],
       device='cuda:0')), ('bn2.running_mean', tensor([-0.3033, -0.0491,  0.1254, -0.2796, -0.2382, -0.2449,  0.0642, -0.1671,
         0.2704, -0.0833, -0.0147,  0.0932, -0.0169, -0.0142, -0.3162,  0.1740],
       device='cuda:0')), ('bn2.running_var', tensor([0.0945, 0.0749, 0.0838, 0.0986, 0.1308, 0.0330, 0.0696, 0.0506, 0.1081,
        0.0819, 0.1171, 0.1663, 0.0654, 0.0622, 0.0644, 0.0392],
       device='cuda:0')), ('bn2.num_batches_tracked', tensor(47024, device='cuda:0')), ('conv3.bias', tensor([-3.1432e-06,  1.0253e-06,  7.8063e-07,  1.7461e-06, -6.5441e-07,
        -2.3537e-07, -1.5553e-06,  3.2795e-06,  6.4852e-07, -2.7460e-06,
         2.6960e-06,  3.4418e-07, -3.6696e-06,  3.3322e-07, -2.9497e-06,
        -1.5896e-06, -3.8448e-06, -1.4414e-06, -4.5264e-07, -2.8709e-06,
         2.4803e-06, -2.0472e-06,  8.6843e-08,  1.2754e-06, -8.8025e-07,
         7.6181e-07,  3.0053e-06, -3.6154e-06,  8.0237e-07,  3.8896e-06,
         3.3990e-06, -3.5518e-06], device='cuda:0')), ('conv3.lin.weight', tensor([[ 0.2546,  0.0052,  0.0659,  0.0283,  0.0366,  0.0502, -0.1641, -0.0917,
          0.1681,  0.0232, -0.0214,  0.1648, -0.0781,  0.0785, -0.1892,  0.0004],
        [ 0.0914,  0.0495, -0.1139, -0.0371,  0.1664, -0.0090, -0.2306,  0.1477,
          0.1054, -0.1138,  0.1465, -0.0107, -0.0623,  0.0611, -0.1785,  0.1396],
        [ 0.1339, -0.1432, -0.0950, -0.0193,  0.1624, -0.0841,  0.0671, -0.0195,
          0.0574, -0.2339, -0.1472,  0.1246,  0.0383,  0.1585,  0.0783, -0.1516],
        [ 0.2235,  0.0219,  0.1017,  0.0878, -0.1892,  0.0488,  0.2037, -0.1749,
          0.0974,  0.1786, -0.0792,  0.0206,  0.0827, -0.0519, -0.1611, -0.1263],
        [ 0.0784, -0.0164,  0.0224, -0.1917, -0.1770, -0.0857, -0.0839,  0.1830,
         -0.1361, -0.0194,  0.0614,  0.0196,  0.0375,  0.0540,  0.1251,  0.2357],
        [ 0.1218, -0.1432,  0.0971, -0.1366, -0.2119,  0.1568,  0.1236,  0.0332,
          0.0256, -0.0196, -0.0711, -0.0038,  0.1226, -0.2004,  0.0656, -0.1003],
        [ 0.1816, -0.0865,  0.1314,  0.1132,  0.1050,  0.2002,  0.0735,  0.0051,
          0.2841, -0.1504, -0.0333,  0.0707,  0.0950,  0.0504,  0.0795,  0.0264],
        [ 0.1454, -0.0104, -0.0859,  0.0303, -0.1938,  0.0032,  0.0971,  0.1800,
         -0.0872,  0.0638, -0.0427,  0.0550,  0.0066, -0.0313, -0.0964,  0.1597],
        [-0.2278, -0.2299, -0.0251,  0.0137, -0.0842,  0.1512,  0.1729,  0.1293,
         -0.0359,  0.0523, -0.0807, -0.0822,  0.0331, -0.1596,  0.1170, -0.0918],
        [ 0.1074,  0.1833,  0.0512,  0.0524,  0.1222, -0.1546, -0.1751, -0.1817,
          0.1804, -0.1509,  0.1075,  0.0828, -0.0835,  0.0469, -0.0125, -0.0786],
        [ 0.2360,  0.0693, -0.0653, -0.1082,  0.0388,  0.0513, -0.2031,  0.1856,
          0.0425,  0.0026,  0.1044,  0.1142,  0.0585,  0.0444, -0.2498,  0.2051],
        [ 0.1535,  0.0786,  0.1429,  0.0630,  0.1821, -0.0878,  0.0630, -0.2313,
          0.0547, -0.1861,  0.0984, -0.0312, -0.0630,  0.2458,  0.0589, -0.1320],
        [ 0.1120,  0.1437,  0.1215,  0.0786,  0.0927,  0.0697, -0.1819,  0.0676,
          0.1918, -0.2313,  0.1579, -0.0242,  0.0586,  0.0887,  0.1359,  0.2513],
        [-0.0878,  0.1299, -0.1126, -0.1509, -0.1659,  0.0178,  0.0737,  0.2217,
         -0.0829,  0.0476,  0.1682,  0.0712, -0.1174, -0.1030, -0.0218, -0.0826],
        [ 0.0297, -0.0146, -0.1380, -0.0963,  0.2569,  0.1238,  0.0261, -0.1991,
          0.1322,  0.1596, -0.0865,  0.1622, -0.0792,  0.0019, -0.0959,  0.0007],
        [-0.0922,  0.0779,  0.1247, -0.1042, -0.2468,  0.1368,  0.1021,  0.0741,
         -0.0868,  0.1917,  0.0458, -0.0848,  0.0288, -0.0783,  0.2049,  0.2034],
        [-0.0485,  0.0419, -0.1367,  0.3019, -0.0544,  0.0906, -0.1484, -0.1762,
         -0.0304, -0.0869, -0.0142,  0.1356, -0.1969,  0.0214, -0.1466,  0.0617],
        [-0.1827, -0.0501, -0.1602,  0.0159, -0.0539, -0.0373,  0.0406, -0.0139,
         -0.2391,  0.0728,  0.0611, -0.0154,  0.1295, -0.2600, -0.0438,  0.0388],
        [ 0.0215, -0.0510, -0.1282,  0.2556, -0.2099,  0.2012,  0.1431, -0.0887,
          0.0568,  0.0516,  0.0649,  0.0497, -0.1703, -0.2091, -0.0641, -0.0230],
        [ 0.2231,  0.0913,  0.0805,  0.0846,  0.0141,  0.0441, -0.1969, -0.0927,
         -0.0851, -0.0417,  0.0301, -0.0566,  0.0746,  0.0529, -0.1579,  0.1084],
        [ 0.1697,  0.1582, -0.0161,  0.0772, -0.1984, -0.0060,  0.0136,  0.0389,
         -0.0098, -0.0057, -0.0264,  0.0959, -0.0912,  0.0746, -0.0437, -0.0727],
        [-0.0470,  0.2692, -0.0053, -0.0512,  0.0338,  0.1446, -0.0258, -0.1472,
         -0.0327,  0.0291,  0.1372,  0.1222,  0.0025,  0.0795,  0.1398,  0.0952],
        [ 0.0512, -0.0897, -0.1558,  0.1061,  0.1269, -0.1263, -0.1396, -0.0152,
          0.0189, -0.0436, -0.1069, -0.0293, -0.0686, -0.0495, -0.1330,  0.1562],
        [-0.1438, -0.0177, -0.0882, -0.0412, -0.0693,  0.1698, -0.0300, -0.0737,
          0.0627,  0.0271, -0.0010,  0.0741,  0.1046, -0.1151,  0.1975, -0.0273],
        [-0.0173, -0.1057,  0.0598,  0.1104,  0.1467,  0.0892, -0.1194, -0.0811,
          0.1878, -0.2139,  0.0483, -0.1371, -0.0089,  0.0202,  0.2135,  0.0466],
        [ 0.1322, -0.0272, -0.0551, -0.1808, -0.2284, -0.0905,  0.0536, -0.0897,
         -0.1064,  0.2155,  0.0952, -0.0075, -0.0149, -0.1819, -0.1102, -0.1735],
        [ 0.0276, -0.0535, -0.0417,  0.0567,  0.1986, -0.0523, -0.1886,  0.0261,
         -0.0570, -0.0514, -0.0472,  0.0178,  0.1185,  0.0170, -0.0967,  0.0946],
        [-0.1605, -0.0791,  0.0094, -0.1206,  0.2685,  0.1717, -0.0527,  0.0643,
          0.1729, -0.1682,  0.0176, -0.0346, -0.1230, -0.1286, -0.1350,  0.0661],
        [-0.0007,  0.0312, -0.1014,  0.0044, -0.0529, -0.1798, -0.0206,  0.1249,
          0.0410, -0.0368,  0.0751, -0.1163,  0.0949,  0.1222,  0.1046, -0.0634],
        [-0.0967,  0.0461,  0.2477,  0.0835,  0.2433,  0.2513,  0.1515, -0.0994,
          0.1591, -0.1692, -0.1307, -0.0200, -0.1523,  0.0248, -0.1636, -0.2178],
        [ 0.1444,  0.1075, -0.0042, -0.1557,  0.0457,  0.0620,  0.0786, -0.0578,
          0.1628,  0.1622,  0.0137, -0.0130,  0.0394, -0.0477,  0.1270,  0.1433],
        [ 0.1393, -0.1028, -0.1350,  0.0530,  0.1014,  0.0093, -0.1778, -0.1967,
          0.1458, -0.1427, -0.1037,  0.0999,  0.0945, -0.1133,  0.0335, -0.0403]],
       device='cuda:0')), ('bn3.weight', tensor([1., 1., 1., 1., 1., 1., 1., 1., 1., 1., 1., 1., 1., 1., 1., 1., 1., 1.,
        1., 1., 1., 1., 1., 1., 1., 1., 1., 1., 1., 1., 1., 1.],
       device='cuda:0')), ('bn3.bias', tensor([0., 0., 0., 0., 0., 0., 0., 0., 0., 0., 0., 0., 0., 0., 0., 0., 0., 0., 0., 0., 0., 0., 0., 0.,
        0., 0., 0., 0., 0., 0., 0., 0.], device='cuda:0')), ('bn3.running_mean', tensor([0., 0., 0., 0., 0., 0., 0., 0., 0., 0., 0., 0., 0., 0., 0., 0., 0., 0., 0., 0., 0., 0., 0., 0.,
        0., 0., 0., 0., 0., 0., 0., 0.], device='cuda:0')), ('bn3.running_var', tensor([1., 1., 1., 1., 1., 1., 1., 1., 1., 1., 1., 1., 1., 1., 1., 1., 1., 1.,
        1., 1., 1., 1., 1., 1., 1., 1., 1., 1., 1., 1., 1., 1.],
       device='cuda:0')), ('bn3.num_batches_tracked', tensor(0, device='cuda:0'))])