OrderedDict([('conv1.bias', tensor([-1.8532e-06, -7.2765e-07, -1.5794e-06, -4.3042e-06,  9.0203e-07,
        -1.3046e-06, -1.1946e-06, -1.2958e-06], device='cuda:0')), ('conv1.lin.weight', tensor([[-6.4328e-02,  2.4111e-02, -1.1710e-02, -1.2567e-02, -1.3183e-03,
         -5.7263e-02,  6.1237e-43,  3.2930e-20,  9.6129e-43,  2.7059e-42,
          3.3029e-01],
        [-1.8237e-01, -7.6608e-02,  2.7146e-02,  5.5963e-02,  5.4087e-03,
         -2.2160e-01, -1.2402e-13, -2.2701e-42, -1.0036e-08,  2.5378e-42,
          1.1575e-01],
        [ 1.0421e-01, -1.1973e-01,  4.5718e-02,  6.0744e-02,  4.1633e-03,
         -1.6788e-01,  5.0727e-42, -3.9657e-43, -1.9016e-42, -1.2001e-41,
          5.5243e-02],
        [-6.1959e-02,  1.2950e-01,  4.4436e-01, -2.0097e-01,  7.7307e-03,
         -1.1299e-02, -4.2487e-42, -1.4688e-24, -1.7068e-42,  1.8738e-06,
         -1.1219e-01],
        [ 3.9621e-02, -1.6215e-02, -9.4725e-04,  5.0008e-02,  2.4527e-03,
          8.2506e-02,  6.7758e-10, -4.0218e-13,  3.2888e-42,  1.1345e-12,
          1.6851e-02],
        [-1.1959e-01,  1.9542e-01, -9.7531e-02,  2.8461e-01,  9.3314e-03,
         -8.5723e-02, -3.8732e-42, -1.4153e-42, -3.4472e-43, -2.4873e-42,
         -7.9778e-02],
        [ 2.3177e-01,  2.5314e-01, -6.4020e-02, -5.0170e-02, -1.1196e-03,
         -3.2173e-02, -1.3911e-09,  7.1606e-43, -2.2295e-42,  2.8838e-14,
          1.4840e-01],
        [-2.6979e-02, -1.1519e-02, -5.3125e-03,  1.7542e-02,  1.7089e-04,
          2.5594e-01,  1.2584e-42,  2.4773e-06, -3.8956e-43, -8.5531e-19,
          1.7016e-01]], device='cuda:0')), ('conv1.aggr.t', tensor([1.], device='cuda:0')), ('bn1.weight', tensor([0.8084, 0.6925, 0.6784, 0.7122, 0.8130, 0.6905, 0.7023, 0.7911],
       device='cuda:0')), ('bn1.bias', tensor([-0.0263,  0.1253,  0.1093, -0.0479,  0.0030, -0.0301,  0.0348,  0.0094],
       device='cuda:0')), ('bn1.running_mean', tensor([-0.0287, -0.8847, -0.6105, -0.0777,  0.3430, -0.3396,  0.1642,  1.0812],
       device='cuda:0')), ('bn1.running_var', tensor([0.4615, 2.5558, 1.4771, 0.0933, 0.3475, 0.4460, 0.2428, 3.3972],
       device='cuda:0')), ('bn1.num_batches_tracked', tensor(47024, device='cuda:0')), ('conv2.bias', tensor([ 3.4282e-06,  9.3687e-06,  8.3881e-06, -5.7334e-06,  1.7795e-06,
        -1.6940e-06,  2.0215e-06, -4.3871e-06, -2.3053e-07, -5.6214e-06,
        -5.7609e-06, -2.6223e-06, -2.8066e-06, -2.1051e-06, -5.6503e-06,
         1.4699e-06], device='cuda:0')), ('conv2.lin.weight', tensor([[ 8.1295e-02, -2.3491e-01,  8.8564e-02, -8.6968e-02, -1.0953e-01,
         -1.4062e-02, -1.8634e-01, -1.3640e-01],
        [ 3.8248e-02, -2.8148e-01,  1.4866e-01,  1.8986e-01,  2.2696e-01,
          7.1192e-02,  1.0516e-01, -2.8199e-02],
        [-7.5897e-04,  2.6564e-01,  1.4383e-01,  1.5966e-01,  1.7091e-01,
         -1.2422e-01, -1.8122e-02,  7.1240e-02],
        [-2.1488e-01,  9.4104e-02, -5.9050e-02,  9.4618e-02,  4.5550e-02,
          1.7803e-02, -6.0202e-02,  2.4051e-01],
        [ 9.0079e-02, -1.6867e-01,  2.8127e-02, -2.6518e-01,  8.7209e-02,
          2.8301e-01, -1.8110e-01,  8.7292e-03],
        [-9.7572e-02,  5.7382e-02,  8.7940e-03, -2.7019e-01,  2.8389e-01,
          2.4338e-01,  1.0766e-01,  1.8023e-01],
        [-2.3401e-01,  8.7369e-02, -4.2464e-02, -1.5567e-01,  4.1047e-01,
          1.1743e-01, -1.2997e-02, -3.3914e-01],
        [ 1.3836e-02,  1.3862e-01, -1.7648e-01, -1.5803e-01, -1.4949e-01,
         -1.0629e-01,  1.0259e-01, -1.9622e-01],
        [ 2.3045e-01,  1.4933e-01, -5.0731e-02, -1.9012e-01, -3.4289e-01,
         -2.3379e-01,  2.6080e-02,  2.8093e-01],
        [-9.3944e-02, -1.1648e-03, -2.0121e-04,  4.9724e-02, -2.1026e-01,
          3.2892e-02, -5.7679e-02, -2.2209e-01],
        [-2.7110e-01, -4.8039e-02,  3.9616e-01, -7.1678e-02,  2.6699e-01,
         -1.4793e-01,  1.1980e-02, -1.9856e-01],
        [-3.2018e-01, -2.7320e-02, -2.7976e-01, -1.6811e-01,  3.1043e-01,
         -2.3510e-01, -5.6129e-02, -1.2721e-01],
        [-1.2572e-01,  2.0215e-01,  1.2679e-01,  2.0015e-01, -1.7302e-01,
         -1.2047e-02, -6.8353e-03, -2.3587e-01],
        [ 3.5266e-01, -1.4057e-01, -4.9080e-02,  2.5531e-01, -2.7934e-01,
         -6.2638e-02, -3.6888e-01, -1.8570e-01],
        [-1.9325e-01, -2.7142e-01,  8.7436e-03, -1.1674e-01,  2.7661e-02,
         -1.5985e-01,  2.4404e-02, -1.8336e-01],
        [-3.4821e-01, -1.7823e-02, -5.0037e-02, -1.2716e-01,  2.7392e-01,
         -2.1684e-03, -7.5820e-02,  1.7415e-01]], device='cuda:0')), ('conv2.aggr.t', tensor([1.], device='cuda:0')), ('bn2.weight', tensor([0.6268, 0.6153, 0.5287, 0.6413, 0.5896, 0.6628, 0.6318, 0.7011, 0.6173,
        0.6678, 0.7171, 0.7383, 0.7208, 0.6977, 0.6368, 0.6890],
       device='cuda:0')), ('bn2.bias', tensor([ 0.2353,  0.2672,  0.1526,  0.2664,  0.2381, -0.4398,  0.3193,  0.1783,
         0.2948, -0.5275, -0.3091, -0.2245,  0.5366, -0.3191,  0.2108,  0.1807],
       device='cuda:0')), ('bn2.running_mean', tensor([-0.1750,  0.1046,  0.2012,  0.0600, -0.0347,  0.1718, -0.0178, -0.1381,
        -0.0212, -0.1498,  0.0290, -0.2021, -0.0128, -0.1911, -0.2213, -0.0016],
       device='cuda:0')), ('bn2.running_var', tensor([0.0287, 0.0397, 0.0273, 0.0576, 0.0322, 0.0865, 0.0755, 0.0533, 0.0780,
        0.0703, 0.0532, 0.1115, 0.0932, 0.1187, 0.0327, 0.1424],
       device='cuda:0')), ('bn2.num_batches_tracked', tensor(47024, device='cuda:0')), ('conv3.bias', tensor([ 2.3522e-07,  6.7161e-07, -3.1001e-07, -1.2156e-06, -2.1884e-06,
         1.4120e-06,  2.0024e-06,  2.7788e-06, -4.0828e-06, -1.0364e-07,
         2.5562e-07, -3.0315e-08, -1.1246e-06,  2.4091e-06, -9.0283e-07,
         8.0902e-07,  1.4090e-06,  1.2914e-06,  1.3874e-06, -3.0138e-06,
        -1.0979e-06, -1.3928e-06, -1.9699e-06,  9.0496e-07, -3.2282e-06,
         1.9600e-06,  3.1998e-07,  1.3325e-06, -4.0233e-07, -4.7739e-07,
         1.9912e-06, -6.5785e-07], device='cuda:0')), ('conv3.lin.weight', tensor([[ 3.0507e-02,  7.1222e-02,  6.3868e-02,  1.2566e-01,  1.6350e-01,
         -8.9524e-02,  1.1071e-01,  1.0913e-01, -4.7362e-03, -1.3584e-01,
         -1.5371e-01, -1.1055e-01,  2.3786e-01, -1.3436e-02,  1.3487e-01,
          1.0002e-01],
        [ 1.3537e-01,  5.6330e-02,  9.6833e-02, -1.2220e-01, -8.9971e-02,
         -2.2397e-01, -5.4938e-02, -1.5080e-01,  1.8635e-01, -1.0026e-01,
          7.8226e-02,  7.9665e-02, -3.0891e-02, -2.0964e-02,  3.6119e-02,
          6.6961e-02],
        [-9.1152e-02,  7.9415e-02, -1.7553e-02, -9.2658e-03, -5.7974e-02,
         -1.1164e-01, -1.4102e-01, -2.2846e-02,  9.8867e-02,  5.3562e-02,
         -1.6365e-02,  1.5572e-01, -1.5216e-01, -3.8070e-02,  1.4352e-01,
         -1.9040e-01],
        [-1.2146e-01,  5.8284e-02,  3.7532e-02, -2.1589e-02,  4.8010e-02,
          9.4744e-02,  9.7607e-02, -2.1346e-02,  9.7852e-02,  8.7848e-02,
          1.0317e-01, -2.0383e-01,  4.2895e-02,  8.1935e-02, -1.2709e-02,
         -5.4291e-02],
        [-1.5341e-01, -1.2566e-01, -1.4444e-01, -1.5254e-01, -6.6721e-02,
          9.0769e-02, -2.7672e-01, -1.2966e-01, -7.9024e-02,  1.6957e-01,
          1.4132e-01, -3.8736e-02, -1.8311e-02, -5.4025e-02,  2.4706e-02,
          1.3506e-01],
        [-1.2433e-02, -3.2077e-02,  1.2360e-02,  1.4014e-01,  3.6367e-02,
         -7.9353e-02, -1.7567e-02,  4.9927e-02,  4.4638e-02, -5.8079e-02,
          2.0824e-01, -1.4602e-01,  1.5421e-01, -4.2649e-02, -4.9449e-02,
          1.1903e-01],
        [-1.0634e-01, -1.2742e-01, -6.0212e-02,  1.6729e-01,  1.7813e-02,
          1.4954e-02,  1.3501e-01,  1.6947e-01,  1.0253e-01,  1.5429e-02,
          2.9006e-02,  1.1953e-01, -3.0512e-02,  8.9967e-02, -1.2144e-01,
         -6.8808e-02],
        [ 9.1930e-02,  1.3917e-01, -2.4868e-02,  9.7054e-03, -9.4656e-02,
         -1.1440e-01, -9.9551e-02,  5.6646e-02,  7.2998e-02, -1.3198e-01,
          8.2239e-02,  1.1247e-02, -5.5143e-03, -4.3079e-03,  1.6033e-01,
          1.1810e-01],
        [-1.1422e-01,  8.0110e-02,  3.6833e-02, -1.8793e-01, -4.8279e-02,
         -8.4657e-02,  2.8391e-02,  2.8058e-02,  5.9576e-02,  9.7001e-02,
          1.2496e-01,  1.3395e-01,  5.8269e-02, -7.0563e-03, -8.8347e-02,
          1.3640e-01],
        [ 1.2708e-01, -3.7092e-02, -1.0193e-02, -2.4978e-02, -9.5188e-02,
         -8.7956e-02, -1.3399e-01, -1.1745e-01, -7.5044e-02, -6.3364e-02,
         -1.3149e-02,  1.1557e-01, -5.2579e-02,  1.3954e-01,  2.3628e-02,
          3.1709e-02],
        [-1.1305e-01,  1.1940e-01, -7.5701e-02, -8.6157e-02,  2.9300e-02,
         -2.4385e-02,  1.7614e-01, -9.5874e-03, -1.0241e-01, -9.9576e-02,
         -4.9166e-02, -1.1379e-01,  5.2046e-02,  8.8235e-02,  7.7695e-02,
          2.9538e-02],
        [-7.0310e-02,  1.1062e-01, -1.2255e-01,  9.4610e-02,  1.2577e-01,
         -2.8376e-02,  1.5047e-01,  8.1484e-03,  5.6647e-02, -1.5900e-01,
         -9.6979e-02, -1.4529e-01,  1.4368e-01, -1.5060e-01,  1.4407e-01,
         -9.2666e-02],
        [-1.2131e-01, -1.5542e-01, -6.9269e-02, -6.2919e-02, -2.3751e-02,
          1.6896e-01, -1.5779e-02, -9.7623e-02, -1.6777e-01,  1.9706e-01,
          2.3035e-02, -5.4628e-03, -1.7797e-01,  1.3412e-01, -1.5443e-01,
         -3.4089e-02],
        [ 7.5670e-02, -4.6289e-02,  5.1422e-02,  1.1663e-01,  1.1358e-01,
         -1.3482e-01, -2.1507e-02, -3.3244e-02, -6.7203e-02, -2.0951e-01,
         -1.5730e-01, -1.2065e-01,  2.1911e-01, -1.3308e-01,  1.1380e-01,
          1.2936e-01],
        [-1.3166e-01, -1.8095e-02, -1.8442e-02, -1.1655e-01, -8.2037e-03,
          2.0708e-01,  2.6423e-03, -1.9133e-01, -1.6002e-01,  2.4775e-02,
          1.3463e-02, -1.0781e-02,  1.0891e-01,  1.8738e-01,  6.9235e-02,
         -1.2353e-01],
        [-1.1853e-01, -1.7246e-01,  1.5392e-02, -1.1039e-02, -1.3066e-01,
          7.9143e-02,  9.9749e-02, -1.8277e-01, -1.2845e-01,  3.7109e-02,
         -1.6013e-01,  3.1551e-02, -6.7869e-02,  1.7674e-01,  6.9268e-02,
          5.0637e-03],
        [-1.8374e-01, -1.2589e-01,  9.3396e-02, -4.0628e-02, -5.9765e-02,
          4.7306e-02, -5.0010e-02,  2.0478e-01, -1.8269e-01,  4.6003e-02,
          1.0171e-01,  1.0653e-01, -2.1701e-01,  2.0042e-01,  1.6915e-02,
         -2.8020e-02],
        [ 1.3567e-01,  4.2219e-02,  6.3092e-02,  4.8191e-02,  1.1008e-01,
         -1.4084e-01,  1.6169e-01, -2.6948e-02,  9.2572e-02, -2.0852e-01,
          8.6769e-03, -1.4520e-01,  1.6894e-01, -3.0646e-02, -1.1132e-01,
          8.2604e-02],
        [ 7.9942e-02, -3.8391e-02, -9.4915e-02, -9.7881e-02,  1.1862e-01,
         -5.4435e-02, -7.9264e-02, -1.3146e-01, -5.9539e-02,  7.1722e-02,
          8.9017e-02, -1.4549e-01, -2.7516e-02, -9.2116e-02,  6.8434e-02,
          7.3368e-02],
        [ 1.4664e-01, -3.4513e-02,  9.1113e-02, -8.7573e-03,  1.2009e-01,
          4.8269e-02,  8.7364e-02, -7.7181e-02, -3.1305e-02, -1.8583e-01,
         -1.9520e-01,  4.1027e-02,  2.1482e-01,  2.7765e-02,  1.8087e-01,
         -9.5069e-03],
        [ 1.0659e-01, -4.6350e-02,  1.0642e-01, -1.4715e-01, -1.8022e-01,
          1.6700e-01, -1.4286e-01, -1.9555e-01,  9.8539e-02,  1.5588e-01,
          1.4020e-01, -2.4595e-02,  1.2995e-01, -7.6335e-02, -7.8429e-02,
          1.3650e-01],
        [ 6.8256e-02,  1.4823e-01, -5.3888e-02,  2.9989e-02, -1.0411e-01,
          7.1298e-02, -7.4208e-02,  1.6105e-01, -2.0988e-02,  9.8469e-02,
         -2.3046e-01,  1.2881e-01,  9.3847e-02, -1.9278e-01,  3.8654e-02,
          6.8784e-02],
        [ 1.5090e-01, -4.6944e-02,  1.9865e-02,  1.2516e-01,  9.1754e-03,
          1.1619e-01, -5.4875e-02,  7.2527e-02,  5.2809e-02,  1.4548e-01,
          9.6860e-02, -6.8707e-02, -1.1009e-01, -9.0861e-02, -7.6961e-03,
         -1.8372e-01],
        [-6.4511e-02,  1.1578e-01, -1.5703e-01,  2.4782e-01,  1.9269e-02,
          5.0604e-04,  1.4903e-01, -1.7528e-02,  3.0261e-02,  1.5822e-01,
         -1.5625e-01, -1.2462e-01, -1.3882e-01,  1.2411e-01,  1.7591e-01,
         -1.3105e-01],
        [-4.0609e-02, -3.4453e-02, -1.2684e-01, -1.1101e-01,  4.3672e-02,
          1.6757e-01, -1.0609e-01, -4.3690e-02, -1.1472e-01,  1.4842e-01,
          2.3350e-02,  1.7333e-01, -1.2819e-01,  2.3952e-02, -1.3892e-01,
         -8.6238e-02],
        [ 2.2166e-02, -2.6664e-02,  1.7082e-02,  3.8698e-02,  6.9953e-02,
         -6.3327e-02,  2.8689e-03, -6.1730e-02, -5.2336e-02, -6.6950e-02,
         -5.1065e-02, -1.8021e-01,  1.6434e-01, -2.1775e-01, -1.0464e-01,
          3.4562e-02],
        [-1.0992e-01, -1.4289e-02,  1.8090e-01,  2.5762e-04,  1.1791e-02,
         -1.3579e-01,  1.6573e-01, -1.1506e-02,  1.0898e-01,  3.4039e-03,
         -2.1474e-01,  2.1438e-01,  3.9992e-02,  1.3354e-01,  4.5758e-02,
         -8.2479e-02],
        [ 8.1771e-03, -9.9448e-02,  8.9928e-02,  1.1432e-01,  6.4651e-02,
         -3.0941e-02, -4.5138e-02,  5.6952e-02,  5.2496e-02, -1.7758e-01,
          6.5379e-02, -1.3673e-02,  8.1228e-02, -2.6742e-02,  3.1947e-02,
          5.7220e-02],
        [-8.6982e-03,  9.9875e-02,  8.6816e-02, -1.6865e-03,  3.7522e-02,
         -1.9560e-01,  1.7334e-01,  1.5320e-01,  1.7019e-01, -1.9089e-01,
          4.6473e-02,  1.2798e-01, -2.6026e-02,  4.0357e-02, -3.0788e-02,
         -1.0713e-01],
        [-6.0976e-02,  1.5563e-01,  6.0587e-02, -9.4307e-03,  1.0944e-01,
         -1.6135e-01,  9.8055e-02,  5.0888e-02,  7.9269e-02, -1.1986e-01,
         -1.4052e-01, -9.1716e-02,  1.0412e-01, -1.6126e-01,  1.1854e-01,
          8.7666e-02],
        [ 7.2526e-02, -5.5561e-02,  1.3068e-01, -3.0449e-02,  1.0196e-01,
          2.7592e-01, -1.8047e-01,  1.0098e-02, -8.8185e-02,  2.2173e-02,
          1.7159e-01, -4.4982e-02, -7.4827e-02,  6.9509e-02,  9.1813e-02,
         -1.5899e-01],
        [ 1.4597e-01, -1.7459e-02,  1.0036e-01,  9.1208e-02, -1.3091e-01,
          1.8065e-01,  1.4875e-01,  1.7475e-01,  1.1554e-01, -1.1635e-01,
         -1.2304e-01,  1.4111e-02,  2.1916e-01, -6.5775e-02,  3.1969e-02,
         -2.1494e-02]], device='cuda:0')), ('bn3.weight', tensor([1., 1., 1., 1., 1., 1., 1., 1., 1., 1., 1., 1., 1., 1., 1., 1., 1., 1.,
        1., 1., 1., 1., 1., 1., 1., 1., 1., 1., 1., 1., 1., 1.],
       device='cuda:0')), ('bn3.bias', tensor([0., 0., 0., 0., 0., 0., 0., 0., 0., 0., 0., 0., 0., 0., 0., 0., 0., 0., 0., 0., 0., 0., 0., 0.,
        0., 0., 0., 0., 0., 0., 0., 0.], device='cuda:0')), ('bn3.running_mean', tensor([0., 0., 0., 0., 0., 0., 0., 0., 0., 0., 0., 0., 0., 0., 0., 0., 0., 0., 0., 0., 0., 0., 0., 0.,
        0., 0., 0., 0., 0., 0., 0., 0.], device='cuda:0')), ('bn3.running_var', tensor([1., 1., 1., 1., 1., 1., 1., 1., 1., 1., 1., 1., 1., 1., 1., 1., 1., 1.,
        1., 1., 1., 1., 1., 1., 1., 1., 1., 1., 1., 1., 1., 1.],
       device='cuda:0')), ('bn3.num_batches_tracked', tensor(0, device='cuda:0'))])