OrderedDict([('conv1.bias', tensor([ 3.0087e-06, -4.4407e-06, -1.9107e-06, -1.1803e-06,  3.3596e-07,
        -9.4396e-06, -1.2593e-06, -1.5950e-07], device='cuda:0')), ('conv1.lin.weight', tensor([[ 1.3642e-02, -4.4182e-02, -3.1822e-03, -3.5810e-02,  2.3786e-04,
          1.6013e-01, -2.8483e-05,  5.3417e-42, -7.6651e-43,  2.7073e-42,
          1.2801e-01],
        [-2.6022e-02,  2.0417e-02, -1.0058e-02,  5.6107e-02, -1.1269e-03,
          1.7696e-02,  1.5246e-42, -3.8255e-43, -2.9778e-42,  2.4481e-16,
          1.6920e-01],
        [-7.6142e-03,  1.9026e-02, -4.7804e-03, -4.0067e-03,  6.2137e-04,
         -2.5788e-02, -1.2472e-42, -1.7554e-05, -5.3796e-42,  6.6684e-11,
         -5.2860e-03],
        [-7.3617e-03,  4.9101e-02, -4.1731e-03, -3.7189e-02, -5.7803e-03,
          1.0896e-01, -1.2696e-42,  4.6873e-42, -1.9338e-42,  9.7448e-24,
         -1.0416e-01],
        [-1.1689e-01, -2.0609e-02,  9.2489e-03,  3.1893e-02,  3.8478e-03,
         -4.3164e-02, -1.5900e-09, -4.7980e-42, -1.2696e-42,  3.5551e-42,
         -5.4931e-03],
        [ 2.7818e-02, -1.8929e-02,  6.0625e-03,  9.5142e-03,  1.8276e-03,
         -2.5002e-02, -2.4579e-42,  2.1560e-16,  3.4934e-42,  1.2042e-18,
         -1.6752e-02],
        [-3.9583e-02,  1.5522e-03, -6.9176e-03, -8.3633e-03, -7.3293e-04,
          1.6856e-01, -4.7781e-16,  4.4884e-42, -1.8819e-42,  2.3047e-10,
         -1.3071e-01],
        [ 2.4501e-03,  1.0462e-01,  2.4545e-02, -1.3563e-01, -6.5730e-03,
          4.8696e-02, -2.5203e-15,  1.3284e-42, -1.8525e-42, -5.5632e-43,
          3.1083e-02]], device='cuda:0')), ('conv1.aggr.t', tensor([1.], device='cuda:0')), ('bn1.weight', tensor([0.6484, 0.5234, 0.7460, 0.6376, 0.6252, 0.5967, 0.8332, 0.5990],
       device='cuda:0')), ('bn1.bias', tensor([-0.0775,  0.0559,  0.0267,  0.0547,  0.0462, -0.0153,  0.0966, -0.0264],
       device='cuda:0')), ('bn1.running_mean', tensor([ 0.6411,  0.1536, -0.0946,  0.3525, -0.2228, -0.0929,  0.5249,  0.2242],
       device='cuda:0')), ('bn1.running_var', tensor([0.1135, 0.0166, 0.0022, 0.0389, 0.0034, 0.0043, 0.0957, 0.0156],
       device='cuda:0')), ('bn1.num_batches_tracked', tensor(47024, device='cuda:0')), ('conv2.bias', tensor([-9.2327e-06,  4.9308e-07,  1.0441e-06,  2.2510e-06,  1.1892e-06,
        -1.9255e-06, -6.7335e-06, -7.5971e-07, -5.5744e-07, -1.9261e-06,
         8.2304e-07, -2.2166e-06,  8.8441e-08,  6.7151e-07, -1.2908e-06,
        -1.4153e-06], device='cuda:0')), ('conv2.lin.weight', tensor([[ 0.1734, -0.1631, -0.1010, -0.0898,  0.2069, -0.1381, -0.0726, -0.1644],
        [-0.2049, -0.0718,  0.2458, -0.1713,  0.1487,  0.0497,  0.1644,  0.2614],
        [-0.1534, -0.1240,  0.0300,  0.2674, -0.2166,  0.1701, -0.2737,  0.2353],
        [ 0.1799, -0.1471, -0.1967,  0.0683, -0.0050,  0.1627,  0.2208, -0.0307],
        [-0.3101,  0.1470, -0.1123,  0.0967, -0.1333, -0.0796,  0.1977,  0.0664],
        [ 0.1011,  0.1340, -0.1810,  0.0436, -0.0472, -0.0791, -0.0356,  0.0093],
        [-0.1497, -0.2295,  0.0658,  0.2257, -0.2221,  0.0640, -0.2260,  0.0092],
        [ 0.1241, -0.1415, -0.0279, -0.2647, -0.1488,  0.0537, -0.1644, -0.1694],
        [ 0.1556, -0.2305,  0.0488, -0.0614, -0.0834,  0.1133, -0.2951,  0.1509],
        [ 0.1534, -0.0013, -0.1394,  0.2696, -0.1579, -0.0673, -0.2062, -0.0299],
        [-0.2214, -0.0969,  0.1584, -0.1740, -0.1320, -0.1450,  0.1535,  0.2542],
        [-0.2175, -0.1197, -0.1656,  0.0455, -0.3584,  0.1681, -0.1888, -0.1630],
        [-0.2550,  0.1963, -0.3108, -0.0055,  0.2355, -0.1170,  0.2076, -0.1549],
        [ 0.0715,  0.1060,  0.1554, -0.1283, -0.0019,  0.1014,  0.2785, -0.1080],
        [-0.0351, -0.0068, -0.3408,  0.1632, -0.2145,  0.1982, -0.2017, -0.0368],
        [-0.0930,  0.0071, -0.0871, -0.1289,  0.1438,  0.0789, -0.1423, -0.1792]],
       device='cuda:0')), ('conv2.aggr.t', tensor([1.], device='cuda:0')), ('bn2.weight', tensor([0.5621, 0.6917, 0.5694, 0.5947, 0.6151, 0.6298, 0.6399, 0.6811, 0.6701,
        0.6521, 0.5344, 0.6708, 0.6250, 0.6291, 0.6951, 0.6153],
       device='cuda:0')), ('bn2.bias', tensor([-0.0221,  0.3894, -0.2594, -0.1143, -0.2432,  0.3295,  0.6043,  0.3975,
        -0.5444, -0.0798, -0.0447, -0.4244, -0.0131, -0.0260,  0.4481, -0.1713],
       device='cuda:0')), ('bn2.running_mean', tensor([-0.1024,  0.1386, -0.0488,  0.0888, -0.0024, -0.0284, -0.1371, -0.2275,
        -0.0995, -0.0728, -0.0238, -0.2920, -0.0315,  0.1621, -0.1677, -0.1336],
       device='cuda:0')), ('bn2.running_var', tensor([0.0259, 0.0497, 0.0518, 0.0573, 0.0533, 0.0294, 0.0493, 0.0576, 0.0555,
        0.0454, 0.0323, 0.0613, 0.0551, 0.0366, 0.0468, 0.0556],
       device='cuda:0')), ('bn2.num_batches_tracked', tensor(47024, device='cuda:0')), ('conv3.bias', tensor([ 7.1274e-07, -1.0852e-06, -1.7818e-06, -1.2114e-06, -2.1682e-06,
         9.2740e-07, -1.6868e-06,  5.6336e-07, -1.7941e-06, -2.0470e-06,
         8.4819e-07,  1.3615e-06, -3.5279e-07, -1.0895e-06, -2.1526e-06,
         3.0017e-07,  5.9886e-07, -2.3332e-06,  6.0082e-07,  3.8642e-07,
         1.5890e-06,  4.1457e-06,  1.9519e-06,  6.5041e-07,  1.4632e-08,
         2.1210e-06,  3.5058e-06,  5.2915e-07, -2.6598e-06,  2.0107e-06,
         8.8598e-07,  9.9018e-07], device='cuda:0')), ('conv3.lin.weight', tensor([[ 6.8750e-02,  8.4521e-02, -1.3994e-01, -5.9389e-02, -1.0149e-01,
          8.2259e-02,  2.0589e-01,  8.5321e-02, -2.1733e-01,  5.9530e-02,
          7.2518e-02, -1.5479e-01,  1.5477e-02,  1.8356e-02,  1.1191e-01,
         -5.3149e-02],
        [ 3.7318e-02,  8.7090e-02, -6.1347e-04,  1.1359e-02, -1.2967e-01,
          1.1631e-01,  8.5611e-02, -1.2723e-01, -1.9566e-02, -5.8992e-02,
          3.8340e-03, -1.0889e-02,  1.2733e-01,  3.5939e-02,  1.5683e-01,
         -5.5507e-02],
        [-2.8982e-02, -5.0582e-02,  3.4679e-02, -8.1894e-02, -7.4388e-02,
          1.4458e-01, -5.8978e-02, -5.0865e-02, -8.5991e-03, -5.6715e-02,
          2.0685e-02,  7.4607e-02,  1.4087e-01, -9.9775e-02, -9.2005e-02,
          5.7048e-02],
        [-5.8893e-02, -5.9903e-02,  6.9347e-02, -2.1253e-02, -1.8228e-01,
         -2.7081e-02, -1.3898e-02,  1.0185e-01, -6.9056e-02, -1.6045e-01,
         -5.8577e-02, -1.7616e-01,  8.5661e-02, -1.1899e-01, -2.1362e-03,
         -4.1594e-02],
        [-9.4064e-03,  3.5243e-02, -8.5328e-02,  1.0014e-01,  4.8279e-02,
          1.7417e-03, -8.8494e-02, -6.1014e-04,  9.2003e-02,  6.9883e-02,
          1.1312e-01, -1.1589e-01,  4.5726e-02, -6.3188e-02,  2.5815e-02,
          1.0536e-01],
        [-3.9410e-02, -1.2361e-01, -5.9045e-02, -1.3872e-01,  1.1865e-01,
         -3.8181e-02,  5.9352e-02,  2.3279e-01, -7.9748e-02,  2.0536e-02,
          1.5535e-02, -1.2638e-01,  4.8484e-02, -1.3735e-01, -8.4423e-02,
         -2.8480e-02],
        [-3.3908e-02, -1.2363e-01, -3.5620e-02, -1.4917e-02,  1.0528e-01,
         -1.2911e-01, -1.3334e-01, -1.2220e-01,  2.5364e-01,  7.7364e-02,
          1.1665e-02,  1.3843e-01,  8.1590e-02, -7.4727e-02, -1.7159e-01,
          1.0348e-01],
        [-8.5128e-02, -5.9187e-02,  1.3362e-01,  2.7068e-02, -1.0901e-01,
         -9.0162e-02, -1.3420e-01,  1.7972e-02, -5.9824e-02, -1.4923e-01,
          8.3630e-02, -3.9022e-02,  1.4347e-01, -2.7628e-02,  5.2278e-02,
          2.0812e-02],
        [-1.5229e-01, -1.2516e-01, -9.3674e-02, -9.7475e-02, -1.4107e-02,
          2.3595e-02,  8.5182e-02, -3.8792e-02, -1.2920e-01, -1.3183e-01,
         -3.5169e-02,  1.8657e-01, -9.3242e-02, -1.6876e-03, -7.6130e-02,
         -1.6524e-02],
        [-1.0887e-01,  8.7027e-02, -1.0536e-01, -2.0796e-01,  1.4588e-01,
         -9.0266e-02,  1.3666e-01, -1.7447e-01,  1.3143e-01,  7.8071e-02,
         -2.3958e-02, -1.6644e-01,  4.0662e-03, -2.0228e-01, -1.2111e-01,
         -8.7961e-02],
        [-2.5545e-02,  3.2699e-02,  6.7144e-02, -6.4263e-02, -1.1122e-01,
          1.0209e-01, -3.2325e-02,  1.1271e-01, -6.3400e-02,  4.5185e-02,
          1.6081e-01, -2.0015e-01,  1.1157e-01, -3.2878e-02,  1.4329e-01,
          1.4245e-01],
        [-1.2510e-02, -1.6424e-01,  1.1925e-01, -1.7495e-02, -3.2485e-02,
         -1.5238e-01, -6.6035e-02, -8.6080e-02,  1.4097e-05, -2.5254e-02,
         -1.0636e-01, -9.9368e-02,  2.2009e-02, -2.7982e-02,  4.5874e-02,
         -1.5509e-03],
        [ 4.8072e-02,  7.8956e-02, -2.8866e-02,  9.7055e-02, -8.4487e-02,
         -1.3656e-01,  8.5928e-02,  1.3863e-02, -6.5018e-02, -1.1942e-01,
         -1.2330e-02,  2.1327e-02,  1.0512e-01, -1.0984e-01,  9.2177e-02,
         -2.3140e-01],
        [ 6.6704e-03, -1.2586e-01,  1.4058e-01,  1.2360e-01,  2.9028e-02,
         -4.4042e-02, -2.2356e-01, -1.8210e-01,  1.1829e-01,  4.3314e-02,
          1.2206e-01,  2.3491e-01,  2.1557e-02, -7.1774e-02, -1.7755e-01,
          1.6174e-01],
        [-1.1146e-01,  1.1303e-01, -1.0284e-01, -2.2353e-03, -5.6555e-02,
          1.5556e-01,  1.7259e-01,  6.8920e-02, -1.5063e-01,  8.5696e-02,
         -9.6330e-03, -1.3904e-01, -6.0856e-02,  5.4516e-03,  1.5714e-01,
          1.0051e-01],
        [ 5.5270e-02,  1.2145e-01,  8.7453e-02,  5.6968e-03,  1.8469e-01,
          4.8980e-02,  1.6378e-01,  1.4548e-01, -1.0391e-01, -1.4467e-01,
         -1.7475e-01, -6.1279e-02,  1.2404e-01, -5.8726e-02,  4.8016e-04,
         -8.3178e-02],
        [ 7.5937e-02, -3.0812e-02, -3.9415e-03,  8.4570e-02,  9.1281e-02,
         -9.0702e-02, -3.3576e-02, -1.6576e-01,  2.3567e-01, -5.2103e-02,
         -1.1921e-01, -1.1667e-01,  7.2867e-02, -1.0593e-02, -6.6308e-03,
          5.7798e-02],
        [-1.0578e-02,  1.2561e-01,  3.7957e-02, -6.3138e-02,  1.4584e-01,
         -1.4332e-01, -1.1149e-01, -1.1637e-01,  1.4037e-01,  8.1970e-03,
         -1.5226e-01,  1.1933e-01,  5.5336e-02,  1.2859e-01,  1.1578e-01,
         -1.4528e-02],
        [-7.2229e-02, -9.2461e-02,  1.8375e-01,  4.5972e-02, -4.6376e-02,
         -6.6424e-02, -2.2030e-01, -2.0568e-01,  1.9444e-01, -4.5631e-02,
         -7.9330e-02,  1.3325e-01,  1.3080e-01,  5.0434e-02, -6.9998e-02,
          5.2022e-02],
        [-4.1618e-02,  1.7533e-02, -1.6721e-02, -3.0409e-02,  8.9973e-02,
          3.1664e-03, -1.5593e-01, -9.6541e-02,  7.6098e-02,  9.2423e-02,
         -6.9652e-02,  4.9274e-02, -3.3063e-02,  1.1353e-01, -9.6930e-02,
          1.5711e-01],
        [ 1.0418e-01,  1.3616e-01, -1.0402e-01, -6.4230e-02,  1.4655e-01,
          9.0296e-02,  5.2668e-02,  3.9084e-02,  3.4551e-02, -1.1998e-01,
          7.0195e-02,  2.7026e-02, -1.6058e-02, -4.0257e-03,  1.2118e-01,
         -5.1367e-02],
        [-1.3994e-01,  9.8713e-02,  1.0815e-01, -6.6026e-02, -6.0345e-02,
          9.0302e-02, -1.1706e-01,  5.1291e-02,  1.2397e-01,  2.5115e-02,
          2.3165e-03,  1.0397e-01,  9.6403e-02,  1.2960e-01,  7.5851e-02,
         -3.3137e-02],
        [ 7.1024e-02,  1.4722e-01, -6.8729e-02,  8.0047e-02,  5.0076e-02,
         -1.9997e-03,  1.1818e-01,  1.4178e-01,  1.2633e-01,  5.2795e-02,
          5.4981e-02, -1.2551e-01,  9.5278e-02, -8.9119e-02,  1.0172e-01,
         -1.0401e-01],
        [-5.8229e-02, -1.9931e-02,  7.4703e-02,  5.1369e-02,  6.1008e-02,
          2.0704e-02, -1.6899e-01,  4.2222e-02,  3.4974e-02,  1.8948e-02,
          8.1705e-02, -1.8193e-02,  6.5194e-03, -4.5337e-02,  6.5326e-02,
          2.3007e-02],
        [ 1.0130e-01, -1.6013e-01,  6.1693e-02, -2.9442e-02,  1.0894e-01,
         -1.0923e-01, -1.6628e-01, -9.2285e-02, -9.5192e-02,  2.6766e-02,
          1.1252e-02,  1.4185e-01, -7.1401e-02, -6.0748e-02, -2.3779e-01,
          9.7508e-02],
        [-3.2179e-02, -1.3197e-01, -1.0670e-01, -8.3201e-02,  1.1790e-02,
         -1.2673e-01, -1.0446e-01, -1.3815e-01,  4.6077e-02,  1.1563e-01,
          3.4331e-02,  2.1823e-01, -4.6942e-02,  1.2090e-01, -1.4169e-01,
         -4.1954e-02],
        [ 9.4196e-02, -1.5219e-01,  2.0231e-01,  1.1843e-01,  1.2251e-01,
         -1.0010e-01, -1.3819e-01,  5.6906e-02,  1.8397e-01, -8.2006e-02,
          1.1594e-01,  2.2161e-02,  3.4771e-02,  3.2500e-02, -5.3298e-02,
         -1.5984e-01],
        [-8.0759e-02,  1.6791e-01,  2.0551e-02, -2.9203e-02, -1.5479e-01,
         -8.2023e-02,  1.4286e-01,  6.1932e-02, -1.7183e-01,  1.6652e-01,
         -1.2947e-01, -1.2563e-01,  1.2235e-01,  4.7030e-02,  9.9836e-02,
          6.6975e-02],
        [-4.1084e-02,  7.8308e-02,  1.2706e-01,  3.0401e-02, -3.4027e-02,
          1.0404e-01, -5.9686e-02,  1.9334e-02,  7.7988e-02, -1.4405e-01,
         -1.9050e-02, -1.1257e-01,  3.2443e-02,  5.2811e-03,  9.9805e-02,
          1.3188e-01],
        [ 9.1648e-02,  1.5329e-02, -9.4472e-02, -6.1520e-02,  9.4866e-02,
         -2.9079e-02,  1.4721e-01, -3.6860e-02, -2.4385e-01,  6.2288e-02,
          1.2135e-02,  6.2043e-03, -9.8074e-02, -7.4504e-02,  5.1280e-02,
          1.0133e-01],
        [-1.7259e-01,  5.7431e-02, -7.6978e-02, -5.2691e-02,  2.3114e-02,
          1.2706e-01,  5.0126e-02,  1.4744e-01, -1.9440e-02, -1.7503e-02,
         -2.6483e-02, -6.4749e-02, -9.8139e-02,  9.3874e-02,  9.4454e-02,
         -1.7769e-02],
        [ 2.8645e-02, -1.9244e-01,  1.0085e-01,  5.8413e-02,  1.7597e-01,
         -1.7229e-01, -2.5818e-01, -8.5707e-02,  2.1959e-01,  1.5335e-01,
          5.9471e-02,  1.0467e-01, -3.2569e-03, -2.9967e-02, -2.0936e-01,
          1.1455e-01]], device='cuda:0')), ('bn3.weight', tensor([1., 1., 1., 1., 1., 1., 1., 1., 1., 1., 1., 1., 1., 1., 1., 1., 1., 1.,
        1., 1., 1., 1., 1., 1., 1., 1., 1., 1., 1., 1., 1., 1.],
       device='cuda:0')), ('bn3.bias', tensor([0., 0., 0., 0., 0., 0., 0., 0., 0., 0., 0., 0., 0., 0., 0., 0., 0., 0., 0., 0., 0., 0., 0., 0.,
        0., 0., 0., 0., 0., 0., 0., 0.], device='cuda:0')), ('bn3.running_mean', tensor([0., 0., 0., 0., 0., 0., 0., 0., 0., 0., 0., 0., 0., 0., 0., 0., 0., 0., 0., 0., 0., 0., 0., 0.,
        0., 0., 0., 0., 0., 0., 0., 0.], device='cuda:0')), ('bn3.running_var', tensor([1., 1., 1., 1., 1., 1., 1., 1., 1., 1., 1., 1., 1., 1., 1., 1., 1., 1.,
        1., 1., 1., 1., 1., 1., 1., 1., 1., 1., 1., 1., 1., 1.],
       device='cuda:0')), ('bn3.num_batches_tracked', tensor(0, device='cuda:0'))])