OrderedDict([('conv1.bias', tensor([ 1.0411e-06,  7.3652e-08, -1.0695e-06,  2.1178e-08,  1.7607e-06,
        -9.7091e-07,  2.1482e-06, -6.5880e-07], device='cuda:0')), ('conv1.lin.weight', tensor([[ 2.0430e-01, -1.4056e-02, -2.1166e-03,  3.2049e-03,  1.4922e-03,
         -2.7150e-01,  5.9009e-42,  9.4027e-43,  2.9231e-42, -1.0944e-42,
          7.5743e-02],
        [ 6.2630e-02, -1.4172e-02, -3.4787e-03,  2.7235e-02,  2.9292e-03,
         -1.9100e-01, -7.5110e-42, -2.5896e-42,  1.2908e-06,  4.3791e-42,
         -7.2335e-02],
        [-2.1399e-01, -3.0789e-01,  2.3438e-01,  1.5689e-01,  3.8839e-03,
          1.4859e-02,  3.4624e-13,  2.4270e-42, -1.3719e-42,  9.0788e-08,
         -2.0957e-02],
        [-1.7064e-01,  3.0082e-01, -9.4543e-03, -2.9262e-02, -5.8506e-04,
         -9.1437e-02, -1.8287e-42,  3.2510e-43, -1.5484e-42, -5.2600e-13,
          2.7064e-01],
        [-8.2997e-02,  1.2204e-01, -6.8065e-03, -2.7896e-02, -2.6230e-03,
          3.1330e-02,  9.2486e-44, -2.1132e-42, -4.7805e-06, -2.6555e-42,
         -3.6002e-02],
        [ 2.9074e-01, -9.2792e-02,  8.0566e-02, -4.1847e-02, -1.9652e-03,
         -6.9504e-03, -4.8765e-43, -4.2712e-42, -1.9969e-42, -6.7248e-42,
         -5.0921e-01],
        [-1.9456e-01,  1.8658e-01, -7.4180e-03, -9.9662e-03,  2.4503e-03,
          5.6458e-02, -2.6905e-43,  1.4293e-42,  6.1377e-43,  1.1882e-41,
         -1.0039e-01],
        [ 3.0910e-02,  1.3234e-02, -5.8515e-03,  1.8716e-02,  8.4640e-04,
         -2.5503e-01,  1.8791e-42,  2.1104e-42,  1.5829e-16,  9.4736e-18,
          8.2728e-02]], device='cuda:0')), ('conv1.aggr.t', tensor([1.], device='cuda:0')), ('bn1.weight', tensor([0.6601, 0.6700, 0.7465, 0.8379, 0.9673, 0.7698, 0.7739, 0.6652],
       device='cuda:0')), ('bn1.bias', tensor([ 0.1291,  0.1196,  0.0701,  0.1756,  0.1439, -0.0335,  0.0733,  0.0944],
       device='cuda:0')), ('bn1.running_mean', tensor([-0.8921, -0.7409, -0.1503, -0.1417,  0.1051, -0.2395,  0.1369, -0.8926],
       device='cuda:0')), ('bn1.running_var', tensor([5.2412, 2.5694, 0.2376, 0.9696, 0.1090, 1.1097, 0.3893, 4.5187],
       device='cuda:0')), ('bn1.num_batches_tracked', tensor(47024, device='cuda:0')), ('conv2.bias', tensor([ 9.7508e-07,  4.3431e-06,  3.0239e-06, -3.9300e-06, -5.0236e-06,
         4.5027e-06,  6.4225e-06, -2.2965e-06, -3.8021e-06, -9.3855e-07,
         2.6260e-06, -9.6469e-07,  1.9343e-06,  8.0758e-07,  2.2407e-07,
        -2.8837e-06], device='cuda:0')), ('conv2.lin.weight', tensor([[-0.0406, -0.1116, -0.2442,  0.0105,  0.1745,  0.0649, -0.2943, -0.1845],
        [-0.0380, -0.0599, -0.1380, -0.1235,  0.3179,  0.1652, -0.0358, -0.2314],
        [ 0.1269,  0.1047,  0.0755,  0.1516,  0.4130,  0.0975,  0.2733, -0.1033],
        [-0.2106, -0.1654,  0.0171,  0.0206,  0.0865, -0.0223,  0.0730, -0.1467],
        [-0.0470,  0.3974,  0.0780,  0.0732, -0.2103, -0.2153, -0.0453, -0.1410],
        [-0.1767, -0.1055,  0.1224,  0.2562,  0.0228,  0.1100,  0.0017,  0.1252],
        [ 0.0179, -0.1799,  0.2303, -0.0767,  0.4013,  0.1793, -0.2818,  0.0495],
        [ 0.0554,  0.1459,  0.0071,  0.1226,  0.1122,  0.0098,  0.2386, -0.2713],
        [-0.2073,  0.0961,  0.2109,  0.0809,  0.2449, -0.1895,  0.0707, -0.0145],
        [ 0.2547, -0.1538,  0.0090, -0.2105,  0.2331, -0.0442,  0.0545, -0.0545],
        [-0.0738,  0.1466, -0.1389,  0.2972,  0.0564, -0.0180,  0.0642,  0.0500],
        [ 0.0801, -0.1270,  0.2669,  0.1952,  0.1961,  0.1996, -0.0936, -0.1152],
        [-0.0648,  0.0075,  0.0306,  0.3014, -0.1529, -0.0879,  0.1325, -0.0476],
        [ 0.0560, -0.0793,  0.0011,  0.2715, -0.0990, -0.2475, -0.1823,  0.0769],
        [ 0.2127, -0.0093, -0.1676,  0.1299, -0.1852, -0.2124,  0.0930, -0.1530],
        [ 0.1468,  0.0382,  0.1925, -0.1352, -0.0529,  0.2220, -0.2880, -0.0933]],
       device='cuda:0')), ('conv2.aggr.t', tensor([1.], device='cuda:0')), ('bn2.weight', tensor([0.6452, 0.6992, 0.8863, 0.7796, 0.7534, 0.6544, 0.6781, 0.7198, 0.7699,
        0.7072, 0.6611, 0.7080, 0.6272, 0.6392, 0.5784, 0.5954],
       device='cuda:0')), ('bn2.bias', tensor([-0.0545,  0.2763, -0.7941, -0.3900, -0.3855,  0.0447,  0.1298,  0.4567,
         0.5434, -0.0898,  0.0359, -0.0914,  0.1782, -0.1255,  0.1868,  0.1296],
       device='cuda:0')), ('bn2.running_mean', tensor([-0.1684, -0.0391,  0.3720, -0.0944, -0.0159,  0.1089,  0.1130,  0.1433,
         0.1323,  0.0376,  0.1415,  0.1903,  0.0516, -0.0171, -0.0652, -0.0226],
       device='cuda:0')), ('bn2.running_var', tensor([0.0470, 0.1069, 0.2675, 0.0383, 0.0726, 0.0291, 0.1287, 0.0677, 0.1090,
        0.0823, 0.0463, 0.0603, 0.0483, 0.0876, 0.0535, 0.0754],
       device='cuda:0')), ('bn2.num_batches_tracked', tensor(47024, device='cuda:0')), ('conv3.bias', tensor([ 2.0533e-06,  1.5320e-06,  1.1854e-06, -2.0591e-06, -1.3882e-06,
         5.0528e-07, -2.0055e-06,  4.3192e-06, -1.4354e-06,  2.2422e-06,
         1.4991e-06,  3.1645e-06,  1.4204e-06, -1.6086e-06, -5.0283e-07,
         2.3565e-06, -1.8337e-07, -2.0752e-06,  2.3398e-06, -1.5291e-06,
         2.5376e-08,  1.4910e-06, -1.3854e-06,  1.7635e-06, -2.2405e-06,
        -4.5579e-07,  2.9483e-06,  2.2421e-06,  2.3698e-06,  2.7621e-06,
         7.2977e-07, -2.4219e-07], device='cuda:0')), ('conv3.lin.weight', tensor([[ 0.0548,  0.0352,  0.2836, -0.0833, -0.0535, -0.0862,  0.0454,  0.0017,
         -0.1941, -0.1428,  0.0027, -0.1756,  0.1083,  0.0023, -0.1487, -0.0459],
        [-0.1198,  0.1805, -0.3638, -0.0297, -0.1338,  0.1257, -0.1461,  0.1370,
          0.1882,  0.1083,  0.0454,  0.0570,  0.0602, -0.0292,  0.0683,  0.2505],
        [ 0.0459,  0.0883, -0.0847,  0.1515,  0.0786, -0.1311, -0.1009,  0.1177,
          0.0269,  0.0824,  0.0209,  0.0968,  0.1183,  0.1684,  0.0348,  0.2225],
        [ 0.0509,  0.1520, -0.2873, -0.1590,  0.0157,  0.0466, -0.0260,  0.1193,
          0.2349, -0.0453, -0.0077,  0.0246, -0.1180, -0.0588,  0.0643,  0.0092],
        [ 0.0973, -0.0106,  0.1056, -0.0456, -0.0592, -0.2103, -0.0906,  0.0275,
          0.0688, -0.0926, -0.1258,  0.0551,  0.2070, -0.1348, -0.0858,  0.0689],
        [-0.1386,  0.0498, -0.0984, -0.0858,  0.0724, -0.0121,  0.1060,  0.1839,
         -0.0363, -0.1146, -0.1250, -0.0596, -0.0484,  0.0377, -0.1579, -0.1468],
        [-0.0534,  0.0620, -0.1595,  0.0458, -0.0336,  0.1431,  0.0145, -0.0027,
         -0.1484,  0.1560, -0.2008, -0.0377, -0.0271,  0.1343, -0.0017, -0.2461],
        [ 0.0783, -0.0540,  0.3009,  0.1606, -0.0043, -0.0711, -0.1183, -0.1457,
         -0.1907, -0.0949, -0.1514,  0.1429,  0.1181,  0.0506, -0.0962,  0.0612],
        [ 0.0255, -0.1175, -0.0541,  0.1959, -0.2154,  0.0846, -0.1307, -0.1522,
          0.0454, -0.0675,  0.0773, -0.0602, -0.0667, -0.0698,  0.0052,  0.1275],
        [-0.0697,  0.1989, -0.0012,  0.1542,  0.1202, -0.0337, -0.1243,  0.1492,
         -0.0309, -0.1694,  0.0239, -0.0613, -0.0933,  0.0964, -0.1490,  0.0272],
        [-0.1436, -0.0396,  0.1989,  0.0382,  0.2164, -0.0155,  0.0650, -0.0297,
         -0.1089, -0.0697,  0.0428,  0.0692, -0.1604,  0.0184,  0.0350,  0.0659],
        [ 0.0760, -0.1589,  0.1219, -0.0558, -0.0295, -0.0330, -0.0175,  0.1024,
         -0.1856, -0.0545, -0.0192,  0.0328,  0.1534, -0.0506, -0.1624,  0.0555],
        [-0.0796, -0.0227,  0.0168,  0.1219,  0.1329, -0.1448,  0.0077,  0.0548,
         -0.1659,  0.0354, -0.1236,  0.1794,  0.0521,  0.0980, -0.1429,  0.0008],
        [ 0.0448, -0.0131,  0.2586,  0.2293,  0.1801,  0.1286, -0.0729, -0.2007,
         -0.1501, -0.1491,  0.0290, -0.0605, -0.1979, -0.1415,  0.0165, -0.0132],
        [ 0.0165,  0.0203, -0.2826, -0.1768, -0.2609, -0.1086,  0.2081,  0.1398,
          0.3072, -0.1465,  0.0759, -0.1181,  0.1705, -0.0938,  0.0855,  0.0749],
        [-0.0359, -0.1772,  0.0699,  0.0045, -0.0930, -0.1218,  0.0825, -0.1614,
          0.1323, -0.0678,  0.0031,  0.0811, -0.0904, -0.0126, -0.0038,  0.0031],
        [-0.1052, -0.1281,  0.0807,  0.0420, -0.1583,  0.2053, -0.1422, -0.0127,
          0.0172,  0.1996, -0.0688, -0.0206, -0.1042,  0.0505,  0.2216,  0.2161],
        [-0.0106, -0.1417,  0.1231,  0.0033,  0.1574, -0.0598,  0.0824, -0.1664,
          0.0416,  0.0323,  0.1764, -0.0907,  0.0435, -0.1432, -0.0427,  0.1074],
        [ 0.0242, -0.0040,  0.0176, -0.1848, -0.1639, -0.0313, -0.0184,  0.1452,
          0.0342,  0.0261, -0.1305, -0.0269, -0.0326,  0.0988,  0.2106,  0.0131],
        [ 0.1238, -0.0462, -0.0709, -0.0887,  0.0438,  0.1203,  0.1807,  0.1653,
         -0.1222,  0.2094,  0.0183, -0.0509, -0.0408,  0.0689,  0.0912, -0.0151],
        [-0.0046, -0.1705,  0.1287, -0.1766, -0.1333, -0.0295,  0.1361, -0.0994,
          0.1397, -0.1430,  0.1300, -0.0562,  0.0418, -0.1797, -0.0375,  0.1281],
        [ 0.1267, -0.1954,  0.1332,  0.0674,  0.1386,  0.0850, -0.0581,  0.0415,
          0.0892,  0.0938,  0.0226, -0.1678, -0.3263,  0.0130,  0.1091, -0.0114],
        [ 0.0229,  0.1652, -0.0770, -0.0100, -0.0361,  0.1245, -0.0226,  0.1154,
         -0.0908, -0.2132, -0.1281,  0.0204, -0.0853, -0.1307,  0.1713,  0.0058],
        [-0.1461,  0.1478,  0.0366,  0.0469,  0.0979,  0.1195, -0.0033,  0.0284,
         -0.0815, -0.0528,  0.0709,  0.0709, -0.1470,  0.0149,  0.0994, -0.0345],
        [-0.1113,  0.0876, -0.2140,  0.0061, -0.0695, -0.0907,  0.1798,  0.2413,
         -0.1035,  0.0215,  0.0285,  0.0775,  0.0016, -0.0142,  0.1199,  0.0632],
        [-0.0526,  0.0324, -0.1366,  0.1722,  0.1355,  0.1100,  0.1364, -0.1023,
          0.0542, -0.0140,  0.0828, -0.0324, -0.1452, -0.0464,  0.1635,  0.1172],
        [ 0.0211,  0.1548,  0.0015, -0.0537,  0.1807,  0.0533,  0.2030,  0.0619,
          0.0133, -0.1278, -0.0570,  0.0442,  0.1424, -0.1364,  0.0145,  0.0131],
        [-0.0394,  0.0803, -0.2699, -0.0660, -0.0881, -0.0290, -0.0954,  0.2128,
          0.2318, -0.0692,  0.1149, -0.0231,  0.0338, -0.1368,  0.0448,  0.1896],
        [ 0.0895,  0.0558, -0.1053,  0.1347,  0.1632, -0.1069, -0.0321,  0.0591,
         -0.1980,  0.0640,  0.1004,  0.1790,  0.0309, -0.1707,  0.1284,  0.0027],
        [ 0.0207, -0.1760, -0.1364, -0.1464, -0.1572, -0.0208, -0.0523,  0.1308,
          0.1575,  0.0627, -0.0485,  0.0130,  0.1214,  0.0594, -0.0450, -0.0772],
        [-0.0510, -0.0317,  0.0475,  0.2968,  0.1724, -0.1859,  0.0797, -0.0566,
         -0.1742,  0.2271,  0.0840,  0.1195,  0.1333,  0.1299,  0.0687,  0.1776],
        [ 0.0293,  0.1770, -0.2175,  0.1117, -0.0565,  0.0363,  0.1793,  0.0880,
          0.0980, -0.1811, -0.0184, -0.1003,  0.1612, -0.0758,  0.0833,  0.0865]],
       device='cuda:0')), ('bn3.weight', tensor([1., 1., 1., 1., 1., 1., 1., 1., 1., 1., 1., 1., 1., 1., 1., 1., 1., 1.,
        1., 1., 1., 1., 1., 1., 1., 1., 1., 1., 1., 1., 1., 1.],
       device='cuda:0')), ('bn3.bias', tensor([0., 0., 0., 0., 0., 0., 0., 0., 0., 0., 0., 0., 0., 0., 0., 0., 0., 0., 0., 0., 0., 0., 0., 0.,
        0., 0., 0., 0., 0., 0., 0., 0.], device='cuda:0')), ('bn3.running_mean', tensor([0., 0., 0., 0., 0., 0., 0., 0., 0., 0., 0., 0., 0., 0., 0., 0., 0., 0., 0., 0., 0., 0., 0., 0.,
        0., 0., 0., 0., 0., 0., 0., 0.], device='cuda:0')), ('bn3.running_var', tensor([1., 1., 1., 1., 1., 1., 1., 1., 1., 1., 1., 1., 1., 1., 1., 1., 1., 1.,
        1., 1., 1., 1., 1., 1., 1., 1., 1., 1., 1., 1., 1., 1.],
       device='cuda:0')), ('bn3.num_batches_tracked', tensor(0, device='cuda:0'))])