OrderedDict([('conv1.bias', tensor([-2.8688e-06,  3.2295e-06, -3.3537e-06,  2.7410e-06,  5.4793e-06,
         6.0223e-06,  4.4847e-07,  1.7913e-06], device='cuda:0')), ('conv1.lin.weight', tensor([[-5.7769e-02,  8.5962e-02, -2.4270e-01,  1.6744e-01,  2.4209e-01,
          6.9845e-02, -1.9030e-42,  9.8833e-17,  2.1622e-42, -2.5924e-43,
         -1.2534e-01],
        [-6.4102e-02,  1.4543e-01, -1.5837e-01, -1.9487e-01, -1.2372e-02,
         -1.3664e-01, -1.2696e-42, -7.4409e-42, -5.7818e-42,  2.2715e-42,
          5.1658e-03],
        [-3.5774e-01,  3.3191e-01,  2.9835e-01, -1.6334e-01,  1.0684e-02,
          5.1253e-02, -7.9874e-43,  1.7432e-42,  1.1742e-08, -3.2723e-06,
         -2.2626e-01],
        [-2.0211e-01, -3.3422e-01, -1.2482e-01, -2.9925e-01,  7.4636e-02,
         -1.5112e-01,  2.3556e-42,  5.6851e-42,  1.9058e-42, -1.6283e-42,
         -2.7759e-01],
        [-4.1363e-02,  7.2663e-02, -2.0728e-01,  8.4416e-02, -2.1372e-02,
         -3.1124e-01,  1.4503e-42,  8.5059e-43, -1.9100e-42,  3.8956e-43,
          2.2939e-01],
        [-1.1301e-01, -2.4383e-02,  1.0530e-01, -3.4624e-02,  1.0691e-01,
          5.3053e-02,  1.1028e-42, -1.0113e-14, -2.4299e-42,  1.2962e-42,
         -1.9244e-01],
        [-2.1625e-01,  2.6608e-02,  3.8162e-01, -1.7562e-01,  1.0330e-01,
          3.7412e-02,  1.8273e-42,  4.4187e-24,  8.6334e-42, -1.5274e-42,
         -1.3788e-01],
        [-2.4882e-01,  3.3201e-01,  2.9898e-01, -2.7631e-01,  5.4156e-02,
          4.7794e-02, -5.7187e-42, -6.5698e-08, -1.8497e-43, -2.3290e-42,
         -1.6903e-01]], device='cuda:0')), ('conv1.aggr.t', tensor([1.], device='cuda:0')), ('bn1.weight', tensor([0.6837, 0.7559, 0.9112, 0.6879, 0.8565, 0.8825, 0.8360, 0.9016],
       device='cuda:0')), ('bn1.bias', tensor([-0.1870,  0.0169,  0.1766, -0.0108,  0.0857,  0.1445,  0.1293,  0.1693],
       device='cuda:0')), ('bn1.running_mean', tensor([ 0.1713, -0.4598,  0.0138, -0.8876, -0.9310,  0.0224, -0.0231,  0.0735],
       device='cuda:0')), ('bn1.running_var', tensor([0.0283, 0.0698, 0.0670, 0.1683, 0.3322, 0.0198, 0.0249, 0.0493],
       device='cuda:0')), ('bn1.num_batches_tracked', tensor(47024, device='cuda:0')), ('conv2.bias', tensor([ 3.7485e-07,  3.1401e-06, -5.2977e-06, -5.6721e-08,  1.4355e-05,
         2.2866e-07, -5.8632e-06,  1.8900e-05,  3.8697e-06, -2.8685e-06,
        -4.0700e-06, -9.1722e-06, -4.1795e-08,  4.1519e-06, -1.5484e-06,
        -1.4767e-06], device='cuda:0')), ('conv2.lin.weight', tensor([[-0.0909,  0.2111,  0.0340, -0.1834,  0.4305, -0.1549, -0.1841,  0.1615],
        [ 0.0698,  0.1324,  0.0993,  0.2071, -0.3133,  0.4358,  0.1731,  0.1580],
        [ 0.2347,  0.0861,  0.1563, -0.1302,  0.1527,  0.0719,  0.4255,  0.0658],
        [-0.3081, -0.0048,  0.1712, -0.0550,  0.0154, -0.2742, -0.0205, -0.3485],
        [-0.3656, -0.0408,  0.1972,  0.0815,  0.2392,  0.1872,  0.4253,  0.2525],
        [ 0.0360,  0.1923, -0.3234,  0.3808, -0.1781, -0.1692, -0.1564, -0.1842],
        [-0.1993,  0.2087, -0.0944, -0.0161,  0.3326, -0.2974,  0.0066,  0.1296],
        [ 0.2392, -0.2044, -0.1535, -0.0238,  0.1936, -0.2100, -0.0907, -0.1295],
        [-0.2240, -0.0632,  0.3350, -0.0797, -0.1913,  0.3295,  0.3027, -0.1111],
        [-0.0339,  0.1193, -0.0738,  0.1773,  0.4336, -0.1511, -0.1998,  0.1445],
        [ 0.0932,  0.0780,  0.1649, -0.1338, -0.3730,  0.1032, -0.1696,  0.4278],
        [ 0.0798, -0.3220,  0.2938, -0.0688,  0.2907, -0.0968,  0.2203,  0.1644],
        [-0.0395,  0.3372, -0.1239, -0.0856, -0.1019, -0.1759,  0.0260,  0.2233],
        [-0.1209, -0.1391,  0.4074, -0.0613,  0.1553,  0.1376,  0.1495, -0.0278],
        [ 0.0418,  0.0838, -0.0624,  0.2034,  0.2103, -0.2305, -0.1968, -0.2915],
        [ 0.1822, -0.1151, -0.4173,  0.0363,  0.3101, -0.2145, -0.1533,  0.2262]],
       device='cuda:0')), ('conv2.aggr.t', tensor([1.], device='cuda:0')), ('bn2.weight', tensor([0.7964, 0.8253, 0.8069, 0.8067, 0.8160, 0.8396, 0.8570, 0.8237, 0.8258,
        0.8257, 0.7388, 0.8478, 0.7482, 0.8453, 0.8357, 0.8162],
       device='cuda:0')), ('bn2.bias', tensor([-0.2238, -0.2999,  0.1295, -0.5690,  0.1581, -0.5570,  0.0108, -0.2521,
         0.7283, -0.1963,  0.6111,  0.6257,  0.0301, -0.6602,  0.9176, -0.1283],
       device='cuda:0')), ('bn2.running_mean', tensor([ 0.1164,  0.3495,  0.3879, -0.2719,  0.4680, -0.2605,  0.0414, -0.1936,
         0.1926,  0.1370,  0.1110,  0.2649,  0.0131,  0.2632, -0.1600, -0.1032],
       device='cuda:0')), ('bn2.running_var', tensor([0.1765, 0.4115, 0.2749, 0.2022, 0.3758, 0.3805, 0.2194, 0.1401, 0.3937,
        0.2355, 0.3275, 0.2252, 0.0698, 0.2063, 0.3735, 0.2542],
       device='cuda:0')), ('bn2.num_batches_tracked', tensor(47024, device='cuda:0')), ('conv3.bias', tensor([-1.4621e-06, -3.0053e-06,  6.1726e-07, -2.7324e-06,  3.4420e-06,
        -5.1515e-08,  2.3214e-06,  2.1865e-06,  3.0276e-06, -2.6039e-06,
        -2.1725e-06,  1.6383e-06,  4.6847e-06,  1.3181e-06,  8.4304e-08,
         4.9567e-06,  1.8830e-06,  4.8910e-07, -8.1093e-07, -7.6868e-07,
        -6.7106e-07,  2.2924e-06, -1.8289e-06, -1.9113e-06,  1.0888e-06,
         2.4352e-06,  3.1368e-07,  2.3435e-06, -2.6203e-07,  1.9737e-06,
         2.7221e-06, -5.1682e-07], device='cuda:0')), ('conv3.lin.weight', tensor([[-1.5591e-01, -1.6427e-01, -1.4798e-01, -1.9988e-01,  1.9173e-01,
          8.9385e-02,  2.6064e-01,  2.8028e-01,  1.2320e-01, -2.0290e-01,
          1.3474e-01, -9.1416e-02,  4.5824e-02,  1.5678e-01, -2.0823e-02,
          6.3452e-02],
        [-1.1391e-01, -6.2767e-02, -5.6941e-02, -1.6363e-02,  6.9000e-02,
          1.4762e-02,  1.5548e-01, -1.0675e-01, -2.3662e-02, -3.5681e-02,
          4.1817e-02,  1.3993e-01, -1.1050e-02, -1.2698e-01,  1.8632e-01,
         -1.8342e-01],
        [-2.0797e-01,  2.2726e-01, -6.8795e-02,  8.4316e-02, -1.5883e-01,
         -2.1276e-01,  2.5452e-01,  3.6257e-02,  2.9000e-01,  2.0809e-01,
          9.3266e-02, -5.5958e-02, -2.0434e-01, -1.2820e-01,  2.7693e-02,
          1.3528e-01],
        [-8.1057e-02, -1.9207e-01,  3.9179e-02,  7.6702e-02, -7.7686e-02,
          2.3327e-01, -1.8511e-01,  1.9404e-01,  1.5318e-01,  2.2973e-01,
          6.3321e-02,  8.3186e-02,  8.5310e-02,  1.3079e-01, -2.3148e-01,
         -7.6669e-02],
        [ 1.1306e-01, -2.1917e-01,  9.4884e-02, -7.3557e-02, -1.7996e-01,
          1.2786e-01,  9.1030e-02, -2.3929e-01,  3.3789e-01,  2.6397e-02,
          1.8030e-01, -1.4043e-02, -2.0537e-01,  4.1950e-02,  1.3609e-01,
          1.6595e-01],
        [ 4.2773e-02, -1.4034e-01, -6.2956e-02, -6.5723e-02, -8.3709e-02,
          7.3988e-02, -1.3172e-01, -4.3733e-02, -1.7327e-01, -2.8443e-02,
          6.1861e-02, -5.8437e-02,  1.2128e-01,  2.9112e-01, -2.9977e-02,
         -6.3783e-02],
        [ 6.0870e-02,  1.4498e-01, -1.4354e-01,  2.5679e-01, -1.3582e-01,
          1.8711e-01,  1.7473e-01,  8.1360e-02, -2.0053e-01,  1.0882e-01,
         -3.0799e-01, -3.2750e-01, -6.0357e-02,  2.2024e-01, -4.2981e-01,
          7.0594e-02],
        [ 6.0683e-02,  2.3178e-01,  9.4874e-02,  1.5238e-01, -2.7652e-02,
          1.5947e-01, -2.2509e-01, -9.5315e-03,  1.3613e-02,  1.5181e-01,
          1.1225e-01, -2.7573e-02,  5.0252e-02,  2.8935e-01,  1.4419e-01,
          2.3643e-01],
        [ 1.1195e-01, -1.2049e-02,  1.9649e-01,  1.2035e-02,  2.8981e-01,
          2.7638e-03,  1.2800e-01, -4.5326e-02, -1.5256e-01, -3.4112e-01,
          1.5979e-01, -2.1772e-01, -6.4692e-02, -5.4792e-02,  1.9301e-01,
          1.2394e-01],
        [ 1.9403e-01, -1.2181e-01, -1.5668e-02, -1.9615e-01, -5.3602e-02,
          1.7891e-01, -1.9343e-01, -4.7962e-02,  6.2592e-05, -2.9118e-02,
         -3.7432e-02,  2.8419e-01,  1.1482e-01, -2.2501e-02,  2.0909e-01,
         -1.4989e-01],
        [-1.9454e-01, -2.0028e-01,  1.9604e-01, -2.7736e-02, -4.4103e-02,
          1.6240e-01,  1.3378e-01,  1.0828e-01,  5.9910e-02,  1.0329e-01,
          8.4002e-02, -1.8709e-01, -9.1960e-02,  6.1176e-02, -2.1500e-01,
         -1.2527e-01],
        [-6.5660e-02, -7.3148e-02, -1.3260e-01, -5.8271e-02,  1.5421e-01,
          5.0091e-02,  2.9153e-01,  1.1447e-01,  1.5745e-01, -1.4705e-01,
          1.3016e-01,  3.4020e-02, -9.6619e-02, -4.4741e-02,  1.4964e-01,
         -1.4069e-01],
        [-6.3009e-02,  1.5161e-01, -1.2854e-01, -4.2374e-02, -5.8471e-02,
          3.0991e-01,  2.6678e-01,  1.7610e-01, -7.9625e-02, -3.8236e-02,
          2.0581e-01,  1.9373e-01, -1.3419e-01,  1.3201e-01, -1.0225e-01,
         -1.2182e-01],
        [ 1.7800e-01, -1.7984e-01, -5.1800e-02, -1.1454e-01,  1.9890e-01,
          8.6016e-02,  1.3908e-02,  1.9634e-01,  5.1234e-02, -2.4594e-01,
          6.1980e-02,  2.4729e-02,  3.8963e-02,  3.5430e-02,  3.4163e-02,
         -2.7228e-02],
        [-1.3711e-02,  1.3609e-01, -9.6916e-02,  9.6617e-02,  1.0183e-01,
         -2.5302e-02,  1.1079e-01, -1.8947e-01, -1.3237e-01, -1.7755e-01,
          8.0516e-02, -9.4002e-02, -6.4780e-03,  2.8597e-01,  2.2357e-01,
          2.1554e-01],
        [-2.0791e-01,  2.7570e-01, -8.7886e-02,  1.4978e-01,  3.1460e-02,
         -1.3697e-01,  1.6124e-01,  1.5639e-01,  6.8637e-02,  2.2731e-01,
          5.5619e-03,  1.6063e-01, -1.2648e-01, -2.5900e-01, -9.3375e-02,
          1.3795e-03],
        [ 3.4570e-03, -1.7791e-02, -4.2640e-02,  1.8624e-01, -1.3178e-01,
         -1.8137e-01, -1.6663e-01, -1.2706e-01,  2.8238e-01,  2.0946e-01,
          1.0460e-01,  7.9092e-02, -6.6881e-03, -2.7574e-01, -1.8645e-02,
          2.0026e-01],
        [ 2.2450e-02, -2.8046e-02, -3.7177e-02, -1.6665e-01, -1.4978e-01,
          7.0287e-02,  6.6260e-02,  1.4643e-01,  4.5465e-02, -1.0732e-02,
          5.6398e-02,  1.8033e-01, -3.9858e-03, -1.5192e-01,  2.2132e-02,
         -2.5131e-01],
        [ 8.1148e-02,  5.2814e-02, -2.5871e-01, -2.1472e-01, -1.7327e-01,
         -1.9571e-01,  1.8530e-01, -6.2406e-02,  1.8852e-01, -1.5975e-01,
         -8.4187e-02,  4.5115e-02, -7.5132e-02,  1.2701e-02,  1.4196e-01,
          1.0497e-01],
        [-1.5412e-01, -8.5792e-02,  2.9030e-02, -3.3639e-02, -3.6803e-02,
          7.5968e-02, -1.0133e-01,  1.3819e-02,  9.1202e-02,  1.5912e-01,
          6.2947e-03,  2.4961e-01,  1.6599e-01, -1.1039e-01,  1.7556e-01,
         -1.1195e-01],
        [-9.2671e-02, -9.6505e-02,  6.8039e-02, -7.2249e-02,  3.8294e-02,
         -1.1786e-01, -6.5468e-02,  1.8029e-01,  9.1079e-02, -2.8980e-02,
          7.6521e-02, -5.4287e-02,  2.0617e-01, -5.6218e-05,  3.0684e-01,
         -1.0610e-01],
        [-1.6546e-01, -2.7153e-02, -1.8737e-01, -2.5816e-02,  1.6927e-01,
          3.9529e-02,  1.0635e-01,  7.1580e-02, -1.2984e-01,  1.8115e-03,
          7.7845e-02,  1.9544e-02,  3.4734e-02,  1.3221e-01, -1.1939e-01,
          6.6002e-02],
        [-1.5627e-01, -1.3921e-01, -1.0427e-01, -1.3443e-01, -4.9877e-03,
         -1.1586e-01,  2.4493e-01,  1.2532e-02,  1.0756e-01, -1.2007e-01,
          1.6345e-02, -2.0047e-01, -2.4913e-02,  4.8592e-02,  4.5539e-02,
         -7.9846e-02],
        [-1.4045e-01,  4.4064e-02, -1.9414e-01, -1.5055e-01, -1.9966e-01,
         -1.0862e-01,  1.7553e-01, -2.0294e-01,  2.1374e-03,  2.9762e-02,
          1.2179e-02,  1.5933e-01, -1.6813e-02, -5.9202e-02,  1.3469e-01,
          1.0190e-02],
        [ 2.8369e-01,  1.7171e-01,  5.4726e-02, -3.6068e-02, -2.4202e-01,
          1.6721e-02, -1.4076e-01,  2.6647e-02, -4.1134e-02, -2.1569e-01,
         -1.8822e-01,  1.0697e-01,  9.2394e-02,  1.2852e-01,  8.6292e-02,
          2.7859e-02],
        [-3.2023e-02, -8.4936e-02, -2.5370e-01, -6.4028e-02,  1.6476e-01,
         -2.2131e-01, -1.2117e-02,  1.9798e-01,  1.5221e-01, -1.3644e-01,
         -6.0840e-02, -1.9291e-01,  1.2672e-01,  2.1073e-01, -1.8369e-02,
          2.2166e-01],
        [-7.0272e-02, -1.0283e-01,  1.2820e-02,  1.9032e-04,  2.3183e-02,
          9.5158e-02, -1.9277e-01, -2.1594e-02, -3.3730e-01,  7.5122e-02,
          3.6500e-02, -5.5090e-02,  1.7919e-01,  2.9209e-01, -1.2131e-01,
         -3.2262e-02],
        [-1.0744e-01,  2.0071e-01, -1.4540e-01, -1.7024e-01, -7.0513e-02,
         -2.0764e-01,  1.1398e-01, -1.2906e-02, -2.1498e-02, -2.6118e-02,
         -1.2102e-01, -1.1211e-01,  3.8021e-02,  5.9110e-02,  1.4535e-01,
          3.9764e-02],
        [-1.0047e-01, -7.0641e-02, -2.0188e-01, -9.3578e-02,  1.1170e-02,
         -1.1112e-01,  1.2127e-01, -2.0645e-01, -2.3901e-01, -1.1923e-01,
          3.9949e-02,  7.2266e-03,  7.2934e-02,  1.7440e-01,  2.0682e-01,
         -9.3280e-02],
        [ 8.0874e-03, -2.5036e-01, -1.1197e-01,  1.0018e-01, -8.0638e-02,
          3.4273e-02, -1.1501e-01, -2.0646e-01,  1.2588e-01,  1.0265e-01,
         -6.6303e-02,  2.1198e-01,  7.7824e-03, -2.0862e-01, -1.9008e-01,
         -8.0240e-02],
        [ 1.5349e-01, -2.3290e-01, -2.5134e-02, -1.9254e-01, -1.4302e-01,
         -1.3626e-01,  5.8541e-02, -2.0415e-01,  2.3803e-01, -1.7678e-01,
         -1.4398e-01,  1.9774e-02, -4.2041e-02, -1.4836e-01,  1.4953e-01,
         -2.2577e-03],
        [ 2.0068e-01, -5.0243e-02, -1.1172e-01,  2.4026e-02,  5.6070e-03,
         -1.6519e-02, -8.2233e-02, -3.9371e-02, -1.7097e-01, -9.7072e-02,
         -1.6131e-01, -4.3739e-03, -4.4676e-02,  7.2284e-02, -2.2812e-01,
         -1.1750e-01]], device='cuda:0')), ('bn3.weight', tensor([1., 1., 1., 1., 1., 1., 1., 1., 1., 1., 1., 1., 1., 1., 1., 1., 1., 1.,
        1., 1., 1., 1., 1., 1., 1., 1., 1., 1., 1., 1., 1., 1.],
       device='cuda:0')), ('bn3.bias', tensor([0., 0., 0., 0., 0., 0., 0., 0., 0., 0., 0., 0., 0., 0., 0., 0., 0., 0., 0., 0., 0., 0., 0., 0.,
        0., 0., 0., 0., 0., 0., 0., 0.], device='cuda:0')), ('bn3.running_mean', tensor([0., 0., 0., 0., 0., 0., 0., 0., 0., 0., 0., 0., 0., 0., 0., 0., 0., 0., 0., 0., 0., 0., 0., 0.,
        0., 0., 0., 0., 0., 0., 0., 0.], device='cuda:0')), ('bn3.running_var', tensor([1., 1., 1., 1., 1., 1., 1., 1., 1., 1., 1., 1., 1., 1., 1., 1., 1., 1.,
        1., 1., 1., 1., 1., 1., 1., 1., 1., 1., 1., 1., 1., 1.],
       device='cuda:0')), ('bn3.num_batches_tracked', tensor(0, device='cuda:0'))])