OrderedDict([('conv1.bias', tensor([ 3.4519e-06,  3.3490e-06, -1.6309e-06,  8.5224e-06, -1.4192e-05,
         6.2003e-06, -2.2579e-06, -1.8720e-05], device='cuda:0')), ('conv1.lin.weight', tensor([[-1.7693e-01, -2.5269e-01,  6.7671e-03, -7.6591e-04,  5.6129e-04,
         -2.3134e-01,  1.0245e-41, -1.6605e-42, -9.3408e-32,  1.5922e-07,
          2.9450e-01],
        [-1.6770e-01,  2.4069e-01,  2.3583e-01, -8.3595e-02,  5.9209e-02,
          2.4407e-02, -5.8174e-16, -6.4179e-43,  3.3869e-42, -1.5695e-42,
         -1.6689e-01],
        [ 2.1912e-01, -2.0206e-01, -5.8062e-02,  1.4183e-02, -3.6606e-04,
         -9.9063e-02,  5.5772e-42, -6.5441e-42, -2.3107e-42,  3.7821e-42,
          2.6681e-01],
        [-2.4480e-01,  1.3715e-01,  8.0911e-02,  3.0179e-02,  2.5786e-02,
          1.8146e-02, -5.6388e-42,  5.3711e-10, -1.1449e-42,  7.8192e-43,
         -7.1037e-02],
        [-3.0162e-01, -2.3883e-01,  3.8394e-01, -2.6804e-02, -1.7239e-03,
         -7.2319e-02,  8.7735e-42, -4.3900e-15,  4.6575e-22,  1.2878e-42,
          9.9109e-02],
        [ 8.7731e-02,  1.6307e-01, -1.1382e-01, -5.1266e-02,  2.1728e-03,
         -8.6492e-02, -6.6071e-42, -5.7274e-26,  1.1519e-09, -3.8835e-14,
          2.8852e-01],
        [-1.3583e-01,  1.9972e-01,  7.3836e-02, -2.9019e-01,  5.6072e-02,
          5.4753e-02, -3.6087e-10, -2.9960e-42,  9.5288e-44,  3.0436e-42,
         -7.0675e-02],
        [-2.1217e-01,  5.7622e-02, -4.7598e-02, -5.3151e-02,  1.9096e-04,
         -1.0856e-01,  1.8847e-42,  2.0290e-13, -6.1760e-25, -9.7300e-08,
         -1.2847e-02]], device='cuda:0')), ('conv1.aggr.t', tensor([1.], device='cuda:0')), ('bn1.weight', tensor([0.8498, 0.8034, 0.9550, 0.8796, 0.5836, 0.7180, 0.8109, 0.8071],
       device='cuda:0')), ('bn1.bias', tensor([ 0.0091, -0.0179,  0.0860,  0.1054, -0.0635, -0.1579,  0.0668, -0.0178],
       device='cuda:0')), ('bn1.running_mean', tensor([-0.8755,  0.0153, -0.1938, -0.0276, -0.4259, -0.0627,  0.1606, -0.4991],
       device='cuda:0')), ('bn1.running_var', tensor([0.1935, 0.0224, 0.0830, 0.0213, 0.0140, 0.0462, 0.0329, 0.0279],
       device='cuda:0')), ('bn1.num_batches_tracked', tensor(47024, device='cuda:0')), ('conv2.bias', tensor([ 4.0019e-06,  1.5206e-06, -1.4593e-05, -6.9351e-07, -1.0172e-05,
        -3.6482e-06, -7.0009e-07,  4.5753e-06, -6.9966e-07,  4.8085e-07,
         1.5023e-05, -3.1738e-06,  9.8128e-06,  5.7684e-06, -7.3933e-06,
        -3.2516e-06], device='cuda:0')), ('conv2.lin.weight', tensor([[-0.2808, -0.2588, -0.2424,  0.2462, -0.1557,  0.1946,  0.3279,  0.0741],
        [-0.1104,  0.2009, -0.2543,  0.1691,  0.1742,  0.0572, -0.0968,  0.0394],
        [-0.0284, -0.0291,  0.3055,  0.1942, -0.1750, -0.1416,  0.2214, -0.2644],
        [ 0.2157,  0.0029,  0.1805, -0.1734,  0.1257, -0.0079, -0.1814, -0.1163],
        [-0.2421,  0.0200,  0.1683,  0.1835, -0.0115, -0.0538,  0.3578, -0.2688],
        [ 0.2798, -0.0343,  0.3417, -0.0582,  0.0382, -0.2164, -0.0447, -0.2566],
        [-0.0395, -0.2376, -0.4466,  0.0725,  0.3418, -0.0155,  0.2617,  0.2048],
        [-0.1754, -0.0936, -0.1707,  0.2174, -0.1470, -0.0046,  0.2727,  0.1460],
        [ 0.3061, -0.3223, -0.0726, -0.1759, -0.0708,  0.1685,  0.0941,  0.1013],
        [-0.1525,  0.1434, -0.2172,  0.2056, -0.1788,  0.0405,  0.0833, -0.0764],
        [ 0.3582,  0.3297,  0.1379, -0.2442,  0.0017, -0.0917, -0.2197,  0.1241],
        [-0.2544, -0.0346,  0.1738,  0.0372,  0.0438,  0.1623,  0.3596, -0.3983],
        [-0.0030,  0.0926,  0.3833,  0.3255, -0.0172,  0.1900,  0.3845,  0.1387],
        [ 0.1023, -0.2527,  0.1048, -0.1027,  0.3534, -0.0420, -0.1848,  0.1040],
        [ 0.0854,  0.2094,  0.1450,  0.2089,  0.0597, -0.0267,  0.1409, -0.1869],
        [-0.2121,  0.0434, -0.4224, -0.2609,  0.1076, -0.1416, -0.4999,  0.3137]],
       device='cuda:0')), ('conv2.aggr.t', tensor([1.], device='cuda:0')), ('bn2.weight', tensor([0.8300, 0.8028, 0.8290, 0.8285, 0.8837, 0.8406, 0.7631, 0.8140, 0.8361,
        0.8635, 0.7978, 0.8090, 0.7209, 0.8340, 0.8228, 0.7283],
       device='cuda:0')), ('bn2.bias', tensor([-0.7367, -0.2826,  0.5390,  0.1051, -0.8774, -0.3176,  0.5895,  0.7699,
        -0.4246,  0.3313, -0.2206,  0.7267, -0.0130, -0.7224,  0.7684,  0.3687],
       device='cuda:0')), ('bn2.running_mean', tensor([-0.0349,  0.0023,  0.1422, -0.0024,  0.1124,  0.0863, -0.0324,  0.0477,
        -0.0228, -0.0327,  0.1317,  0.0342,  0.5443, -0.0250,  0.2483, -0.4433],
       device='cuda:0')), ('bn2.running_var', tensor([0.1930, 0.1020, 0.0944, 0.1097, 0.1816, 0.1122, 0.1402, 0.1230, 0.1433,
        0.1616, 0.1654, 0.1580, 0.1830, 0.1631, 0.0975, 0.2196],
       device='cuda:0')), ('bn2.num_batches_tracked', tensor(47024, device='cuda:0')), ('conv3.bias', tensor([-3.5881e-06, -2.4249e-06, -1.2329e-06, -2.1051e-06, -1.6569e-06,
        -1.2992e-06, -7.9454e-08,  8.5026e-07,  4.9056e-07, -3.0334e-07,
         5.3503e-07,  2.9457e-06, -5.3307e-09,  3.6479e-06,  7.3727e-07,
         2.2611e-06, -1.4392e-06,  1.0095e-06,  1.9395e-06,  9.0809e-07,
         1.5874e-06,  1.5140e-06,  1.4183e-06,  1.6721e-07,  1.2891e-06,
         3.6227e-06,  6.2970e-07, -8.3587e-07,  3.8419e-06,  2.2702e-06,
        -2.3454e-06,  1.6243e-06], device='cuda:0')), ('conv3.lin.weight', tensor([[ 2.0494e-01,  1.7859e-01, -1.0011e-01,  1.5504e-01,  1.5878e-01,
         -9.7685e-03, -1.5832e-01,  2.0772e-01, -2.2300e-02, -1.4054e-01,
          1.6913e-01, -1.8712e-01, -1.3886e-01, -1.9044e-02,  4.0048e-02,
         -2.0554e-01],
        [ 2.2561e-01,  8.0511e-02,  1.4299e-01,  3.2916e-01,  2.1375e-01,
         -4.4605e-02, -6.3163e-02,  1.3484e-01,  1.7312e-01,  1.3933e-01,
          2.6044e-01,  1.0387e-01,  5.3548e-02, -7.6719e-03, -2.1674e-01,
          1.5609e-01],
        [ 1.8749e-01, -3.9881e-02,  1.0398e-01, -1.2938e-01, -3.1781e-01,
         -1.5402e-01, -1.0255e-01,  1.5051e-01, -1.3607e-01, -1.7430e-01,
          2.8449e-01,  1.8269e-01,  2.5931e-02,  1.5829e-01,  9.6034e-02,
          3.9763e-03],
        [ 2.0492e-01, -1.5107e-01, -7.5776e-02, -1.0174e-02, -1.8379e-01,
         -2.0928e-01, -1.1835e-01, -1.9849e-02, -1.5350e-01, -5.5035e-02,
          1.0867e-01,  9.0647e-02,  8.4909e-02,  3.8141e-02,  3.5248e-02,
         -1.5247e-02],
        [-1.3384e-01, -1.7735e-01,  1.5289e-01, -1.2793e-01, -1.9510e-01,
         -8.4645e-02,  1.2385e-01,  7.2666e-02,  3.1783e-02,  9.2724e-02,
          3.2101e-02,  9.6482e-02,  2.5178e-02,  2.2748e-01,  1.7913e-01,
          1.3330e-01],
        [-1.5596e-01,  1.1501e-01,  4.3218e-02,  2.8747e-02,  1.3510e-01,
          1.4112e-01,  1.8659e-01,  2.5031e-01, -1.6266e-01, -1.8402e-01,
          1.1765e-01, -9.2226e-02,  2.0805e-02, -6.9216e-02, -2.3113e-01,
         -1.8931e-02],
        [-1.6327e-01, -4.5572e-02,  5.4903e-02,  4.7168e-02, -7.7162e-02,
          8.0004e-03, -1.4443e-01,  3.3045e-02,  5.2965e-02,  2.8357e-01,
         -2.2839e-01,  5.1248e-03,  9.0831e-02,  1.8623e-01,  3.8952e-02,
          4.8500e-02],
        [-5.2417e-02,  4.1045e-02,  1.3923e-02,  2.8331e-01, -2.2263e-01,
         -5.7983e-02,  8.5420e-02, -6.2584e-02, -3.0834e-03,  1.7872e-01,
         -1.4868e-03,  2.3027e-01,  1.2654e-01, -1.5853e-01, -2.1789e-01,
         -2.2225e-02],
        [ 1.7745e-01, -7.1722e-02, -9.5799e-02,  5.0731e-02, -1.8197e-01,
          6.7807e-02, -5.1646e-02,  7.0730e-02, -6.4796e-02,  1.5398e-01,
          2.4201e-03,  1.6165e-02, -9.9511e-02,  6.2092e-02,  8.3834e-02,
          1.9914e-02],
        [ 1.0002e-01,  1.7962e-01,  3.4046e-02,  2.4897e-01,  9.0017e-02,
         -1.5181e-01, -1.5254e-01,  1.7258e-01,  2.1984e-01, -2.7429e-01,
         -2.0446e-01, -1.0307e-01,  9.0864e-02,  8.3651e-02,  3.0949e-01,
          1.7963e-01],
        [-1.3707e-01,  1.1204e-01, -9.9234e-02,  8.0952e-02,  4.9556e-02,
          1.7651e-01,  4.2312e-02,  2.4070e-01,  1.2276e-01,  1.9249e-01,
         -9.6016e-03, -4.2047e-02, -5.1013e-02,  1.5844e-01,  8.5876e-02,
         -8.7753e-02],
        [-6.3054e-02,  9.9025e-02,  3.3296e-01,  2.0557e-01,  7.4629e-02,
         -4.3505e-02, -3.7037e-02,  1.7141e-01,  8.7165e-02,  3.0504e-01,
          7.2016e-02, -1.9796e-01,  3.6199e-02,  1.4072e-01, -1.4440e-01,
          1.6459e-01],
        [ 6.9870e-02,  1.3291e-01, -1.3031e-01,  2.0475e-01,  1.1549e-01,
         -8.2612e-02,  6.0586e-02,  3.1663e-02, -6.6499e-02, -2.1957e-01,
          1.2369e-01, -3.9909e-04,  1.0150e-01, -1.7297e-01, -8.0692e-02,
         -1.4115e-02],
        [ 1.3989e-01, -2.6880e-01, -2.4989e-01, -5.7770e-02,  2.3097e-02,
         -8.4778e-02, -1.1906e-01, -1.6514e-01, -7.5524e-02,  2.9461e-02,
          5.3710e-02,  1.6512e-01,  2.7148e-02,  1.5869e-02,  1.9988e-01,
          6.0271e-02],
        [-1.0993e-02,  2.0161e-01, -1.6939e-01,  1.3687e-01,  1.4097e-02,
          5.4874e-02, -2.0159e-01,  8.7222e-02,  2.0813e-01,  9.5873e-02,
         -2.8584e-01,  8.6349e-03,  1.5751e-01,  1.7509e-01,  1.7830e-01,
          9.0112e-02],
        [ 1.7001e-01, -1.4072e-01,  2.9280e-02, -7.3259e-02,  3.0661e-02,
          2.0983e-01,  1.2584e-01,  6.5762e-02, -1.4215e-01,  1.6163e-01,
          1.6609e-01, -1.4077e-01, -5.1789e-02, -7.2121e-03, -1.9248e-01,
         -4.9935e-02],
        [-2.4873e-02, -1.9466e-01, -3.2417e-01, -3.9445e-02,  2.1460e-01,
          2.2682e-01,  1.1513e-01, -1.6145e-01, -1.7273e-01,  2.6994e-01,
         -9.0868e-02, -1.2034e-01, -5.6761e-02,  9.2995e-02,  9.2003e-02,
         -6.9837e-02],
        [ 2.6822e-01,  1.5567e-02, -1.3330e-01,  4.5568e-02,  1.4078e-01,
          1.8920e-02, -9.4086e-02,  5.5793e-02, -9.2674e-02, -1.3601e-01,
          1.4318e-01, -2.4316e-02,  8.8704e-02,  1.3621e-01,  1.7228e-01,
          1.2707e-01],
        [-4.9253e-01, -2.1533e-01,  3.3181e-01,  1.4609e-01, -7.2454e-01,
         -2.2687e-01,  3.3337e-01,  4.6810e-01, -1.9201e-01,  1.8534e-01,
         -1.4959e-01,  5.2749e-01, -1.6286e-03, -3.6332e-01,  4.7686e-01,
          2.4565e-01],
        [-6.2130e-02,  6.2952e-02,  2.2356e-01, -2.0111e-01,  2.5195e-01,
         -1.6714e-01,  6.1752e-02, -1.8156e-01,  2.0798e-01, -2.6533e-01,
          1.3363e-01, -1.4734e-01,  8.8105e-02, -2.5986e-01, -1.1855e-01,
          1.2302e-01],
        [ 1.7755e-01,  3.3382e-02, -9.7799e-02, -5.1372e-02,  2.5292e-01,
          2.9744e-01,  4.2538e-02, -8.6413e-02,  1.4897e-01, -9.9342e-02,
         -5.0294e-02, -1.4339e-01,  1.2857e-01, -2.5708e-01, -4.6007e-02,
          1.5469e-01],
        [ 1.4501e-01, -8.1081e-02,  4.4767e-04, -1.6381e-02, -5.9615e-02,
          1.3647e-01, -2.5996e-02, -1.5384e-01,  8.6049e-02,  1.9460e-01,
         -9.6570e-03, -1.2547e-01,  1.7293e-02, -1.8747e-01, -3.8372e-04,
         -3.5975e-02],
        [-2.1635e-01,  4.8008e-02,  1.0998e-01, -3.1425e-01,  2.0225e-01,
          2.2053e-01,  7.6402e-02, -9.8326e-02,  3.2394e-02, -1.0523e-01,
          4.8052e-02, -1.9491e-02, -5.9534e-03, -1.9431e-01, -2.1187e-01,
          1.0231e-01],
        [-7.0763e-02,  1.9033e-01,  7.1273e-02, -2.0946e-01, -1.4937e-01,
          1.2852e-01,  2.3911e-02,  9.6019e-02,  2.3171e-01, -1.2615e-01,
          7.3179e-02,  2.7638e-01,  1.0129e-02, -8.0040e-02, -1.4299e-01,
          2.5675e-02],
        [ 7.1159e-02, -1.4806e-01,  4.9741e-02,  9.2462e-02, -8.8593e-02,
         -6.9672e-02, -6.8023e-02, -1.1317e-01, -4.7892e-02,  2.2880e-01,
         -1.0065e-01, -7.4779e-02,  4.3485e-02, -1.4877e-02,  4.2430e-03,
          1.6293e-01],
        [-2.8946e-02, -1.3015e-01, -2.2708e-01,  1.9364e-01, -9.3345e-02,
          3.4724e-02, -6.2123e-03,  4.6172e-02, -1.0583e-01,  9.9938e-02,
         -3.6618e-02, -4.1694e-02, -8.6000e-02, -2.0227e-01,  6.2509e-02,
         -2.1346e-01],
        [-1.6278e-02,  7.4793e-02, -5.5824e-02,  3.9988e-02,  2.0402e-01,
         -9.1711e-02,  8.4936e-02, -6.0480e-02,  1.6842e-01,  9.2442e-02,
          1.8310e-01,  1.5254e-01,  3.4764e-02,  1.3329e-01,  2.2351e-02,
          1.1561e-01],
        [-1.4045e-01, -7.1740e-02,  1.7760e-01, -9.7030e-03,  1.2540e-01,
         -6.2784e-02,  2.2037e-01, -2.3759e-03, -4.2571e-02, -1.6454e-01,
          1.4010e-01,  9.5774e-02, -3.8124e-02, -4.1466e-02, -8.3102e-02,
          7.1266e-02],
        [ 1.5211e-01,  1.2713e-01, -1.9192e-01,  1.6996e-01, -7.4812e-02,
          1.7354e-01, -1.6941e-01, -1.7771e-01,  2.4802e-01,  1.2375e-01,
         -2.4928e-01, -9.4087e-03,  2.4558e-01, -2.2473e-01,  1.6828e-01,
          1.6929e-01],
        [ 2.3700e-01, -1.9870e-01, -2.8009e-01, -1.8879e-01,  3.2699e-02,
          1.1954e-01,  1.3586e-01, -2.1785e-01, -1.5172e-01, -1.4879e-01,
          1.7224e-01, -7.7459e-02, -6.4353e-02, -2.0550e-01,  1.6683e-01,
         -1.4736e-01],
        [-7.9805e-02, -2.3064e-01, -1.3131e-01, -8.3869e-02,  2.1854e-01,
         -1.6695e-02,  9.1500e-02, -2.2233e-01, -2.1833e-01,  2.5656e-01,
         -1.3663e-01, -1.5657e-01, -1.1937e-01,  1.6204e-01, -1.0839e-01,
         -1.9693e-01],
        [ 1.6062e-01,  4.5128e-03,  1.2773e-01, -5.8112e-02,  1.8051e-01,
         -3.4586e-02,  5.7821e-02, -1.8512e-01, -2.0501e-01,  9.4721e-02,
          2.0829e-01, -1.5492e-01, -1.2429e-01,  7.6396e-02, -2.5236e-01,
         -1.6243e-01]], device='cuda:0')), ('bn3.weight', tensor([1., 1., 1., 1., 1., 1., 1., 1., 1., 1., 1., 1., 1., 1., 1., 1., 1., 1.,
        1., 1., 1., 1., 1., 1., 1., 1., 1., 1., 1., 1., 1., 1.],
       device='cuda:0')), ('bn3.bias', tensor([0., 0., 0., 0., 0., 0., 0., 0., 0., 0., 0., 0., 0., 0., 0., 0., 0., 0., 0., 0., 0., 0., 0., 0.,
        0., 0., 0., 0., 0., 0., 0., 0.], device='cuda:0')), ('bn3.running_mean', tensor([0., 0., 0., 0., 0., 0., 0., 0., 0., 0., 0., 0., 0., 0., 0., 0., 0., 0., 0., 0., 0., 0., 0., 0.,
        0., 0., 0., 0., 0., 0., 0., 0.], device='cuda:0')), ('bn3.running_var', tensor([1., 1., 1., 1., 1., 1., 1., 1., 1., 1., 1., 1., 1., 1., 1., 1., 1., 1.,
        1., 1., 1., 1., 1., 1., 1., 1., 1., 1., 1., 1., 1., 1.],
       device='cuda:0')), ('bn3.num_batches_tracked', tensor(0, device='cuda:0'))])