OrderedDict([('conv1.bias', tensor([ 1.9800e-06, -4.2411e-06,  2.2518e-06,  4.6545e-07,  2.0232e-06,
        -2.4716e-06,  2.1672e-06,  2.4059e-06], device='cuda:0')), ('conv1.lin.weight', tensor([[-1.3309e-01,  1.3322e-01,  3.7004e-02,  5.5225e-02,  1.1310e-03,
         -1.9315e-01,  4.8177e-42,  1.3312e-42, -5.9415e-43, -1.4391e-42,
          4.1770e-02],
        [-2.9329e-01, -2.1575e-01,  5.7966e-02, -2.8243e-03,  6.4801e-03,
         -4.9893e-02,  3.7036e-42, -5.0447e-43,  4.7084e-43, -6.4908e-42,
          2.2848e-02],
        [ 1.3890e-01, -9.3070e-02,  9.8236e-03,  9.2061e-02,  2.1940e-03,
         -1.7929e-01,  1.6353e-42, -4.9411e-41,  3.8396e-43,  7.2868e-44,
         -1.2145e-01],
        [ 2.4964e-01, -1.1557e-01, -8.4293e-02, -5.1339e-02, -3.0382e-03,
         -1.1233e-01, -3.1866e-42,  6.1111e-42, -1.5779e-42,  1.6318e-06,
          1.6041e-01],
        [ 3.9695e-03, -6.2974e-03,  1.9361e-03, -4.6293e-03, -5.4481e-05,
          9.1695e-02, -7.2868e-44,  1.0426e-42,  8.3266e-26,  5.2268e-43,
         -1.1422e-01],
        [ 5.2307e-03,  1.7131e-03,  1.2119e-03, -4.5824e-03, -7.1258e-04,
          1.2083e-01,  2.1258e-12, -1.6311e-42, -1.9533e-18,  3.1823e-42,
          1.4764e-01],
        [-9.7612e-02,  4.2698e-02,  4.0790e-02, -1.9915e-03,  7.0822e-04,
          4.5163e-02, -2.8446e-42,  5.8014e-42,  7.2783e-42,  5.7369e-42,
         -5.9767e-02],
        [ 1.8845e-01, -1.4420e-01,  1.7105e-01, -4.6657e-02, -3.8550e-03,
         -7.7464e-03, -2.8208e-42, -3.0367e-09,  1.6185e-42, -2.5045e-19,
         -1.7589e-01]], device='cuda:0')), ('conv1.aggr.t', tensor([1.], device='cuda:0')), ('bn1.weight', tensor([0.7399, 0.7355, 0.6923, 0.7643, 0.9252, 0.7442, 0.8812, 0.7325],
       device='cuda:0')), ('bn1.bias', tensor([0.1536, 0.0763, 0.1414, 0.1146, 0.0942, 0.0194, 0.0829, 0.0688],
       device='cuda:0')), ('bn1.running_mean', tensor([-0.7054, -0.3871, -0.7208, -0.2749,  0.2776,  0.5489,  0.1118, -0.1029],
       device='cuda:0')), ('bn1.running_var', tensor([2.4127, 0.3634, 2.1869, 1.0557, 0.5764, 1.0090, 0.1669, 0.2029],
       device='cuda:0')), ('bn1.num_batches_tracked', tensor(47024, device='cuda:0')), ('conv2.bias', tensor([-1.3844e-06, -2.9268e-06, -5.0198e-06, -2.9123e-06,  2.6800e-06,
         2.3175e-06,  2.0883e-06, -3.2844e-06,  2.7314e-06, -1.5898e-06,
        -3.6029e-06, -1.4116e-06,  3.6337e-06,  5.2468e-08,  2.1711e-06,
         3.6021e-07], device='cuda:0')), ('conv2.lin.weight', tensor([[ 0.1317, -0.3531, -0.1516, -0.2469, -0.1544,  0.1494, -0.3119, -0.0229],
        [ 0.3086, -0.0096, -0.3106, -0.0449, -0.1165,  0.1700, -0.2007,  0.0964],
        [ 0.1946, -0.2400,  0.0550, -0.0242, -0.1349, -0.1010, -0.2373, -0.1605],
        [-0.2028, -0.0977, -0.0054,  0.0756,  0.0273, -0.0116,  0.3365, -0.2094],
        [-0.1118,  0.1152, -0.0474,  0.0781, -0.3080,  0.0597, -0.2956, -0.1073],
        [ 0.2114, -0.0297,  0.1944,  0.2701, -0.3820,  0.1261,  0.3534,  0.0521],
        [ 0.0221, -0.0595, -0.0969,  0.2034,  0.3134,  0.1288,  0.0113, -0.0023],
        [ 0.0469,  0.2405, -0.3688, -0.1373,  0.0742, -0.0760, -0.0288,  0.0207],
        [-0.1574,  0.1084, -0.1099, -0.0455,  0.3434,  0.2740, -0.1115,  0.1539],
        [ 0.3195,  0.1449,  0.0981, -0.2898, -0.2929, -0.1570, -0.0356,  0.0231],
        [-0.0876, -0.0257,  0.1441, -0.0503,  0.0628,  0.0543,  0.2658,  0.1496],
        [ 0.1372, -0.0874,  0.0394,  0.0373,  0.2230,  0.0984,  0.1360, -0.0837],
        [ 0.0639, -0.1087, -0.1227, -0.0187,  0.1227, -0.1260,  0.3679,  0.2976],
        [ 0.2557, -0.0080,  0.2134, -0.0421,  0.2789,  0.2050, -0.0709,  0.2257],
        [-0.0905, -0.0682, -0.0486,  0.0694, -0.2928, -0.2479,  0.1721,  0.0802],
        [ 0.1364,  0.0131,  0.0128,  0.2485, -0.1856, -0.0966, -0.0877,  0.0618]],
       device='cuda:0')), ('conv2.aggr.t', tensor([1.], device='cuda:0')), ('bn2.weight', tensor([0.6552, 0.6161, 0.7188, 0.6565, 0.6053, 0.6837, 0.7200, 0.6372, 0.7457,
        0.7461, 0.7517, 0.4420, 0.6645, 0.6983, 0.6775, 0.7017],
       device='cuda:0')), ('bn2.bias', tensor([ 0.5416, -0.4614, -0.6897, -0.1744,  0.2615,  0.0593,  0.2841,  0.0622,
        -0.4725,  0.1621, -0.2288,  0.1742,  0.2457, -0.0209, -0.3483,  0.2371],
       device='cuda:0')), ('bn2.running_mean', tensor([-0.3064, -0.0418, -0.1863, -0.0211, -0.2018,  0.2420,  0.1654, -0.0705,
         0.1246, -0.0500,  0.1506,  0.1682,  0.1419,  0.3280, -0.1383,  0.0329],
       device='cuda:0')), ('bn2.running_var', tensor([0.0958, 0.0573, 0.1236, 0.1168, 0.1965, 0.1274, 0.1248, 0.0286, 0.1799,
        0.1808, 0.0865, 0.1049, 0.1393, 0.1000, 0.1018, 0.1138],
       device='cuda:0')), ('bn2.num_batches_tracked', tensor(47024, device='cuda:0')), ('conv3.bias', tensor([ 2.4284e-07, -1.4797e-06,  1.1483e-06,  2.5800e-06, -3.3956e-06,
         1.2382e-06, -1.6760e-06,  1.9619e-06,  3.6890e-07,  2.0643e-06,
         7.5590e-07,  3.8579e-06, -3.9874e-07,  2.0926e-06, -1.6629e-06,
         4.8591e-07,  3.0372e-06,  1.9502e-06, -1.2171e-06,  6.2167e-07,
        -8.8563e-08,  3.0498e-07,  1.1217e-06,  6.1735e-07, -5.7915e-07,
         3.1055e-06, -1.5857e-06,  8.8687e-07, -2.0761e-06, -1.3005e-08,
        -3.7312e-06,  9.6030e-08], device='cuda:0')), ('conv3.lin.weight', tensor([[ 0.0501, -0.0356, -0.0395,  0.1363, -0.0175, -0.0200, -0.1250,  0.0382,
         -0.1242,  0.1104, -0.1682,  0.2220,  0.0501,  0.0930, -0.2572,  0.1693],
        [-0.1499,  0.0859, -0.0793,  0.0734,  0.0989,  0.0128, -0.1072, -0.0623,
         -0.1423, -0.0155, -0.0420,  0.0138, -0.0595,  0.2060,  0.0968, -0.0216],
        [-0.0944,  0.0756, -0.2609,  0.1293,  0.1822, -0.1281,  0.1975, -0.0557,
         -0.0161,  0.0475, -0.1559,  0.0334, -0.0542, -0.1192,  0.1275,  0.0579],
        [-0.1047, -0.0795, -0.0092,  0.1705, -0.1733, -0.1242, -0.1871, -0.0207,
          0.2898,  0.0590, -0.1794, -0.1079, -0.0405, -0.0085,  0.1033,  0.0575],
        [ 0.2504, -0.1247, -0.2469, -0.0156,  0.1598, -0.0298,  0.1498, -0.0320,
         -0.2203,  0.1590,  0.0495,  0.0763,  0.1266,  0.0145, -0.1463,  0.0548],
        [ 0.1760, -0.1631, -0.2503, -0.1068,  0.1470, -0.0870, -0.1617, -0.0239,
          0.1174, -0.0681, -0.0267, -0.0480,  0.0204, -0.0315,  0.0417,  0.0033],
        [ 0.0794,  0.0838, -0.2034,  0.0488,  0.0400,  0.1126, -0.0436,  0.0750,
         -0.0046,  0.0866, -0.0814,  0.0080,  0.1407,  0.0121, -0.1273,  0.1447],
        [-0.0488,  0.0735,  0.1832, -0.0473, -0.1005,  0.1100,  0.0093,  0.0130,
         -0.0341,  0.0484,  0.1867, -0.0222, -0.0807, -0.0043,  0.1036, -0.1530],
        [-0.0812,  0.1775,  0.2860,  0.0600, -0.0971, -0.0859,  0.1290, -0.0527,
         -0.0705, -0.1915,  0.1459, -0.1511,  0.0778, -0.0625, -0.0943,  0.1280],
        [-0.1692,  0.1330, -0.0369,  0.0991,  0.0585,  0.0645,  0.0629,  0.1387,
         -0.1751, -0.0902,  0.0696, -0.0155, -0.2198,  0.0746, -0.1113,  0.0799],
        [-0.0317,  0.0020,  0.0937, -0.0378, -0.2193,  0.0134, -0.0422, -0.0581,
         -0.0277,  0.1671, -0.0622,  0.0713, -0.0091,  0.0650, -0.0942, -0.1704],
        [-0.1021,  0.1338,  0.1387,  0.1284, -0.0634,  0.0336,  0.1426, -0.0948,
          0.1537,  0.1534,  0.1099, -0.0927, -0.2525, -0.0138, -0.0296,  0.0092],
        [-0.0811, -0.0456,  0.1450, -0.1212, -0.0257,  0.0012, -0.1017, -0.0845,
          0.1123,  0.0848, -0.0215, -0.0526,  0.0505, -0.0719, -0.1029, -0.0526],
        [-0.1376,  0.1328,  0.0612, -0.0894, -0.1530, -0.0221, -0.0686,  0.0997,
         -0.1338, -0.1937, -0.1110,  0.1188,  0.0767, -0.0277,  0.0314,  0.0950],
        [-0.0794, -0.0745, -0.1983, -0.0126, -0.0458,  0.0477,  0.2195, -0.0465,
         -0.2109,  0.2644, -0.0947,  0.0380, -0.1110, -0.0079, -0.1850, -0.0301],
        [ 0.0574,  0.1224,  0.1353,  0.0897, -0.2353, -0.1134,  0.0190, -0.1038,
         -0.1518, -0.1001, -0.1514,  0.0169,  0.2214, -0.0335, -0.0194,  0.0844],
        [ 0.1825,  0.0362, -0.0303,  0.0272,  0.0878, -0.0750,  0.1861,  0.0047,
         -0.0525, -0.0224,  0.0584,  0.0586, -0.1215, -0.0374,  0.1163, -0.0073],
        [-0.2070,  0.1070,  0.1517,  0.0565, -0.0428, -0.0365,  0.1183, -0.0921,
          0.1573,  0.0422, -0.0648, -0.1170,  0.0115,  0.0635,  0.0146,  0.0906],
        [-0.1585,  0.2616,  0.2184,  0.0032, -0.1136, -0.1166, -0.1315, -0.0767,
          0.2294,  0.0233,  0.0525,  0.0350,  0.0248,  0.0030,  0.1328, -0.0713],
        [-0.2672,  0.1451,  0.1905,  0.0071,  0.0191, -0.1766,  0.1239, -0.1687,
         -0.1109, -0.0065,  0.0338, -0.0279,  0.1077, -0.1016,  0.0722, -0.0619],
        [-0.0910, -0.1054, -0.2089, -0.1723, -0.1328, -0.0414, -0.1594, -0.0764,
          0.1315,  0.0427, -0.1785,  0.0017, -0.1148,  0.0301, -0.0172,  0.0604],
        [-0.0577,  0.1637,  0.2285,  0.1125, -0.0089,  0.0542, -0.1683,  0.1487,
          0.1984, -0.1882, -0.0240, -0.0415,  0.1000,  0.1039,  0.2079, -0.0232],
        [-0.1313,  0.0778,  0.2249,  0.0277, -0.0564, -0.1207, -0.0018, -0.0887,
          0.1160,  0.1011,  0.1515,  0.0387, -0.1259, -0.1525,  0.0483, -0.2096],
        [-0.1806,  0.0714,  0.0545,  0.1399, -0.0894, -0.1249,  0.0351,  0.0349,
         -0.1809,  0.2059, -0.0288,  0.1342, -0.0882,  0.1815, -0.0497,  0.0740],
        [-0.0316, -0.0939, -0.1833, -0.1028,  0.1048, -0.0563,  0.1900, -0.0653,
          0.0502,  0.1927, -0.1193, -0.0391,  0.1184,  0.0809,  0.0219,  0.1149],
        [-0.1434, -0.0630,  0.0602,  0.0090, -0.0565, -0.0125, -0.1651, -0.0064,
          0.0439, -0.0532,  0.0757, -0.0644, -0.1517, -0.0409,  0.0888, -0.0886],
        [-0.0089, -0.0252,  0.1890,  0.1050, -0.0516,  0.0888,  0.1001, -0.1265,
          0.0537,  0.0506,  0.0144, -0.0160, -0.0705, -0.0737, -0.1375,  0.0414],
        [-0.1665,  0.1686, -0.0602,  0.0658,  0.1120, -0.1417, -0.2923, -0.1347,
          0.1901, -0.0369,  0.0667,  0.0460, -0.1740,  0.1211,  0.1502, -0.0329],
        [-0.1391,  0.1363, -0.0316,  0.1078,  0.0393, -0.0048, -0.0121, -0.0125,
          0.1589, -0.0346,  0.1101,  0.0418, -0.2569, -0.0942,  0.1368, -0.0580],
        [-0.1415,  0.1430,  0.2076,  0.0826, -0.1083,  0.0858, -0.1967,  0.0570,
          0.1671,  0.0402,  0.0870, -0.0797, -0.1109,  0.1894,  0.1129, -0.0871],
        [ 0.1772, -0.0720, -0.1151, -0.0608,  0.0036, -0.1000,  0.0989, -0.1282,
         -0.1966, -0.1550,  0.1041,  0.1545, -0.1093, -0.0039,  0.1247,  0.1091],
        [ 0.0778, -0.0927,  0.1030,  0.0180,  0.0933,  0.1294,  0.0713,  0.1500,
          0.0431, -0.0377, -0.1113, -0.0200, -0.0311, -0.0530, -0.0150, -0.0936]],
       device='cuda:0')), ('bn3.weight', tensor([1., 1., 1., 1., 1., 1., 1., 1., 1., 1., 1., 1., 1., 1., 1., 1., 1., 1.,
        1., 1., 1., 1., 1., 1., 1., 1., 1., 1., 1., 1., 1., 1.],
       device='cuda:0')), ('bn3.bias', tensor([0., 0., 0., 0., 0., 0., 0., 0., 0., 0., 0., 0., 0., 0., 0., 0., 0., 0., 0., 0., 0., 0., 0., 0.,
        0., 0., 0., 0., 0., 0., 0., 0.], device='cuda:0')), ('bn3.running_mean', tensor([0., 0., 0., 0., 0., 0., 0., 0., 0., 0., 0., 0., 0., 0., 0., 0., 0., 0., 0., 0., 0., 0., 0., 0.,
        0., 0., 0., 0., 0., 0., 0., 0.], device='cuda:0')), ('bn3.running_var', tensor([1., 1., 1., 1., 1., 1., 1., 1., 1., 1., 1., 1., 1., 1., 1., 1., 1., 1.,
        1., 1., 1., 1., 1., 1., 1., 1., 1., 1., 1., 1., 1., 1.],
       device='cuda:0')), ('bn3.num_batches_tracked', tensor(0, device='cuda:0'))])