OrderedDict([('conv1.bias', tensor([ 3.0844e-06,  2.2084e-06,  4.3217e-06,  2.1061e-05,  1.2564e-05,
        -1.2977e-05,  3.7619e-06, -6.4052e-06], device='cuda:0')), ('conv1.lin.weight', tensor([[-4.6057e-01, -1.1524e-01,  1.4722e-01, -2.9093e-01,  1.5507e-01,
          8.1023e-02, -9.4167e-43, -3.0548e-43, -3.3211e-42, -1.0375e-41,
         -6.8298e-03],
        [ 2.4303e-01,  6.5860e-02, -6.0382e-01, -3.2741e-01, -1.1082e-01,
          4.7297e-02,  5.6332e-43, -8.7441e-43,  2.9329e-42,  2.5938e-42,
          4.4496e-01],
        [ 2.2039e-01,  1.2325e-01,  1.9641e-01, -1.3800e-01, -2.5759e-02,
         -8.4757e-02, -3.5313e-43,  9.5989e-43,  3.3365e-42,  1.9226e-42,
          5.2469e-01],
        [-2.6807e-01,  6.8442e-02, -1.1415e-01,  1.8128e-01,  2.3935e-01,
          1.6521e-01, -4.8471e-42,  2.9812e-06, -2.7746e-42, -3.3631e-44,
         -2.3706e-01],
        [ 4.7597e-01,  3.9478e-01,  2.2124e-01,  1.5583e-01, -3.3663e-02,
         -2.4958e-01, -4.0007e-42, -1.5218e-42,  4.0582e-42,  3.1725e-42,
         -1.0074e-01],
        [-2.6109e-01,  3.2571e-01,  1.3244e-01, -2.0314e-01,  2.1356e-01,
          3.6882e-02,  1.6409e-42, -2.0508e-21,  4.9112e-15,  3.3057e-42,
         -3.7828e-01],
        [-3.5382e-01, -6.6747e-02, -3.5150e-02,  2.7899e-01,  1.2725e-01,
          7.1976e-02,  5.2969e-42,  4.1005e-15,  2.4789e-42, -1.4534e-09,
         -3.2966e-01],
        [-3.3027e-01,  3.6433e-01, -3.7476e-02, -3.0661e-01,  1.3739e-01,
          4.4395e-02, -3.7569e-42,  9.2129e-16,  1.0232e-08, -3.3169e-42,
         -4.1781e-01]], device='cuda:0')), ('conv1.aggr.t', tensor([1.], device='cuda:0')), ('bn1.weight', tensor([0.7658, 0.8617, 0.9515, 1.0565, 0.8118, 0.9547, 0.8464, 1.0090],
       device='cuda:0')), ('bn1.bias', tensor([-0.1619, -0.0345,  0.0845,  0.1400, -0.0602,  0.0565, -0.0052,  0.1021],
       device='cuda:0')), ('bn1.running_mean', tensor([ 0.0344,  0.5158,  0.1454,  0.3786, -0.5961, -0.0923, -0.0953, -0.1206],
       device='cuda:0')), ('bn1.running_var', tensor([0.0446, 0.0384, 0.0621, 0.1249, 0.1954, 0.0348, 0.0591, 0.0425],
       device='cuda:0')), ('bn1.num_batches_tracked', tensor(47024, device='cuda:0')), ('conv2.bias', tensor([-1.6983e-05, -6.1410e-06, -1.3175e-05,  6.5190e-06,  2.3681e-05,
        -5.3180e-06, -6.3165e-07, -1.0636e-05, -1.7306e-06,  6.9743e-06,
         1.7562e-05, -2.0776e-05, -2.9712e-06,  3.7283e-06, -1.9664e-07,
        -5.9563e-06], device='cuda:0')), ('conv2.lin.weight', tensor([[ 0.0120,  0.0620,  0.0456,  0.0056,  0.2126,  0.1128, -0.3329, -0.5014],
        [ 0.3359,  0.0537, -0.4706, -0.1307, -0.1895,  0.3750,  0.3568, -0.0483],
        [-0.1068, -0.2666, -0.4973,  0.2319, -0.4734, -0.2188, -0.1702,  0.1130],
        [ 0.1774,  0.4325,  0.0173,  0.3174,  0.1469,  0.0051,  0.2016,  0.0889],
        [-0.0204,  0.1270, -0.2527, -0.2428,  0.1841, -0.3152, -0.3731, -0.3188],
        [ 0.0217,  0.0039, -0.3420,  0.3127,  0.2479,  0.2874,  0.2186,  0.0099],
        [-0.0124,  0.1215,  0.3181, -0.0149, -0.3673, -0.4218,  0.0102, -0.4172],
        [ 0.2721, -0.1837,  0.0715,  0.3564,  0.3364,  0.1943, -0.2524,  0.0447],
        [-0.1443,  0.3148,  0.3007,  0.0296,  0.2754, -0.1311,  0.1428,  0.2092],
        [ 0.0341, -0.2029,  0.0796,  0.3521, -0.1344,  0.3462, -0.0718,  0.4416],
        [-0.1015,  0.2072,  0.0508, -0.3710, -0.1140, -0.0355,  0.1836, -0.0942],
        [ 0.2560, -0.4451,  0.2248, -0.4356, -0.1730, -0.4038, -0.4672,  0.2110],
        [-0.4741,  0.2997, -0.3145, -0.1286, -0.0830, -0.4667,  0.2038,  0.3307],
        [-0.2088, -0.0756,  0.6903, -0.0392,  0.2688,  0.2285,  0.0149, -0.3234],
        [ 0.0394, -0.1134, -0.1065,  0.2944,  0.1256,  0.2108, -0.2299,  0.0243],
        [-0.3978,  0.5550,  0.1399, -0.3932,  0.1268, -0.2666, -0.2034,  0.0430]],
       device='cuda:0')), ('conv2.aggr.t', tensor([1.], device='cuda:0')), ('bn2.weight', tensor([0.8501, 0.8937, 0.7394, 0.7271, 0.8700, 0.8688, 0.8127, 0.8154, 0.6986,
        0.8561, 0.8568, 0.8277, 0.6637, 0.8689, 0.8576, 0.9116],
       device='cuda:0')), ('bn2.bias', tensor([-0.4066,  0.3390,  0.1936, -0.0338,  0.5579,  0.2822,  0.2583,  0.4299,
        -0.0397,  0.6315,  0.2822,  0.0170,  0.1274,  0.2304, -0.1406,  0.0462],
       device='cuda:0')), ('bn2.running_mean', tensor([-0.1859,  0.0467, -0.4194,  0.5089, -0.5282,  0.3056, -0.3160,  0.3349,
         0.3680,  0.4315, -0.1601, -0.4956, -0.2040,  0.1986,  0.1415, -0.1879],
       device='cuda:0')), ('bn2.running_var', tensor([0.2910, 0.3991, 0.2272, 0.1922, 0.5827, 0.3602, 0.4396, 0.1738, 0.0971,
        0.5791, 0.1333, 0.4363, 0.1714, 0.2942, 0.1105, 0.6668],
       device='cuda:0')), ('bn2.num_batches_tracked', tensor(47024, device='cuda:0')), ('conv3.bias', tensor([ 2.6559e-07, -5.1668e-06,  2.5032e-06,  1.7473e-06, -1.7056e-06,
        -2.6171e-06,  1.5668e-06, -4.2332e-07,  1.2031e-06, -1.1422e-07,
         2.1284e-06,  1.1370e-06,  8.4327e-07, -1.0645e-06, -4.4679e-06,
         2.7862e-06, -6.7091e-07,  1.3850e-06,  2.4706e-06,  1.8183e-06,
        -2.1766e-06, -9.9517e-07, -2.7667e-06,  4.0589e-06, -4.1973e-07,
        -3.0067e-06,  1.2107e-06, -1.3483e-07,  3.2310e-06, -4.4474e-07,
        -2.1408e-07,  1.7637e-06], device='cuda:0')), ('conv3.lin.weight', tensor([[-2.1639e-02,  1.5369e-01,  1.1897e-02, -3.1202e-02, -2.5321e-02,
          1.7054e-01,  2.2324e-01,  2.2747e-01,  2.7350e-02, -1.1969e-01,
         -8.1370e-02, -1.0427e-01, -2.3252e-02, -1.7586e-01, -1.2913e-01,
          3.4425e-01],
        [ 8.5544e-02,  7.4891e-02, -1.6268e-01,  1.3980e-01,  8.4357e-02,
          1.9973e-01,  1.1600e-04, -1.4885e-01,  4.5803e-02, -5.0914e-02,
         -2.3907e-01,  2.3229e-01, -1.2006e-01, -1.8911e-02, -2.0132e-01,
         -1.2646e-01],
        [-2.1197e-01, -1.4161e-01,  8.3372e-02,  1.7266e-01,  3.0263e-01,
          3.2533e-01,  8.6624e-02, -2.3270e-01,  1.2397e-01,  1.3627e-01,
         -1.6699e-01,  1.7308e-01, -2.4732e-01,  9.3578e-02, -1.0068e-01,
          1.4466e-02],
        [ 1.1081e-01,  5.7577e-02,  1.0290e-01,  1.6413e-02,  8.7389e-02,
         -1.8208e-01,  1.6605e-01,  1.9176e-01, -2.9246e-02,  2.2782e-01,
          2.9408e-01, -8.1698e-02,  9.1185e-02, -3.9442e-03,  1.8689e-01,
         -7.3552e-02],
        [-1.0424e-01,  2.5115e-01, -5.9122e-02, -6.8473e-02, -1.1129e-01,
          2.2460e-01, -8.4848e-02,  2.1312e-01, -8.7208e-03,  2.8180e-01,
         -4.2090e-02,  2.4835e-02, -3.1506e-02, -1.8750e-01, -2.0643e-01,
         -2.0979e-01],
        [ 5.7240e-02,  1.8449e-01,  2.0244e-01,  2.4508e-02,  2.0996e-01,
         -1.9805e-01,  1.7057e-01,  8.1398e-02,  1.8241e-01,  4.1494e-02,
          1.8921e-01, -6.4219e-02, -4.2762e-02,  3.9751e-02,  1.4411e-01,
         -2.5045e-01],
        [ 2.3526e-01,  3.5101e-01, -2.0879e-01, -2.1363e-02, -7.4241e-02,
         -1.0570e-01,  1.7560e-01,  6.5082e-02,  1.0081e-01,  2.1488e-01,
         -3.2392e-02,  6.5408e-02,  2.0266e-01, -1.7835e-01,  7.2124e-02,
          1.7031e-01],
        [-2.3914e-01, -1.7338e-01, -1.8353e-01, -6.8682e-02,  2.4496e-01,
         -3.7217e-02,  1.3984e-01,  8.2611e-03, -1.6001e-02, -3.7850e-02,
         -1.7105e-01, -1.0265e-01,  4.5910e-02, -1.4873e-01, -6.7005e-03,
         -1.7963e-01],
        [ 5.8702e-02,  5.7059e-02,  2.6644e-02, -1.0160e-01, -1.2302e-01,
         -1.8870e-01,  5.6974e-02, -7.3559e-02,  9.8820e-02, -2.0056e-01,
         -1.2094e-01, -1.4752e-01, -4.1975e-02, -9.6260e-02, -3.6651e-02,
         -1.6165e-01],
        [-1.5457e-01,  1.5392e-02,  6.4680e-02,  1.9177e-01,  3.2210e-01,
         -7.4185e-02, -1.3390e-01,  7.8939e-02, -9.9928e-02,  2.0356e-01,
         -2.1228e-02,  1.4028e-01,  5.9353e-02,  3.1919e-01, -2.2695e-01,
         -1.9910e-01],
        [-2.1345e-01, -1.8919e-02,  1.0879e-02,  2.2387e-01,  1.6980e-01,
         -2.2369e-01, -2.0997e-02, -1.3158e-01,  2.1349e-02, -1.5927e-01,
         -1.4885e-01,  9.8385e-02, -5.3136e-02,  2.0760e-01,  1.7419e-01,
         -2.4214e-01],
        [-1.5087e-01, -1.6070e-01, -1.3381e-01, -1.4905e-01, -6.5792e-02,
          4.6668e-02,  1.9762e-01, -5.6783e-02,  9.1638e-03,  6.3973e-02,
         -7.5367e-03, -2.3868e-01, -3.7301e-03, -2.0043e-01,  1.6744e-01,
          2.3908e-01],
        [-1.2117e-01,  8.7287e-02, -4.8594e-02,  2.3439e-02, -4.8821e-02,
         -1.7178e-01,  1.5059e-03, -8.6734e-02,  1.1568e-01, -1.6357e-01,
          2.1997e-01, -1.0228e-01, -7.0201e-02,  3.0906e-03,  3.1980e-01,
         -2.1466e-02],
        [ 2.7964e-01,  1.4566e-01, -2.6668e-01, -6.0402e-02, -1.2251e-01,
         -2.6235e-02,  7.0267e-02,  1.8705e-01, -7.9519e-02,  3.9754e-02,
         -1.8715e-01,  1.2959e-01,  2.2352e-01, -1.6705e-01, -8.3449e-02,
          5.1773e-03],
        [-1.6219e-01,  1.5616e-01, -1.9918e-02,  2.2350e-01,  1.1191e-01,
          7.6719e-02,  1.9266e-01, -3.5646e-02, -7.1136e-02,  1.5742e-01,
         -9.0808e-02,  3.7052e-02, -8.3593e-02,  1.1432e-01,  4.4605e-02,
          3.7278e-01],
        [ 7.3996e-03, -2.0770e-01, -6.4708e-02, -9.8485e-02,  3.5240e-02,
          1.6104e-01, -2.8150e-02,  2.2918e-02, -5.1965e-02,  1.6823e-01,
          2.1526e-01, -1.4720e-01,  4.3878e-04,  5.9471e-02, -1.2317e-01,
         -1.6164e-01],
        [ 1.0435e-01, -9.3663e-02,  9.8817e-02, -2.0064e-01,  2.1217e-01,
         -3.6933e-02, -1.4718e-01, -1.2357e-01,  6.7340e-02,  3.4683e-01,
         -2.3559e-02, -1.9086e-01, -2.4886e-02,  4.6651e-02, -7.8718e-03,
         -9.5515e-03],
        [-5.6383e-02, -6.3617e-02, -1.0860e-01, -1.3297e-01,  1.6674e-01,
          9.6427e-02,  6.0330e-02, -1.3858e-01,  2.3629e-02,  1.5216e-01,
         -1.2340e-02, -6.7614e-02, -9.6096e-02,  9.8034e-02, -6.1200e-02,
         -2.3470e-01],
        [ 1.2306e-01, -1.2519e-02,  3.3045e-01,  2.4552e-01,  1.1638e-02,
          2.9318e-01, -2.4662e-01, -1.1103e-01,  3.7533e-02,  4.4193e-02,
          1.8810e-01,  3.1272e-01, -2.4654e-01,  1.7507e-01,  6.0615e-02,
          2.1343e-01],
        [ 1.3278e-01, -1.1598e-01, -1.0711e-01, -6.1313e-02, -1.0281e-01,
          1.9598e-03, -1.6601e-01,  1.7777e-03, -7.0588e-02, -1.6809e-01,
         -1.6282e-01, -1.2716e-01,  1.2258e-02, -1.6310e-01, -8.4169e-02,
          5.3143e-02],
        [ 1.0189e-01, -1.0146e-02,  4.3445e-02,  8.7985e-02, -2.6458e-01,
          1.2398e-01, -1.9950e-02, -3.8326e-01,  1.3545e-01, -1.5325e-01,
         -1.7061e-01,  2.6521e-01, -1.2925e-01,  8.1106e-02,  2.4240e-01,
          2.6618e-02],
        [ 2.6082e-01, -5.8919e-02, -1.9641e-02, -4.9160e-02, -2.6969e-01,
         -1.2746e-01, -2.3015e-01, -6.0781e-02, -2.8640e-02, -1.4518e-01,
          3.1102e-03, -4.4014e-02, -1.7328e-02, -1.6147e-01, -1.0875e-01,
         -9.7481e-02],
        [-3.8311e-02, -3.9567e-02, -1.7741e-01, -4.4756e-03, -1.5083e-01,
          1.0346e-01,  1.4497e-01, -1.1849e-01, -5.0243e-02, -1.3085e-01,
         -1.8365e-01, -7.3377e-02,  1.0976e-02, -1.6288e-02,  1.8868e-01,
          1.8642e-01],
        [-2.2513e-01, -1.8161e-01,  2.2849e-01, -2.3653e-01,  1.3822e-01,
          1.6135e-01, -1.5690e-01, -1.2927e-01,  1.4669e-01, -1.6280e-01,
          5.2591e-02, -1.7688e-01, -1.6853e-01,  1.8734e-01, -4.6366e-02,
         -1.7700e-01],
        [ 2.4028e-01,  1.1422e-01, -1.0774e-01,  6.2931e-02, -1.2414e-01,
         -3.0379e-01, -6.0451e-02, -2.4423e-01,  2.1343e-02,  1.6774e-01,
         -2.8361e-01, -8.7211e-02, -2.7807e-02, -6.1336e-02,  5.6607e-02,
          1.3869e-01],
        [ 1.3567e-01,  4.4232e-02, -1.2395e-02, -5.5794e-02,  2.2730e-03,
          1.1285e-01,  1.4565e-01,  1.5906e-01,  2.1232e-02, -6.4310e-02,
          1.1750e-01, -7.4117e-02,  1.2022e-02, -7.7419e-02,  3.0833e-02,
         -5.5613e-02],
        [ 8.6198e-02, -9.7170e-02, -2.4712e-01, -1.9943e-01, -1.5760e-01,
         -1.8909e-01,  2.8909e-01, -6.2595e-03, -1.3051e-01,  8.7889e-02,
          4.8338e-02, -2.0018e-01,  1.0957e-01, -2.3709e-01,  2.5442e-01,
         -1.0156e-01],
        [-1.6670e-01, -1.1017e-01,  2.1262e-01, -1.0170e-01, -6.2715e-02,
          1.2220e-01, -1.7030e-01, -2.8029e-02,  5.3794e-02, -2.3616e-01,
         -4.4146e-02, -1.1405e-01, -3.9738e-02,  1.9360e-01,  8.4880e-02,
          1.7649e-01],
        [ 5.6642e-02, -2.1363e-01, -1.5598e-01,  1.0722e-01, -1.3309e-01,
         -4.2716e-02, -1.3627e-01, -1.9704e-01, -2.1934e-02, -1.8301e-01,
         -5.5699e-02,  1.6878e-01, -7.5502e-02, -1.6745e-01,  6.0272e-02,
         -2.3910e-01],
        [ 1.8983e-02,  2.2227e-02,  6.1848e-02, -6.3441e-02,  2.8892e-01,
          2.0575e-01,  9.6397e-02,  2.1319e-01, -2.8006e-02,  3.0768e-01,
          9.3909e-02, -5.8589e-02,  2.5457e-02,  4.3922e-02, -2.6304e-01,
          6.1907e-03],
        [ 8.8821e-02, -1.0444e-01,  2.1477e-01, -1.6399e-01, -1.3871e-01,
          6.2979e-02, -1.3978e-01,  2.6275e-02,  1.0462e-01, -2.5319e-01,
         -2.8814e-02, -9.6623e-02, -3.9861e-02, -6.5667e-02, -2.0430e-01,
         -1.2527e-01],
        [ 1.1572e-01, -1.5956e-01,  4.1173e-02,  9.5599e-02, -5.3439e-02,
          1.5469e-01, -9.7381e-02, -1.0807e-01,  1.5411e-01, -2.4627e-01,
          4.4073e-02, -8.9505e-03, -2.0952e-01, -1.6616e-01, -2.0036e-02,
         -1.1186e-01]], device='cuda:0')), ('bn3.weight', tensor([1., 1., 1., 1., 1., 1., 1., 1., 1., 1., 1., 1., 1., 1., 1., 1., 1., 1.,
        1., 1., 1., 1., 1., 1., 1., 1., 1., 1., 1., 1., 1., 1.],
       device='cuda:0')), ('bn3.bias', tensor([0., 0., 0., 0., 0., 0., 0., 0., 0., 0., 0., 0., 0., 0., 0., 0., 0., 0., 0., 0., 0., 0., 0., 0.,
        0., 0., 0., 0., 0., 0., 0., 0.], device='cuda:0')), ('bn3.running_mean', tensor([0., 0., 0., 0., 0., 0., 0., 0., 0., 0., 0., 0., 0., 0., 0., 0., 0., 0., 0., 0., 0., 0., 0., 0.,
        0., 0., 0., 0., 0., 0., 0., 0.], device='cuda:0')), ('bn3.running_var', tensor([1., 1., 1., 1., 1., 1., 1., 1., 1., 1., 1., 1., 1., 1., 1., 1., 1., 1.,
        1., 1., 1., 1., 1., 1., 1., 1., 1., 1., 1., 1., 1., 1.],
       device='cuda:0')), ('bn3.num_batches_tracked', tensor(0, device='cuda:0'))])