OrderedDict([('conv1.bias', tensor([-1.1216e-05, -1.1360e-06, -8.1165e-06,  6.9323e-06, -1.9604e-06,
        -4.4759e-06, -7.4244e-07,  1.8323e-05], device='cuda:0')), ('conv1.lin.weight', tensor([[-4.1190e-01,  3.0312e-02,  8.3422e-02, -6.5367e-03,  4.7370e-03,
         -9.2375e-02,  1.3155e-24,  2.6372e-42, -2.3646e-31,  8.8702e-43,
          2.5783e-02],
        [-1.9433e-02, -1.4264e-01,  1.0225e-01,  1.0403e-01,  1.1559e-03,
         -1.1014e-01,  1.5092e-42,  4.1165e-12, -2.0879e-43, -9.7228e-21,
          3.6120e-02],
        [-5.0183e-02,  8.1545e-02, -5.1107e-02, -4.7303e-02, -1.3429e-03,
          1.0311e-01, -1.6872e-42,  5.6683e-42, -2.8334e-42,  4.4218e-15,
          8.9543e-03],
        [ 1.0369e-01, -1.0763e-01, -7.0198e-02,  1.3730e-01, -1.1025e-03,
         -6.4865e-02, -5.7776e-42,  1.5218e-42,  6.4782e-10, -1.4489e-42,
          4.1522e-02],
        [-1.0511e-01, -1.8977e-01,  6.2228e-02,  2.1792e-01, -5.1635e-04,
         -2.1419e-01, -3.2062e-42,  2.0193e-42,  1.4327e-32, -4.2838e-42,
          2.7575e-01],
        [-3.1073e-01, -2.9457e-02, -6.4987e-04,  6.0165e-02,  3.2174e-02,
         -5.3392e-02,  1.1321e-38,  8.6865e-33,  3.5593e-43,  1.7670e-42,
         -2.7999e-02],
        [ 3.2918e-01, -1.9128e-01,  1.3678e-01,  1.6198e-01, -2.6561e-03,
         -9.6157e-02,  1.2247e-42,  1.4178e-41,  3.0450e-42,  3.4346e-42,
          2.2103e-01],
        [-1.1180e-01, -1.4063e-01,  7.8024e-02,  7.7633e-02, -2.1965e-03,
         -1.4840e-01, -2.1700e-20, -2.3949e-17, -1.3290e-26, -3.4797e-17,
          1.7791e-01]], device='cuda:0')), ('conv1.aggr.t', tensor([1.], device='cuda:0')), ('bn1.weight', tensor([0.7183, 0.6603, 0.6813, 0.6866, 0.7313, 0.5654, 0.6468, 0.6694],
       device='cuda:0')), ('bn1.bias', tensor([-0.0756,  0.0670, -0.0113,  0.0512, -0.0217, -0.0663,  0.0715,  0.0914],
       device='cuda:0')), ('bn1.running_mean', tensor([-0.4358, -0.3739,  0.3323, -0.1727, -0.6391, -0.3129, -0.1136, -0.4709],
       device='cuda:0')), ('bn1.running_var', tensor([0.0134, 0.0326, 0.0338, 0.0166, 0.0948, 0.0059, 0.0437, 0.0455],
       device='cuda:0')), ('bn1.num_batches_tracked', tensor(47024, device='cuda:0')), ('conv2.bias', tensor([ 4.7008e-08,  3.2171e-08, -3.2314e-06,  1.7042e-06,  4.6124e-06,
         3.3543e-05,  7.1294e-06,  2.6876e-07, -1.3332e-07, -2.9665e-06,
        -1.1119e-07,  1.1976e-07, -8.8719e-07,  5.6717e-06, -2.1578e-06,
        -4.6095e-06], device='cuda:0')), ('conv2.lin.weight', tensor([[ 0.1333,  0.0410, -0.1984,  0.0262,  0.0676,  0.0162,  0.2024, -0.3722],
        [-0.2739, -0.1113,  0.2555,  0.0462, -0.3444,  0.0623,  0.1103,  0.0182],
        [ 0.0055, -0.1735,  0.2068,  0.2706, -0.2488, -0.1669, -0.0282, -0.1500],
        [ 0.2764,  0.0149, -0.0738, -0.2429,  0.1768, -0.0401,  0.1246,  0.0874],
        [ 0.0065,  0.0136, -0.2502,  0.1679,  0.1205,  0.1481,  0.1422, -0.0301],
        [-0.1842,  0.0015, -0.0309, -0.0105, -0.1372, -0.2662,  0.0380, -0.0081],
        [-0.1723, -0.0932,  0.1080,  0.3298,  0.0006, -0.0377, -0.1670,  0.1753],
        [ 0.1160, -0.3268,  0.1171,  0.1264,  0.2100, -0.0409,  0.0975,  0.2459],
        [-0.1420, -0.0670,  0.1232, -0.0998, -0.1781, -0.1751, -0.2191, -0.0908],
        [ 0.1054,  0.1988, -0.0402, -0.2578,  0.2182,  0.0089, -0.1343,  0.2133],
        [ 0.1464, -0.1105,  0.0166,  0.2007, -0.2908, -0.3254, -0.1028,  0.0324],
        [ 0.1547,  0.1405, -0.3493, -0.3001, -0.0470,  0.0471,  0.1508,  0.0111],
        [ 0.2134, -0.2566,  0.0780,  0.0704,  0.3457, -0.1892, -0.0435,  0.1535],
        [-0.2723,  0.0594, -0.2402,  0.2975,  0.0089, -0.1609,  0.1199, -0.0796],
        [ 0.0222,  0.0491, -0.1862,  0.0885, -0.1367, -0.0541,  0.2178, -0.1160],
        [ 0.0332,  0.3238,  0.2273, -0.0048, -0.0137, -0.0212,  0.0596,  0.0838]],
       device='cuda:0')), ('conv2.aggr.t', tensor([1.], device='cuda:0')), ('bn2.weight', tensor([0.5785, 0.7141, 0.6645, 0.5972, 0.6375, 0.7356, 0.6163, 0.6033, 0.6335,
        0.6237, 0.6310, 0.6314, 0.6817, 0.6673, 0.6427, 0.6336],
       device='cuda:0')), ('bn2.bias', tensor([ 0.3090,  0.1037, -0.6306,  0.1685,  0.2129, -0.0793, -0.1758,  0.3765,
         0.3182, -0.2366,  0.4983, -0.2511, -0.3542,  0.2292, -0.4616,  0.1412],
       device='cuda:0')), ('bn2.running_mean', tensor([-0.0380, -0.0423, -0.0509,  0.0720,  0.0678, -0.1210,  0.0578,  0.1497,
        -0.2033,  0.0703, -0.0833, -0.0706,  0.1054, -0.0403, -0.0242,  0.1908],
       device='cuda:0')), ('bn2.running_var', tensor([0.0266, 0.0473, 0.0418, 0.0258, 0.0412, 0.0142, 0.0203, 0.0354, 0.0607,
        0.0314, 0.0245, 0.0348, 0.0337, 0.0466, 0.0193, 0.0234],
       device='cuda:0')), ('bn2.num_batches_tracked', tensor(47024, device='cuda:0')), ('conv3.bias', tensor([ 3.7093e-06,  3.1355e-07,  6.9414e-07,  2.9904e-07, -1.5020e-06,
         5.1918e-07, -2.7522e-07, -9.0092e-07,  2.5665e-06,  1.4357e-06,
         9.9919e-07,  7.0481e-07, -3.5944e-07,  1.7342e-07, -2.7327e-07,
        -3.3370e-08,  2.7921e-07, -2.6086e-06, -7.0792e-07, -3.1584e-07,
         1.0268e-06,  2.3236e-06, -1.3734e-06,  3.5585e-07, -7.8064e-07,
         6.5228e-07,  4.0974e-07,  5.4518e-07, -2.5737e-06,  4.7699e-06,
        -1.5455e-06,  6.9981e-07], device='cuda:0')), ('conv3.lin.weight', tensor([[-6.6740e-03, -1.6697e-01, -7.0854e-03, -2.0707e-01,  5.0170e-03,
          9.9904e-02, -2.4578e-02,  1.1101e-02,  9.7830e-02,  1.0547e-01,
          1.8371e-02,  4.4347e-02,  2.5705e-02,  9.9845e-02, -1.2717e-01,
         -1.0304e-01],
        [ 1.3749e-01, -1.3612e-01, -1.6007e-01,  1.4965e-01,  2.3991e-02,
         -1.7906e-01,  1.7572e-01, -3.2615e-02,  1.7466e-01, -2.2069e-01,
          1.7796e-01, -4.6306e-02, -8.0373e-02, -5.0239e-02, -8.1161e-02,
          6.4966e-02],
        [-1.3650e-02,  1.3791e-01,  3.0282e-03,  2.7423e-02, -1.7611e-02,
         -1.1519e-01,  6.5089e-02,  1.5828e-01, -2.3633e-02, -8.6220e-02,
         -7.8031e-03, -3.2371e-02, -6.3443e-02, -5.2617e-02,  7.5635e-02,
          4.4499e-02],
        [-1.0889e-01, -1.7775e-01,  1.4522e-01, -7.2646e-02, -1.1143e-01,
          1.9642e-01, -1.8217e-01, -1.4247e-01, -1.4353e-01, -6.2780e-02,
         -1.2530e-01, -5.8148e-02,  1.7235e-01,  1.6161e-01,  1.7187e-02,
          1.1058e-01],
        [-1.7333e-01, -2.2775e-02, -1.2433e-01, -2.8898e-02,  3.3337e-03,
         -4.9141e-02,  9.8508e-02, -1.4243e-02,  1.1525e-01, -8.1451e-02,
          1.7734e-01,  4.2215e-02, -3.8320e-02, -3.1875e-02,  1.0012e-01,
          6.1834e-02],
        [-9.3460e-03, -3.4236e-02,  2.4434e-01, -5.5249e-02,  9.0527e-02,
         -3.5384e-02,  1.3387e-01, -2.0104e-01, -1.3994e-01,  7.8937e-02,
         -1.9816e-01,  3.6088e-02, -2.7671e-04, -1.6644e-01, -3.9900e-02,
         -1.1251e-01],
        [ 3.9794e-02,  1.3351e-01, -1.9672e-01,  3.0458e-02,  1.6175e-01,
         -8.7104e-02, -2.5370e-02, -7.9248e-02, -5.8408e-02,  9.6313e-02,
         -6.5941e-03, -2.3062e-01, -1.6346e-01,  8.4237e-02, -1.9292e-01,
         -1.3667e-01],
        [-1.7696e-02,  1.0425e-01,  8.2146e-02,  1.2701e-01, -9.3110e-02,
          3.1536e-02,  8.1972e-02,  1.2106e-02, -1.9963e-01, -7.4037e-02,
         -2.3722e-02,  5.9504e-02, -8.5425e-02,  5.1164e-02,  8.2047e-02,
          6.7334e-02],
        [ 2.4860e-02, -8.0273e-02,  2.3425e-02, -4.0056e-02, -1.0707e-01,
          5.6009e-03, -2.1565e-02, -9.0728e-02, -1.4693e-01,  1.0917e-02,
          1.7411e-01,  1.2259e-01,  2.3975e-02, -9.3647e-02,  9.2560e-02,
         -4.9919e-02],
        [ 3.5260e-04, -1.6582e-01, -8.8756e-02, -1.9920e-02, -2.4792e-02,
          1.3656e-01,  1.5586e-01, -2.1788e-01, -1.6635e-01, -1.8304e-01,
          1.1096e-01, -1.1821e-01,  1.1677e-01, -2.2029e-01,  1.2236e-01,
         -7.5651e-02],
        [-7.7413e-02,  1.1768e-01, -1.8173e-01,  9.5945e-02,  4.4742e-02,
         -9.1974e-03,  5.7838e-02,  4.4078e-02, -1.3776e-01, -3.7170e-03,
          1.7945e-01,  6.6472e-03, -1.7425e-01,  8.2813e-02, -6.5000e-02,
          1.9922e-03],
        [ 5.8834e-03,  4.6357e-02, -1.1859e-01,  6.3339e-02, -9.9922e-02,
         -1.4997e-01, -4.5758e-02, -9.1226e-02, -9.6706e-02, -2.1314e-01,
         -4.7833e-02, -1.6226e-01, -1.0129e-01,  7.5761e-02,  1.0001e-01,
         -7.9136e-02],
        [ 1.2652e-01, -1.4774e-01,  1.6536e-01, -6.5791e-02,  1.8655e-02,
         -2.4984e-02, -1.7878e-02, -9.3820e-02, -1.3521e-01, -5.2091e-02,
          1.2870e-01,  1.1215e-01,  1.7363e-01,  1.8351e-02, -1.6562e-01,
          5.1756e-02],
        [-1.3702e-01,  9.2667e-02,  1.7700e-01, -9.7151e-02, -5.1409e-02,
         -1.0371e-01,  1.0854e-02, -1.4190e-01, -2.0399e-01,  8.1341e-02,
         -1.5657e-01,  5.8095e-02,  1.4168e-01,  4.3152e-03,  1.4828e-01,
         -4.2118e-02],
        [-3.0371e-02,  5.2182e-02,  1.8113e-01, -1.2804e-02, -5.4627e-02,
         -9.9666e-02,  9.4984e-02,  9.2164e-03, -1.0633e-01,  3.1450e-02,
         -1.9874e-01,  1.1200e-01, -3.1539e-02,  1.1213e-02,  1.2532e-01,
         -1.7255e-01],
        [ 1.6491e-02,  1.0135e-01, -2.3620e-01,  6.5036e-02,  9.2138e-02,
         -1.4185e-01, -2.3748e-02, -4.5808e-02,  1.2677e-02, -3.1251e-03,
          1.2984e-01, -1.1761e-01, -1.3649e-01,  1.7380e-01, -1.7817e-01,
          4.1039e-02],
        [ 1.5555e-01,  4.3041e-02,  5.0322e-02, -1.2692e-01, -9.0631e-02,
         -1.0677e-01,  6.1907e-02,  1.4259e-01,  1.5087e-01,  4.1379e-03,
         -1.1090e-01,  1.4184e-02, -5.9452e-02,  1.1837e-01, -1.2944e-01,
          6.6199e-02],
        [-1.3084e-01,  1.6719e-01,  5.9145e-02, -1.9407e-02, -2.4206e-02,
          4.9561e-02,  1.5995e-01, -1.6785e-01, -2.6195e-02,  1.2131e-01,
         -1.4072e-01,  1.8584e-01,  1.7669e-01, -1.1293e-02,  1.3278e-02,
         -1.8608e-02],
        [ 1.4623e-01, -1.5123e-01, -4.0894e-02,  5.9971e-02, -8.4104e-02,
         -5.6971e-02,  6.8848e-02, -8.8247e-02,  1.7288e-01, -6.1787e-02,
         -4.9928e-02, -1.3647e-01, -1.3003e-01, -6.2995e-02,  5.2234e-02,
          1.1830e-01],
        [-1.2864e-01, -6.3897e-02, -1.3637e-01, -1.8960e-01, -2.6531e-02,
          5.3314e-02,  1.1534e-01,  9.9754e-02, -4.4220e-02, -2.5503e-02,
          2.0336e-02,  1.8833e-01, -1.2646e-01, -5.1803e-02, -7.4129e-03,
         -1.5746e-01],
        [-1.4858e-01,  1.6706e-01,  6.5923e-02,  9.5244e-03,  5.6763e-02,
          6.7918e-03, -9.3013e-02,  7.5682e-02, -7.6881e-02, -7.2929e-02,
         -1.4871e-01,  5.6259e-02,  1.5774e-02, -1.3825e-01,  1.3497e-01,
         -9.8712e-02],
        [ 1.3466e-01, -8.1141e-02,  4.9069e-02, -6.1014e-02, -1.4451e-01,
          2.0285e-01, -6.9578e-02,  6.9278e-02,  1.1693e-01,  3.2457e-02,
         -2.2307e-01, -5.0566e-02,  1.1151e-01,  1.5386e-01, -6.1704e-02,
          8.3610e-02],
        [ 7.4746e-02,  1.5814e-01, -9.1909e-02,  1.3209e-01,  3.9291e-02,
         -5.7966e-03, -1.1118e-01,  2.8076e-02,  9.7354e-02,  1.3024e-01,
          1.0566e-01,  7.6753e-03, -6.1557e-02,  1.2847e-01, -1.2031e-01,
          1.4273e-01],
        [-1.1728e-01, -1.9754e-02, -7.5336e-02, -6.1038e-02, -2.6304e-02,
         -5.2263e-03, -1.3859e-01,  1.4911e-01,  7.5001e-02, -1.4540e-01,
         -1.7382e-01, -2.3176e-02,  4.5296e-02,  1.0991e-01,  5.0245e-02,
         -1.7452e-01],
        [-1.1084e-01, -2.4542e-02,  2.5273e-01,  1.7608e-02, -7.9002e-02,
         -1.4983e-01,  2.0438e-01, -1.0131e-01, -9.5830e-03,  1.6213e-01,
         -1.9623e-01,  8.4875e-02, -4.8423e-02,  1.7251e-02,  1.1474e-01,
         -8.4889e-02],
        [-7.9807e-02, -3.2340e-02,  2.5379e-01,  1.1455e-01,  2.9959e-02,
          1.0930e-01, -2.9346e-02, -1.6416e-01, -2.7957e-02,  4.9213e-02,
         -2.2490e-01, -5.1643e-02,  1.4516e-01, -1.8067e-01,  1.8773e-01,
          3.3858e-02],
        [ 6.0412e-02,  8.0403e-02,  2.0790e-02,  8.0523e-03,  3.7216e-02,
          1.8376e-01, -8.0521e-02, -1.0831e-02, -1.4577e-01, -7.3498e-02,
          1.1899e-02, -1.0321e-01,  3.8878e-02,  6.1372e-02, -1.2285e-01,
          1.2602e-01],
        [-1.4544e-01, -2.8304e-01,  8.3352e-02,  6.0828e-02, -1.2107e-01,
          5.3998e-02, -3.0626e-03, -1.2957e-01, -1.5397e-01, -1.6555e-01,
         -1.2573e-01, -1.2660e-01, -1.0649e-01,  1.6825e-01,  1.9522e-02,
         -2.7462e-02],
        [-1.4550e-01, -1.0533e-01,  2.0236e-01, -1.4584e-01, -6.8287e-02,
          8.7283e-04,  1.1308e-01, -1.2374e-01, -3.4622e-02,  4.1540e-02,
         -1.4344e-01,  6.8181e-02,  1.4667e-02, -9.3141e-02,  1.7056e-01,
          9.7464e-03],
        [ 3.4407e-02, -8.6477e-02,  6.7470e-02, -2.5841e-02, -1.1746e-01,
          9.0181e-02,  6.4554e-02,  2.5818e-02,  1.1332e-01,  2.4056e-01,
         -5.9020e-02, -9.3156e-02,  1.7038e-01,  6.7938e-02,  1.3265e-01,
         -1.1884e-02],
        [-6.1061e-02,  2.3564e-03,  5.5384e-02, -2.8622e-02, -1.1608e-01,
         -5.2728e-02, -2.0342e-03, -1.8878e-01, -7.2398e-02,  1.0356e-01,
         -2.4456e-02,  2.3449e-02, -3.7358e-02, -6.2066e-02,  1.7312e-01,
         -4.6913e-02],
        [-7.6624e-02,  5.9483e-02,  1.6675e-01, -6.0420e-02, -1.4334e-01,
         -1.4402e-01,  5.6823e-02, -9.4160e-02, -1.1946e-02,  1.6561e-01,
          6.4720e-02,  1.0724e-01,  1.8641e-01,  3.6787e-02,  1.9964e-01,
          1.1008e-01]], device='cuda:0')), ('bn3.weight', tensor([1., 1., 1., 1., 1., 1., 1., 1., 1., 1., 1., 1., 1., 1., 1., 1., 1., 1.,
        1., 1., 1., 1., 1., 1., 1., 1., 1., 1., 1., 1., 1., 1.],
       device='cuda:0')), ('bn3.bias', tensor([0., 0., 0., 0., 0., 0., 0., 0., 0., 0., 0., 0., 0., 0., 0., 0., 0., 0., 0., 0., 0., 0., 0., 0.,
        0., 0., 0., 0., 0., 0., 0., 0.], device='cuda:0')), ('bn3.running_mean', tensor([0., 0., 0., 0., 0., 0., 0., 0., 0., 0., 0., 0., 0., 0., 0., 0., 0., 0., 0., 0., 0., 0., 0., 0.,
        0., 0., 0., 0., 0., 0., 0., 0.], device='cuda:0')), ('bn3.running_var', tensor([1., 1., 1., 1., 1., 1., 1., 1., 1., 1., 1., 1., 1., 1., 1., 1., 1., 1.,
        1., 1., 1., 1., 1., 1., 1., 1., 1., 1., 1., 1., 1., 1.],
       device='cuda:0')), ('bn3.num_batches_tracked', tensor(0, device='cuda:0'))])