OrderedDict([('conv1.bias', tensor([-9.2757e-07, -6.6915e-07,  1.7052e-06, -2.7312e-06, -3.5478e-06,
        -2.8378e-06,  7.5205e-08,  3.4553e-07], device='cuda:0')), ('conv1.lin.weight', tensor([[-1.4043e-01, -1.3275e-01,  2.4680e-01,  3.3711e-02,  5.2741e-03,
         -7.4094e-02, -2.1160e-43,  1.3276e-07,  7.0920e-42,  1.9393e-12,
         -1.7423e-01],
        [ 1.1674e-01,  2.2094e-01,  1.4084e-02,  2.7816e-01,  9.8096e-04,
          1.0684e-01,  1.1450e-10,  2.3234e-42, -2.9361e-39, -6.0867e-22,
         -1.3482e-01],
        [ 8.4789e-02, -3.4196e-01,  8.9523e-03,  1.7158e-01,  8.2358e-05,
         -1.1665e-01, -7.4391e-15, -1.4139e-42,  3.1669e-43, -2.0459e-42,
         -2.6861e-01],
        [-2.6723e-01, -2.5279e-01,  2.7043e-01,  1.7601e-01,  2.5433e-03,
         -1.0133e-01,  7.3708e-43,  2.5813e-16, -1.4784e-42,  8.9233e-18,
         -2.6915e-01],
        [-6.1235e-02,  1.8122e-01, -1.3067e-01,  2.3546e-01, -2.2026e-04,
          3.8694e-03, -1.5526e-42, -3.5335e-07,  1.6153e-10,  1.1154e-42,
          1.5179e-01],
        [-2.0298e-01, -3.0293e-01,  2.2905e-01, -2.4077e-01,  7.8500e-03,
          6.7902e-04,  8.4421e-09,  2.3290e-42, -7.1147e-11, -1.3172e-42,
         -1.2981e-01],
        [-3.6281e-01,  2.4319e-01, -2.4576e-01, -2.3968e-01,  4.3859e-03,
         -1.1435e-01,  1.1785e-42, -2.7409e-42, -2.1482e-42,  2.5223e-44,
         -4.0593e-01],
        [ 3.1596e-01, -1.8512e-01, -9.1436e-03,  3.9309e-01,  5.6620e-03,
          1.0141e-01, -2.2785e-42, -1.5624e-42,  1.3579e-42, -7.9470e-30,
         -7.0166e-02]], device='cuda:0')), ('conv1.aggr.t', tensor([1.], device='cuda:0')), ('bn1.weight', tensor([0.7792, 0.7944, 0.7700, 0.8045, 0.7762, 0.7604, 0.8357, 1.0146],
       device='cuda:0')), ('bn1.bias', tensor([0.2235, 0.0093, 0.1087, 0.1294, 0.0401, 0.2285, 0.1659, 0.2178],
       device='cuda:0')), ('bn1.running_mean', tensor([-0.4753,  0.4624, -0.6684, -0.7195,  0.1504, -0.2703, -0.7691,  0.4333],
       device='cuda:0')), ('bn1.running_var', tensor([0.5472, 0.9340, 1.3672, 1.1720, 0.1402, 0.2462, 1.7688, 0.9678],
       device='cuda:0')), ('bn1.num_batches_tracked', tensor(47024, device='cuda:0')), ('conv2.bias', tensor([-2.1061e-06, -2.8965e-06, -6.1440e-06, -3.1191e-06, -6.3666e-07,
         9.3277e-07,  4.2971e-06, -8.0645e-06,  5.4567e-06,  3.0620e-06,
        -1.3147e-06,  1.0889e-06,  1.2913e-06,  1.5951e-06,  4.4023e-06,
        -2.2148e-07], device='cuda:0')), ('conv2.lin.weight', tensor([[ 3.1920e-02, -2.3132e-01, -3.9832e-01,  3.0795e-01,  1.7308e-01,
          2.4684e-02, -2.1265e-01,  4.2943e-01],
        [-9.1629e-02, -2.5316e-01, -1.3253e-01, -3.6216e-01, -1.5995e-01,
          1.4601e-01,  2.5959e-01,  4.4596e-03],
        [-3.1021e-01, -5.9432e-04, -2.5787e-01, -1.1443e-01,  1.7552e-01,
         -3.2324e-01, -2.8213e-01, -2.2417e-01],
        [-3.0739e-02,  1.8639e-01, -2.4738e-01,  1.3226e-01, -3.2230e-01,
         -3.8809e-01,  1.4317e-02, -3.7469e-01],
        [ 3.0703e-02,  2.9519e-01, -1.6513e-01,  2.3728e-01,  3.4777e-01,
         -4.3903e-01, -9.8381e-02,  1.6870e-01],
        [ 5.3840e-02,  2.6044e-01,  1.7059e-01, -1.9748e-01,  3.1759e-01,
         -5.5933e-02, -1.3235e-01,  1.1430e-01],
        [-2.1086e-01,  3.0292e-02, -1.6696e-01, -2.9110e-01,  1.9962e-01,
         -1.9539e-01, -2.8712e-01, -1.2635e-01],
        [-3.8267e-01,  1.1795e-02,  1.9707e-01, -2.3746e-01, -2.8460e-01,
         -2.8641e-01, -1.8730e-01, -1.6432e-01],
        [-1.5670e-01,  1.0057e-01, -1.2986e-01,  3.8516e-01,  2.0575e-01,
          1.5189e-02, -1.7842e-01,  8.6740e-02],
        [ 2.3691e-01,  2.8015e-01, -3.1563e-01,  2.8955e-01,  1.7265e-01,
         -2.2337e-01,  1.5600e-01,  4.7657e-01],
        [ 1.3347e-02,  3.4120e-02, -2.3549e-01, -3.0182e-01, -1.3843e-01,
          5.9587e-02, -1.1166e-01,  3.7694e-01],
        [ 3.6813e-02,  1.5025e-01,  3.3806e-01, -1.1225e-01, -1.5527e-01,
         -5.2453e-03, -2.4394e-01,  3.6300e-01],
        [-2.2736e-01,  3.2330e-01,  8.1961e-02,  3.0997e-01,  2.4571e-01,
         -1.8031e-01, -2.2632e-01, -1.4411e-01],
        [-2.7988e-01,  1.6029e-01,  2.4430e-01, -6.8056e-02,  9.9758e-02,
         -1.9150e-02,  6.7371e-02, -4.1195e-04],
        [ 1.0792e-02, -4.1232e-01,  3.6892e-02, -6.7738e-02, -2.0020e-01,
          1.7568e-01,  3.7421e-01, -1.9886e-01],
        [ 7.3290e-02,  3.8029e-02,  2.1986e-01, -2.4773e-01,  3.6395e-02,
          9.8365e-02,  2.3980e-01,  3.7948e-01]], device='cuda:0')), ('conv2.aggr.t', tensor([1.], device='cuda:0')), ('bn2.weight', tensor([0.7280, 0.7144, 0.7382, 0.7605, 0.7675, 0.7296, 0.6907, 0.7325, 0.7555,
        0.8011, 0.6822, 0.7918, 0.7280, 0.6832, 0.9340, 0.8079],
       device='cuda:0')), ('bn2.bias', tensor([-0.4220,  0.1754, -0.3324, -0.5194,  0.3824, -0.4335,  0.2976,  0.1059,
        -0.1047,  0.4369,  0.1163,  0.1628,  0.1773, -0.0456,  0.0977, -0.5289],
       device='cuda:0')), ('bn2.running_mean', tensor([ 0.0906, -0.1639, -0.5690, -0.4072,  0.0682,  0.1372, -0.4507, -0.5266,
         0.0893,  0.4069, -0.0646,  0.1529, -0.0298,  0.0291, -0.0402,  0.3421],
       device='cuda:0')), ('bn2.running_var', tensor([0.2249, 0.0842, 0.1804, 0.2058, 0.2800, 0.1734, 0.1422, 0.1318, 0.0846,
        0.4152, 0.2458, 0.2580, 0.1324, 0.0501, 0.3237, 0.1830],
       device='cuda:0')), ('bn2.num_batches_tracked', tensor(47024, device='cuda:0')), ('conv3.bias', tensor([ 8.7729e-07, -3.8866e-07, -2.2369e-06,  5.3312e-06,  2.4288e-06,
        -9.0455e-07, -7.2214e-07, -4.5659e-06,  1.0916e-06,  1.4231e-06,
         8.6437e-07,  2.0661e-06, -3.6555e-06, -9.1677e-07, -1.5745e-06,
        -3.0617e-06, -4.5845e-07, -8.8930e-09, -4.6158e-06, -1.2111e-06,
         2.0858e-06,  3.9118e-06, -8.7546e-07,  1.7742e-06,  6.4179e-07,
        -2.5485e-08, -2.7271e-06,  4.5902e-06,  8.3874e-07, -2.4453e-06,
        -4.0937e-06,  1.8599e-07], device='cuda:0')), ('conv3.lin.weight', tensor([[ 0.1292,  0.1076,  0.0584,  0.0537,  0.1405,  0.1110, -0.1043,  0.0097,
         -0.1057,  0.0175,  0.1158,  0.0137,  0.1534, -0.0379,  0.1087,  0.0100],
        [-0.0055,  0.2917,  0.0170,  0.2095,  0.0778,  0.1104, -0.1340, -0.1369,
          0.0202, -0.1172,  0.0621,  0.0751,  0.1087, -0.0673, -0.1388, -0.1403],
        [ 0.1491,  0.1063, -0.1115,  0.1135,  0.0617, -0.1681, -0.0140, -0.1181,
         -0.1437, -0.0322, -0.0018, -0.0198,  0.0603,  0.0262, -0.1463, -0.0160],
        [ 0.0650,  0.1279, -0.2560,  0.0751,  0.0191, -0.1108,  0.0334,  0.0686,
          0.0948,  0.1140,  0.0356, -0.0292,  0.1548,  0.0536,  0.0361, -0.1226],
        [ 0.1410,  0.1276, -0.1385, -0.0105, -0.1113, -0.0725,  0.0465, -0.0506,
          0.0472, -0.1290, -0.0518, -0.0866,  0.0372,  0.0358, -0.1975,  0.0954],
        [ 0.0014,  0.0241, -0.1677, -0.1151,  0.1819, -0.1016,  0.2449,  0.2334,
          0.0182,  0.1042, -0.2522, -0.0105, -0.1685, -0.1860, -0.1459, -0.0098],
        [ 0.1288, -0.0346, -0.0456,  0.1825, -0.0866,  0.1138,  0.0503, -0.1015,
         -0.1659, -0.1525, -0.1211,  0.0216, -0.1634,  0.1227, -0.1534,  0.0888],
        [-0.0496,  0.1254, -0.1094, -0.2244,  0.0673, -0.0484,  0.0341,  0.2117,
          0.1537,  0.1318,  0.0016, -0.1232, -0.0984, -0.0044,  0.0157, -0.1676],
        [ 0.2025, -0.1529, -0.1133,  0.1038,  0.0758,  0.1141,  0.0615,  0.0667,
         -0.2193,  0.0524, -0.1555,  0.1657,  0.0969, -0.0408,  0.1749,  0.0092],
        [ 0.1358, -0.2094, -0.0733, -0.0188,  0.1294,  0.2493, -0.0182,  0.0667,
         -0.0525, -0.1319, -0.0228, -0.0960, -0.1931, -0.0699,  0.0737, -0.1130],
        [ 0.0135, -0.0357, -0.1145, -0.0823,  0.1897,  0.1207,  0.1743,  0.0062,
         -0.1585,  0.0688, -0.0660,  0.1032, -0.0715, -0.1039,  0.1941, -0.1145],
        [ 0.0487, -0.0927, -0.1245,  0.1285,  0.1140, -0.0292,  0.1672,  0.0990,
          0.1048,  0.1022, -0.2748,  0.1898, -0.1742,  0.0908,  0.2010,  0.1346],
        [-0.1902,  0.0958,  0.1169, -0.1669,  0.1886, -0.2573, -0.0549, -0.0954,
         -0.1098,  0.1635,  0.1487,  0.0096,  0.0862,  0.0134,  0.0455, -0.1713],
        [ 0.0091, -0.0029, -0.0198,  0.0157,  0.0148, -0.1353,  0.1748, -0.0296,
         -0.1801,  0.0837, -0.0840,  0.1832,  0.0303,  0.0327, -0.1279, -0.1485],
        [-0.0878,  0.1599, -0.2948, -0.0349, -0.2037,  0.0552,  0.1299,  0.0137,
         -0.0499,  0.2350,  0.0471, -0.1690,  0.1171,  0.0807, -0.1342, -0.1208],
        [-0.0364,  0.0628,  0.1177,  0.1351, -0.1678, -0.0252, -0.0451, -0.0760,
         -0.0530,  0.0189,  0.0169, -0.0930,  0.1109, -0.2508, -0.2335,  0.2144],
        [-0.0653,  0.1284, -0.0352, -0.1215,  0.2149,  0.1233, -0.1208,  0.0484,
         -0.1725,  0.0022, -0.0677,  0.1546,  0.2493, -0.1090,  0.2133, -0.0705],
        [ 0.1932, -0.0271,  0.1655,  0.1396, -0.1601,  0.1986, -0.1655, -0.0518,
         -0.1241, -0.1730, -0.0986, -0.0150, -0.0372,  0.1074, -0.0533,  0.1748],
        [ 0.2144,  0.1026,  0.1900,  0.2993, -0.1140,  0.1245, -0.1071, -0.0670,
          0.0403, -0.1825, -0.1607,  0.0896,  0.0037,  0.0103, -0.0133,  0.2972],
        [ 0.0296,  0.0988,  0.1109,  0.0359,  0.1004, -0.0430,  0.0129, -0.1662,
         -0.0358, -0.0318,  0.0171,  0.1643,  0.1401,  0.1804,  0.1852, -0.0900],
        [-0.0090, -0.0809,  0.0977,  0.1022, -0.0162,  0.2154, -0.1294, -0.0814,
          0.0405,  0.1376,  0.0564, -0.0541, -0.2071,  0.1013,  0.0320, -0.1268],
        [ 0.1314,  0.0989, -0.2465, -0.0012,  0.2022,  0.0353,  0.2221,  0.1430,
         -0.1024, -0.0585, -0.0890,  0.0894, -0.0273, -0.0555,  0.0384, -0.1138],
        [ 0.0929, -0.0073, -0.2194, -0.0631,  0.2086, -0.2164,  0.1606, -0.1908,
         -0.1074, -0.2641, -0.0611,  0.1781, -0.0338,  0.0321, -0.1607, -0.1950],
        [ 0.1107, -0.0293, -0.0515,  0.1128, -0.1267, -0.1082, -0.0069,  0.0965,
         -0.0061, -0.0795,  0.0259, -0.0886,  0.0663, -0.0666, -0.2541,  0.0507],
        [ 0.1572,  0.0285,  0.1022,  0.1603,  0.0675,  0.0532, -0.0953,  0.0555,
          0.1434, -0.0565, -0.1296, -0.0947,  0.0078, -0.0155,  0.1516,  0.2936],
        [ 0.0055, -0.1032, -0.0008, -0.0430,  0.1083, -0.1902, -0.0979,  0.0523,
         -0.0784,  0.1526, -0.0984,  0.0031,  0.0181,  0.0979,  0.0722, -0.0336],
        [-0.1914,  0.0947,  0.0296,  0.0702,  0.0936,  0.1760, -0.0218, -0.2965,
         -0.0095, -0.2050,  0.1482,  0.2457,  0.1431, -0.0709,  0.0773, -0.1040],
        [-0.0754, -0.0689,  0.0831,  0.1179, -0.2376, -0.1642,  0.1050, -0.1264,
          0.2563, -0.2142,  0.0607, -0.0252, -0.0617, -0.1544, -0.2150,  0.3142],
        [-0.3210,  0.0926, -0.0493, -0.1142,  0.0818, -0.0826,  0.0226,  0.0091,
          0.1119,  0.1027,  0.1763, -0.0860, -0.2363,  0.0856, -0.1770, -0.1762],
        [-0.1316,  0.1167, -0.1575, -0.2155, -0.0554, -0.0810,  0.0156,  0.1405,
          0.1505, -0.1678, -0.0822, -0.0860,  0.0432, -0.1258, -0.3721, -0.0768],
        [ 0.1990, -0.0155,  0.0762,  0.2266,  0.1573,  0.2190, -0.1939, -0.0134,
         -0.0531, -0.2401,  0.0261, -0.1720, -0.0756,  0.0234,  0.0200,  0.1186],
        [ 0.2107, -0.1746, -0.0333,  0.1630, -0.1173,  0.1546, -0.0585,  0.0900,
          0.0294, -0.0916, -0.0983,  0.0581, -0.1895,  0.2080,  0.0880, -0.0268]],
       device='cuda:0')), ('bn3.weight', tensor([1., 1., 1., 1., 1., 1., 1., 1., 1., 1., 1., 1., 1., 1., 1., 1., 1., 1.,
        1., 1., 1., 1., 1., 1., 1., 1., 1., 1., 1., 1., 1., 1.],
       device='cuda:0')), ('bn3.bias', tensor([0., 0., 0., 0., 0., 0., 0., 0., 0., 0., 0., 0., 0., 0., 0., 0., 0., 0., 0., 0., 0., 0., 0., 0.,
        0., 0., 0., 0., 0., 0., 0., 0.], device='cuda:0')), ('bn3.running_mean', tensor([0., 0., 0., 0., 0., 0., 0., 0., 0., 0., 0., 0., 0., 0., 0., 0., 0., 0., 0., 0., 0., 0., 0., 0.,
        0., 0., 0., 0., 0., 0., 0., 0.], device='cuda:0')), ('bn3.running_var', tensor([1., 1., 1., 1., 1., 1., 1., 1., 1., 1., 1., 1., 1., 1., 1., 1., 1., 1.,
        1., 1., 1., 1., 1., 1., 1., 1., 1., 1., 1., 1., 1., 1.],
       device='cuda:0')), ('bn3.num_batches_tracked', tensor(0, device='cuda:0'))])