OrderedDict([('conv1.bias', tensor([ 2.9820e-06, -1.2665e-06,  6.1504e-06,  1.2354e-06, -1.7020e-06,
         7.9624e-07,  1.2468e-06,  4.1597e-06], device='cuda:0')), ('conv1.lin.weight', tensor([[-1.9880e-01, -4.0378e-02,  3.1401e-02, -6.9959e-02, -3.8765e-03,
         -7.6017e-02,  5.8672e-42, -1.1900e-39, -1.1210e-43,  6.5581e-43,
         -1.2627e-02],
        [-1.1558e-02,  3.0198e-02, -1.2478e-03, -9.6134e-03,  2.9966e-04,
          1.0199e-01,  3.1669e-43, -1.8676e-24,  8.7021e-43, -2.4523e-42,
          2.9810e-02],
        [ 1.5746e-01,  1.7850e-01, -8.5670e-03, -1.7439e-02, -3.0505e-05,
          3.5813e-02, -4.2768e-42,  1.6652e-06,  1.3705e-42,  3.5355e-42,
          2.1487e-02],
        [-1.5351e-02,  2.6410e-02,  3.8706e-04, -1.8399e-03, -1.3552e-03,
          8.9290e-02, -1.5905e-42,  5.0867e-43,  1.2892e-43, -2.4144e-42,
          3.7559e-01],
        [-2.9371e-01,  3.4089e-01, -1.0003e-02, -1.7260e-02, -2.4713e-03,
          2.0599e-02,  6.2608e-15,  2.0585e-42, -2.5349e-42, -1.8483e-42,
         -7.0994e-02],
        [-1.2436e-01,  2.3167e-02, -1.3781e-02, -5.9606e-03,  2.2481e-04,
         -1.5561e-01, -1.4519e-41, -2.4383e-42, -2.3107e-42,  1.9660e-42,
         -2.9101e-02],
        [ 1.2395e-01, -3.1543e-02,  3.4930e-02, -6.2797e-02, -2.8081e-03,
         -3.5044e-03,  7.3710e-16, -4.8765e-42, -1.0075e-42,  1.7610e-11,
          3.8427e-03],
        [-2.2083e-01, -1.4138e-01,  5.0485e-02,  5.4157e-02, -1.1364e-04,
         -5.2251e-02, -1.1499e-13, -3.2076e-42, -1.6112e-17,  2.0841e-27,
         -2.1161e-01]], device='cuda:0')), ('conv1.aggr.t', tensor([1.], device='cuda:0')), ('bn1.weight', tensor([0.7040, 0.8991, 0.7485, 0.7431, 0.8040, 0.6209, 0.7852, 0.7642],
       device='cuda:0')), ('bn1.bias', tensor([ 0.0957,  0.1050,  0.0602,  0.1443,  0.1306,  0.1650,  0.1203, -0.0142],
       device='cuda:0')), ('bn1.running_mean', tensor([-0.3969,  0.3897,  0.2794,  0.5222,  0.0133, -0.6327,  0.0356, -0.4511],
       device='cuda:0')), ('bn1.running_var', tensor([0.4201, 0.6651, 0.1537, 0.9830, 0.3160, 1.5379, 0.0279, 0.4132],
       device='cuda:0')), ('bn1.num_batches_tracked', tensor(47024, device='cuda:0')), ('conv2.bias', tensor([-3.0237e-06, -5.4197e-07, -1.3122e-06, -2.8733e-06, -3.3428e-06,
        -3.5405e-08,  1.5084e-06, -2.8852e-06, -1.1478e-06, -5.9402e-06,
        -6.1670e-06,  1.4499e-06, -1.0549e-06, -3.2196e-06,  4.2778e-06,
         2.0906e-06], device='cuda:0')), ('conv2.lin.weight', tensor([[ 0.0300, -0.3011, -0.1585, -0.1302,  0.0158, -0.0991, -0.1932, -0.2039],
        [ 0.0119, -0.1731,  0.1056, -0.1850, -0.2138, -0.1402, -0.0222,  0.2876],
        [ 0.1393,  0.3319, -0.0280,  0.3117,  0.2869,  0.0287, -0.1731,  0.0137],
        [-0.0498,  0.3720,  0.0870, -0.3866,  0.0216, -0.1187,  0.0471, -0.2090],
        [ 0.0841, -0.2234, -0.1054,  0.1751,  0.0344, -0.0587, -0.2510, -0.2476],
        [-0.1086,  0.4628, -0.2747, -0.0812,  0.1631, -0.0608,  0.1938, -0.1257],
        [ 0.0435,  0.3367, -0.1100, -0.0558,  0.1152,  0.0537,  0.0036, -0.0605],
        [-0.2162, -0.1797, -0.1431,  0.1194, -0.2329, -0.0331, -0.3530,  0.1926],
        [-0.1710,  0.1989, -0.1174, -0.1286,  0.4066,  0.0324,  0.2905, -0.2330],
        [ 0.0057,  0.0857,  0.0271,  0.0648,  0.0535, -0.3267,  0.2087,  0.0371],
        [ 0.3633,  0.3048,  0.0437,  0.0971,  0.0148, -0.0592,  0.1296, -0.1508],
        [ 0.1762,  0.2877, -0.2134, -0.0096,  0.2808, -0.1984,  0.0537, -0.0769],
        [ 0.0169,  0.1749, -0.2164, -0.2990, -0.3671,  0.0320, -0.1192,  0.0753],
        [ 0.2820, -0.2479, -0.0920, -0.1120, -0.0231,  0.0127, -0.0091, -0.0838],
        [-0.0845,  0.1052,  0.3155,  0.2010, -0.2112,  0.1155,  0.3247, -0.2060],
        [ 0.0749, -0.1517, -0.0080,  0.3206,  0.1312, -0.0409,  0.3731,  0.1383]],
       device='cuda:0')), ('conv2.aggr.t', tensor([1.], device='cuda:0')), ('bn2.weight', tensor([0.7941, 0.7525, 0.7125, 0.7025, 0.7221, 0.7278, 0.6142, 0.7666, 0.7672,
        0.7840, 0.7383, 0.6652, 0.6636, 0.6107, 0.6949, 0.6916],
       device='cuda:0')), ('bn2.bias', tensor([ 0.4627,  0.3170,  0.4540, -0.0561, -0.1718, -0.1994,  0.0811,  0.3938,
         0.4962,  0.0455,  0.4413, -0.3005,  0.1359, -0.0051,  0.1882,  0.0565],
       device='cuda:0')), ('bn2.running_mean', tensor([-0.3152, -0.1196,  0.2941, -0.0517, -0.1723,  0.0600,  0.1113, -0.2707,
         0.0986,  0.0402,  0.2379,  0.0986, -0.2205, -0.0882,  0.1786,  0.2360],
       device='cuda:0')), ('bn2.running_var', tensor([0.1423, 0.0889, 0.2753, 0.1334, 0.0779, 0.1663, 0.0806, 0.1402, 0.1421,
        0.0534, 0.1095, 0.0981, 0.1520, 0.1082, 0.2015, 0.1114],
       device='cuda:0')), ('bn2.num_batches_tracked', tensor(47024, device='cuda:0')), ('conv3.bias', tensor([-7.7463e-07,  3.1080e-06,  6.2391e-06, -1.0102e-06,  4.9835e-06,
         3.1104e-06,  2.2063e-07, -1.2682e-06,  1.9655e-06,  6.3267e-07,
        -6.2287e-07, -3.0687e-06,  3.6906e-06, -5.8665e-08, -3.4367e-07,
        -2.6455e-06,  9.2087e-07, -3.0409e-07, -1.4587e-07, -7.3202e-08,
        -1.0576e-06, -3.3785e-06,  4.7618e-07,  1.2417e-06, -3.4435e-07,
         1.0008e-06, -4.5833e-07,  2.2479e-06, -1.4443e-06,  5.6465e-07,
         2.1537e-06,  5.5083e-06], device='cuda:0')), ('conv3.lin.weight', tensor([[-1.3820e-01, -4.0723e-02, -2.5620e-01, -2.0523e-03, -1.2510e-01,
         -1.6455e-01,  6.6685e-02, -1.9136e-02, -4.1182e-03, -1.3958e-01,
          3.9137e-02,  7.7343e-02, -1.3834e-01, -5.0262e-02, -2.3638e-01,
          1.6299e-03],
        [ 7.8336e-03,  6.1697e-02, -6.6463e-02,  9.2256e-02,  1.5442e-01,
          1.0038e-01, -1.3574e-02, -1.6372e-01, -9.1940e-02, -8.9684e-02,
          1.3495e-01,  7.3436e-02,  6.8620e-02, -6.7710e-03, -1.2832e-02,
         -1.3215e-03],
        [ 9.9997e-03, -1.2976e-01, -1.6836e-01,  8.7933e-02,  1.4183e-01,
          5.7032e-02,  2.0508e-03, -2.1505e-01, -1.5960e-01, -1.6351e-01,
         -2.1943e-01,  8.9913e-02, -8.4792e-02, -1.1326e-01,  1.6066e-01,
         -5.0977e-02],
        [ 1.0908e-01,  1.4431e-01,  8.7392e-02,  1.6089e-01,  2.8959e-03,
         -1.6402e-01,  1.3219e-01,  1.5857e-01,  1.2146e-01, -1.7444e-01,
          2.1038e-01,  2.9327e-02, -2.1141e-01,  1.0965e-01,  7.2974e-02,
          1.3697e-01],
        [-4.6789e-02,  1.4220e-01,  5.9431e-02, -8.7269e-02, -1.4030e-01,
         -1.7004e-01, -7.3636e-02,  4.1526e-02,  1.8357e-03, -1.1240e-01,
          1.8388e-01,  1.3129e-01,  2.9770e-03,  3.3871e-02, -8.3527e-02,
          6.5583e-02],
        [-1.1700e-01,  1.2167e-01,  8.4067e-02,  1.1165e-02, -8.4689e-02,
         -3.7093e-03,  5.2782e-02,  1.2499e-01,  7.6085e-02, -1.6085e-01,
          9.9485e-02, -1.6193e-01, -2.2369e-01,  7.7816e-02,  2.8129e-02,
         -1.3472e-01],
        [-1.2207e-01,  3.6658e-02,  3.3136e-02, -1.4731e-01, -2.2037e-01,
         -2.9807e-03, -1.2920e-01, -2.1085e-02, -1.4023e-01, -2.9458e-02,
         -1.7225e-01,  2.5848e-01, -2.2235e-02, -8.6383e-02, -1.6433e-01,
          1.0837e-01],
        [ 1.7971e-02, -4.6325e-02,  4.5279e-02,  8.9165e-02,  2.0095e-01,
          1.7534e-01, -5.9653e-02, -9.1714e-02,  1.4511e-01, -3.8574e-02,
          3.9871e-02, -3.0871e-01, -3.0298e-03,  2.1049e-02, -1.5553e-01,
         -4.5798e-02],
        [-7.4424e-02, -2.2615e-01, -1.6979e-01,  2.9200e-02,  1.0928e-01,
          1.0262e-02,  9.1388e-02, -2.4709e-01, -1.1584e-01,  1.4461e-01,
         -1.4833e-01, -1.0692e-01,  1.8700e-01,  7.8488e-02, -1.2227e-01,
         -2.9817e-02],
        [ 2.2691e-01,  1.3293e-02,  2.1083e-02, -1.5540e-02,  1.0317e-01,
          1.2755e-01, -5.3913e-02, -9.4034e-02, -2.1747e-01,  1.6828e-01,
         -1.6223e-01,  1.0484e-01,  1.7971e-02, -7.2534e-02,  1.7749e-01,
         -1.3035e-01],
        [-1.9747e-01, -1.5381e-01, -2.2918e-01, -1.3366e-01, -6.4092e-02,
          9.9918e-02,  5.7983e-02,  3.4686e-02, -8.3581e-02,  3.2188e-02,
         -2.1119e-01, -1.2110e-01, -1.0552e-01, -1.6259e-01, -1.5802e-01,
         -6.1216e-02],
        [-1.4810e-01, -9.5505e-02, -1.0045e-01,  2.7007e-02, -1.0901e-02,
          1.5090e-01,  4.4493e-03,  1.1758e-01,  9.0722e-02, -2.4195e-01,
         -1.2475e-01, -1.5029e-01, -8.9987e-02,  1.1460e-01,  1.5197e-01,
         -1.0755e-02],
        [ 1.4164e-01, -1.3376e-01,  7.2781e-02, -1.2606e-01, -2.7539e-02,
         -9.7287e-02,  7.2947e-02, -2.1825e-01,  1.0264e-02, -8.9005e-02,
          1.1323e-01, -4.1125e-02,  9.0332e-02,  6.6704e-02, -1.0422e-02,
          1.0273e-01],
        [-2.7416e-01,  1.2264e-01, -1.5176e-01, -5.6895e-02,  1.2466e-01,
          1.1472e-01,  1.5109e-01, -2.1112e-01, -1.8468e-01, -1.6327e-01,
         -2.0930e-01,  1.4649e-01, -1.6206e-01, -1.4559e-02,  3.6482e-02,
          5.2051e-02],
        [ 2.7310e-01, -1.6334e-01,  8.3877e-02, -2.7040e-02, -4.5297e-02,
          1.8463e-02, -1.7053e-01, -1.2526e-01,  8.7411e-02, -6.3397e-02,
          1.7631e-01, -2.0576e-01,  2.4037e-01, -6.0208e-02,  1.4881e-01,
          3.2549e-02],
        [-2.6777e-01, -1.8880e-01, -7.7990e-02, -1.2525e-01, -2.7819e-02,
          2.1426e-01, -1.2051e-01, -2.2176e-02, -7.8288e-02, -1.5844e-01,
         -1.8045e-01,  6.9348e-02, -1.4062e-02,  1.0781e-01, -2.1434e-02,
         -1.5538e-02],
        [ 1.3333e-01,  7.7543e-02,  2.5962e-01, -6.8870e-02, -2.6385e-01,
         -2.7095e-01, -6.2610e-03,  1.6783e-01,  2.3411e-01,  5.9542e-02,
         -8.2143e-02,  8.8120e-02,  7.8525e-02,  6.1903e-03,  6.1145e-02,
         -8.0163e-02],
        [ 1.7789e-02,  2.0328e-01,  2.1326e-01, -1.1127e-01, -2.6454e-01,
          2.4412e-01,  3.0591e-02,  1.9336e-01, -4.2606e-02, -1.5535e-01,
         -1.0203e-01,  1.7956e-01, -1.8843e-01,  1.0938e-01,  5.5951e-02,
          4.0272e-02],
        [ 7.3763e-03,  1.0076e-01, -8.1477e-02, -1.2323e-01,  5.2308e-02,
          8.9523e-02,  1.5368e-01,  1.5964e-02, -1.4987e-01,  7.3928e-02,
          2.2214e-01, -1.9831e-02, -8.8089e-02,  1.6002e-01, -9.8823e-02,
          5.5291e-03],
        [ 1.8407e-01, -9.0650e-02,  1.0239e-01,  1.0175e-01, -1.3829e-03,
         -2.2960e-02,  1.6951e-01,  1.5507e-01, -1.2204e-01,  2.6351e-01,
         -9.2936e-02, -1.8096e-01, -1.1383e-01,  1.2378e-01,  1.4774e-01,
         -1.3481e-01],
        [ 9.3881e-02, -1.8335e-02, -7.1987e-02, -8.9667e-02,  1.4491e-01,
         -2.2117e-01, -5.8512e-04, -2.0640e-02,  1.5096e-01,  1.9348e-01,
          2.4232e-01, -4.1041e-02, -8.2796e-04, -4.2369e-02, -1.3456e-01,
         -9.6262e-02],
        [ 1.0470e-01,  7.8888e-02,  7.3226e-02, -1.6104e-02, -4.1318e-02,
          2.2127e-02, -4.6029e-02,  1.5066e-01,  2.1536e-01,  1.7341e-01,
         -1.6506e-01, -9.2992e-02, -3.3959e-02, -1.2444e-01,  8.6949e-02,
         -1.1707e-01],
        [ 3.4168e-02, -2.4098e-01, -1.4505e-01, -8.9626e-02, -1.7095e-02,
         -1.3105e-01, -1.1148e-01, -8.5114e-02, -1.4838e-01, -5.8156e-02,
          8.0702e-02,  1.2694e-01,  1.8363e-01, -7.5167e-02,  1.5762e-01,
         -9.0285e-02],
        [ 1.6403e-01,  1.2329e-01, -2.3311e-04, -1.9090e-01, -6.3785e-02,
          1.5340e-01,  1.2650e-01,  1.3617e-01,  1.9071e-01, -1.3762e-01,
          2.6762e-01, -1.0463e-01,  2.1006e-02,  1.1261e-01,  1.9819e-01,
         -2.0286e-02],
        [-2.0478e-01, -1.6798e-01, -2.9122e-01,  3.8281e-02,  1.4232e-01,
          5.1643e-02,  1.2674e-01, -1.4401e-01, -2.3587e-01, -2.7016e-02,
         -3.5244e-02,  4.4915e-02, -1.4239e-01,  1.3772e-01, -1.1558e-02,
         -1.5602e-01],
        [ 1.5833e-01, -1.6311e-01, -1.9793e-01, -5.4610e-02, -2.4436e-02,
          1.6381e-01, -7.2959e-02,  1.5275e-01, -2.2091e-02,  2.0906e-01,
         -7.7256e-02,  8.4724e-03, -3.0867e-02, -1.4395e-01, -2.4614e-02,
         -2.3894e-02],
        [ 1.5507e-01, -1.5548e-01, -6.0205e-02, -1.1889e-01, -1.0807e-01,
         -4.2175e-02,  2.2069e-01,  1.4357e-02,  7.3139e-02, -1.9319e-01,
          6.3674e-03, -1.5092e-01,  3.7463e-03, -5.6704e-02,  1.6590e-01,
          1.2674e-01],
        [ 4.7917e-02, -1.4550e-01, -1.7288e-02,  1.8952e-04,  1.7924e-02,
          2.5037e-03, -4.6908e-02,  3.6351e-03, -6.7934e-02,  6.3056e-02,
         -7.8087e-02,  2.1176e-02, -3.0171e-02, -2.0579e-01, -2.4948e-02,
         -8.6172e-02],
        [ 1.1629e-01, -1.3213e-01, -5.9048e-02,  1.2816e-01,  6.3176e-02,
          1.5789e-01, -1.5618e-01, -1.4674e-01, -2.7799e-01,  1.6125e-01,
         -5.1192e-02,  9.3693e-02, -1.1095e-01,  1.3641e-01, -8.1664e-02,
          3.2230e-02],
        [-2.1490e-01, -9.1150e-02, -2.0696e-01,  1.8742e-01, -1.1484e-01,
         -1.7169e-01,  1.4794e-01,  4.6123e-02, -2.1988e-01, -2.0768e-02,
          5.5358e-02,  2.0826e-02, -1.4496e-01,  2.0904e-01, -1.0557e-01,
          9.6228e-02],
        [ 1.7187e-01, -6.8650e-02,  3.0266e-02, -4.5607e-02, -1.8578e-02,
          8.7615e-02,  1.5438e-01,  1.0726e-01,  1.6124e-01, -1.8861e-01,
          9.6954e-02, -2.4208e-01,  1.3705e-01, -1.5135e-01,  3.7538e-02,
          1.6421e-01],
        [ 8.3838e-02,  1.7081e-01,  2.4837e-02,  5.9000e-02,  5.5820e-02,
         -1.3393e-02,  1.2044e-01,  5.7007e-02,  4.6184e-04,  1.5576e-01,
         -1.4734e-02, -6.4093e-02, -5.7118e-02, -1.6759e-01,  9.1455e-02,
          4.6462e-05]], device='cuda:0')), ('bn3.weight', tensor([1., 1., 1., 1., 1., 1., 1., 1., 1., 1., 1., 1., 1., 1., 1., 1., 1., 1.,
        1., 1., 1., 1., 1., 1., 1., 1., 1., 1., 1., 1., 1., 1.],
       device='cuda:0')), ('bn3.bias', tensor([0., 0., 0., 0., 0., 0., 0., 0., 0., 0., 0., 0., 0., 0., 0., 0., 0., 0., 0., 0., 0., 0., 0., 0.,
        0., 0., 0., 0., 0., 0., 0., 0.], device='cuda:0')), ('bn3.running_mean', tensor([0., 0., 0., 0., 0., 0., 0., 0., 0., 0., 0., 0., 0., 0., 0., 0., 0., 0., 0., 0., 0., 0., 0., 0.,
        0., 0., 0., 0., 0., 0., 0., 0.], device='cuda:0')), ('bn3.running_var', tensor([1., 1., 1., 1., 1., 1., 1., 1., 1., 1., 1., 1., 1., 1., 1., 1., 1., 1.,
        1., 1., 1., 1., 1., 1., 1., 1., 1., 1., 1., 1., 1., 1.],
       device='cuda:0')), ('bn3.num_batches_tracked', tensor(0, device='cuda:0'))])