OrderedDict([('conv1.bias', tensor([-1.8496e-06,  1.0171e-06,  2.2556e-06,  8.4155e-07, -1.1165e-06,
         2.7117e-06,  7.2973e-07,  1.1541e-06], device='cuda:0')), ('conv1.lin.weight', tensor([[-1.3626e-01, -1.0458e-01, -2.6891e-02,  2.3848e-02,  3.3726e-03,
         -2.4588e-02, -2.1328e-42, -9.2481e-10, -6.5982e-15,  1.5977e-32,
         -6.1744e-02],
        [ 3.5738e-01,  3.3494e-01,  1.8547e-01,  1.3300e-01, -1.1852e-03,
         -1.7738e-01, -5.6283e-10,  2.1818e-42, -3.1781e-42, -1.4237e-42,
          1.9631e-01],
        [ 1.8572e-01,  1.9821e-01, -3.4041e-01,  2.1687e-01,  6.4696e-05,
         -1.1026e-01, -4.5089e-06, -5.5071e-43, -1.6115e-43,  7.7352e-43,
         -2.4229e-01],
        [-2.0687e-01, -1.9445e-01,  2.7985e-01,  1.6130e-01, -6.9828e-04,
          1.3929e-01,  2.4226e-14, -8.5111e-08, -1.0320e-09, -6.4623e-15,
          2.0477e-01],
        [-2.2660e-01, -2.1589e-01,  1.9887e-01, -1.9557e-01,  2.1696e-04,
          2.6439e-02, -2.5980e-42,  6.2778e-43,  3.8283e-06, -1.6437e-42,
         -1.5203e-01],
        [-2.2799e-01,  1.9012e-01, -1.1642e-01,  2.2641e-01,  9.4557e-05,
         -1.0052e-01, -2.9399e-42,  3.6294e-42,  5.0804e-18,  1.0510e-42,
         -1.7367e-01],
        [-1.3344e-01, -1.4403e-01, -1.3611e-01,  2.7602e-01,  2.9090e-03,
          1.0230e-01, -9.8091e-43,  3.2310e-24, -8.6320e-43,  2.9525e-42,
          1.5534e-01],
        [-2.3843e-01, -2.1052e-01, -2.4322e-01, -8.1176e-02,  1.1695e-03,
          1.1555e-02,  1.7320e-42, -2.6335e-22,  1.1322e-42, -1.5218e-42,
         -1.2135e-01]], device='cuda:0')), ('conv1.aggr.t', tensor([1.], device='cuda:0')), ('bn1.weight', tensor([0.7836, 0.7821, 0.7437, 0.9234, 0.7529, 0.7216, 0.8151, 0.8196],
       device='cuda:0')), ('bn1.bias', tensor([0.1291, 0.2519, 0.2425, 0.2264, 0.2168, 0.1818, 0.1672, 0.1206],
       device='cuda:0')), ('bn1.running_mean', tensor([-0.2106, -0.1935, -0.3395,  0.4342, -0.1699, -0.4590,  0.3234, -0.2225],
       device='cuda:0')), ('bn1.running_var', tensor([0.1022, 2.7286, 1.2621, 1.7357, 0.3005, 0.9559, 0.9400, 0.2273],
       device='cuda:0')), ('bn1.num_batches_tracked', tensor(47024, device='cuda:0')), ('conv2.bias', tensor([-4.3285e-07,  7.4254e-08,  4.4203e-06,  1.1345e-06,  9.8509e-08,
         9.1470e-07, -5.6735e-08,  1.5189e-06,  5.1859e-06, -2.0230e-06,
        -2.6428e-07, -2.8771e-06,  1.3292e-06, -4.9938e-06,  1.2620e-06,
         1.6655e-06], device='cuda:0')), ('conv2.lin.weight', tensor([[ 0.2466,  0.1493, -0.0747, -0.3798,  0.1588, -0.1276, -0.2767,  0.3454],
        [-0.0959,  0.0372, -0.2006,  0.3049,  0.2476, -0.2988,  0.2641,  0.1154],
        [-0.1396,  0.2154, -0.1617, -0.3509,  0.2261,  0.1162,  0.0172, -0.2754],
        [ 0.1890, -0.1847, -0.2656, -0.0586,  0.2617,  0.2272,  0.2326,  0.2468],
        [ 0.1034, -0.3446,  0.1567, -0.2718,  0.2685,  0.0413,  0.3362,  0.2194],
        [-0.2200, -0.0913,  0.0598, -0.3334,  0.0456,  0.1674, -0.2771,  0.1300],
        [-0.1655, -0.2574, -0.0018,  0.1193,  0.0883, -0.1423,  0.2355,  0.1006],
        [ 0.1401,  0.0760,  0.1677,  0.4020,  0.2206, -0.2895,  0.1711, -0.3112],
        [ 0.0150,  0.1535,  0.1284, -0.1338,  0.2223,  0.1956, -0.0943, -0.1673],
        [-0.0453, -0.3505,  0.1822,  0.1685, -0.2413, -0.0147,  0.0394, -0.0093],
        [-0.2641,  0.1248,  0.0230,  0.2862, -0.0331,  0.1106,  0.0631,  0.2048],
        [ 0.0713, -0.1578, -0.1315, -0.3082,  0.2582, -0.4058, -0.0777, -0.0126],
        [-0.1713,  0.3112, -0.0177, -0.2058,  0.1926,  0.0979, -0.4082, -0.1115],
        [-0.0082,  0.2581,  0.0098,  0.2211, -0.0704,  0.1663,  0.0889, -0.1030],
        [-0.3465,  0.3608,  0.2161, -0.2544, -0.1252,  0.1560, -0.3259,  0.1999],
        [ 0.0290, -0.3226, -0.2771, -0.1526,  0.1045,  0.2049,  0.1213,  0.1492]],
       device='cuda:0')), ('conv2.aggr.t', tensor([1.], device='cuda:0')), ('bn2.weight', tensor([0.7403, 0.7180, 0.6994, 0.6941, 0.6713, 0.7547, 0.8103, 0.7739, 0.7524,
        0.7545, 0.6806, 0.7423, 0.7679, 0.7176, 0.7890, 0.7458],
       device='cuda:0')), ('bn2.bias', tensor([ 0.1582, -0.4181,  0.0133, -0.2304,  0.1297, -0.5865,  0.3985, -0.1686,
        -0.0328, -0.1482,  0.1393, -0.3779,  0.5694, -0.3702, -0.3682,  0.0114],
       device='cuda:0')), ('bn2.running_mean', tensor([ 0.0327,  0.1281, -0.1236,  0.2114,  0.1642, -0.1822, -0.0287,  0.2264,
         0.1389, -0.1152,  0.1930, -0.2834, -0.0778,  0.2145, -0.0094, -0.0853],
       device='cuda:0')), ('bn2.running_var', tensor([0.2905, 0.3869, 0.1484, 0.1670, 0.1838, 0.2463, 0.1607, 0.2924, 0.0754,
        0.0699, 0.1334, 0.1430, 0.2766, 0.0877, 0.3453, 0.1045],
       device='cuda:0')), ('bn2.num_batches_tracked', tensor(47024, device='cuda:0')), ('conv3.bias', tensor([ 3.4379e-06, -2.4388e-06,  1.2273e-06,  1.9676e-06, -5.4232e-06,
        -2.7454e-06,  3.5796e-06, -9.2428e-08,  6.5634e-07, -7.4998e-07,
        -2.7840e-06,  4.0357e-06, -1.0133e-06,  3.1590e-06,  2.8980e-06,
        -1.3461e-07,  1.9460e-06,  1.9489e-06,  1.6777e-06, -1.5925e-06,
         2.4510e-06,  5.2439e-07, -1.4769e-06,  2.4013e-07,  1.3961e-07,
        -1.3892e-06, -1.0077e-06,  2.0188e-06,  1.7828e-06,  2.3717e-06,
        -2.4047e-06,  1.6132e-06], device='cuda:0')), ('conv3.lin.weight', tensor([[ 0.2065,  0.0099,  0.1689,  0.1889,  0.0426, -0.0011,  0.1643,  0.2270,
          0.0095,  0.1705, -0.0502,  0.0157,  0.0468,  0.1727,  0.2665,  0.0578],
        [-0.1080,  0.0851,  0.1360, -0.0058, -0.1571,  0.0275, -0.0417,  0.0383,
          0.1758,  0.0831, -0.0674,  0.0100, -0.0628, -0.0335, -0.1398,  0.1421],
        [-0.1417,  0.1341,  0.0276, -0.1424, -0.0366,  0.0520,  0.1210,  0.0016,
          0.1851, -0.0085, -0.1964, -0.2269,  0.1547, -0.0726, -0.0678,  0.1672],
        [ 0.0431,  0.0401,  0.1399, -0.0434,  0.1000,  0.0469, -0.1129,  0.1454,
         -0.2015,  0.1242, -0.1609,  0.0223, -0.1721,  0.1601,  0.1888,  0.0455],
        [ 0.1881, -0.0777,  0.0640, -0.0967,  0.0869, -0.0449,  0.0988,  0.0871,
         -0.0753,  0.1130,  0.2018, -0.0783,  0.1014, -0.1665,  0.0062,  0.0547],
        [ 0.0357, -0.0510, -0.1207,  0.0491,  0.1445, -0.0521, -0.1614, -0.0039,
         -0.0340, -0.0563,  0.0259,  0.1225,  0.1852,  0.0761, -0.1925, -0.1782],
        [-0.1970,  0.1712, -0.0104,  0.1685, -0.0953,  0.1054,  0.0044,  0.0520,
          0.1336,  0.1038, -0.0911,  0.0910, -0.0232,  0.1496,  0.2374,  0.0596],
        [ 0.0741, -0.0284, -0.0123, -0.0930, -0.0569, -0.0402,  0.2789, -0.1745,
          0.0564, -0.1758,  0.0337,  0.0292, -0.2929,  0.0292,  0.2298, -0.0535],
        [ 0.1708, -0.1412,  0.1287, -0.1564, -0.1299, -0.1851,  0.3143,  0.0311,
          0.1637,  0.1259,  0.0931, -0.1610,  0.1373, -0.0953, -0.0585,  0.2226],
        [ 0.0045, -0.1482, -0.0652,  0.0453,  0.1355, -0.2674, -0.0126, -0.1240,
         -0.1426, -0.0480,  0.1127, -0.0760,  0.1594, -0.1614,  0.0763,  0.0102],
        [ 0.1392, -0.0686,  0.0264,  0.0164, -0.1351,  0.1324,  0.1679, -0.0582,
         -0.1008, -0.1919, -0.1291, -0.1858, -0.1103,  0.1569, -0.1050,  0.0768],
        [ 0.1084, -0.1596, -0.0715,  0.0650, -0.1110,  0.0553, -0.2001,  0.0733,
         -0.0400,  0.0766,  0.0413,  0.1248, -0.2432,  0.1399,  0.0487,  0.0707],
        [ 0.0753,  0.1183, -0.0726, -0.0569,  0.0260,  0.0593,  0.1254,  0.0532,
          0.1821, -0.0226, -0.1195, -0.2483,  0.1711, -0.1299, -0.0540,  0.0383],
        [ 0.0251, -0.1945,  0.0752,  0.0895,  0.0718, -0.1785,  0.1697, -0.1041,
         -0.2063, -0.1154,  0.0502, -0.0212,  0.2685,  0.0921, -0.0199, -0.0178],
        [-0.0494,  0.0500,  0.1292,  0.1496, -0.0965,  0.1022,  0.1006, -0.0179,
         -0.0789,  0.0839,  0.1150,  0.2936,  0.0808,  0.1719,  0.0322, -0.1133],
        [ 0.0909,  0.1991, -0.1318,  0.1581, -0.0564,  0.2106, -0.1482,  0.0223,
          0.2009,  0.1057,  0.1354,  0.1729, -0.1461,  0.0503,  0.0293, -0.0850],
        [-0.0060, -0.1750, -0.1142, -0.0022,  0.0332, -0.1465, -0.1221,  0.0838,
         -0.1361, -0.0208, -0.1596, -0.0123,  0.1426,  0.1331, -0.1037,  0.1190],
        [ 0.0299, -0.1569,  0.0326,  0.1052, -0.0511, -0.1668,  0.1406,  0.0043,
         -0.0223, -0.1287, -0.1454, -0.1288,  0.2124, -0.0349, -0.1252, -0.0535],
        [-0.0209,  0.1469,  0.0957,  0.1224,  0.1584, -0.1245, -0.2792, -0.0519,
          0.1422,  0.1867,  0.0407, -0.0279, -0.0870, -0.2307, -0.0702, -0.1411],
        [-0.0398,  0.1631,  0.1435, -0.0314,  0.0183,  0.3423, -0.1493,  0.1937,
         -0.0708,  0.1074, -0.0433,  0.1199, -0.1641,  0.0861,  0.0627,  0.0333],
        [ 0.0543, -0.0427,  0.2265, -0.0848,  0.2251, -0.0964,  0.0418,  0.0084,
         -0.1557,  0.1263, -0.0700, -0.0594,  0.0621,  0.0540,  0.0636, -0.1395],
        [ 0.0757, -0.0700,  0.0743, -0.0198,  0.1268, -0.1836, -0.0444,  0.0378,
         -0.1093,  0.0452,  0.0609,  0.0580,  0.1608,  0.0141, -0.1292, -0.1677],
        [-0.0900, -0.1741, -0.0492, -0.0911,  0.0023, -0.1801,  0.0558, -0.0545,
         -0.1561, -0.0924,  0.1592,  0.0583,  0.1897, -0.2249, -0.0535, -0.0050],
        [-0.2131, -0.1188,  0.0614,  0.0984, -0.1994, -0.0259,  0.0526, -0.0440,
         -0.1399, -0.0528,  0.0705,  0.1516,  0.1205, -0.0352,  0.0392,  0.1087],
        [-0.1723, -0.0151,  0.0304,  0.1551, -0.1362,  0.1767, -0.1414,  0.2111,
         -0.2098,  0.0929,  0.0225,  0.2597,  0.1852,  0.1708,  0.1061,  0.0771],
        [ 0.0790,  0.0552, -0.0290, -0.0940, -0.0296, -0.1154, -0.1811,  0.0797,
          0.0552,  0.1334,  0.1043,  0.0896,  0.1316, -0.0906, -0.1031,  0.2238],
        [ 0.0301, -0.2452,  0.1639, -0.2300,  0.1112, -0.2026,  0.1250, -0.0286,
         -0.0942,  0.0394,  0.1010, -0.0359,  0.2448, -0.0278, -0.2407,  0.0456],
        [-0.0579, -0.1408,  0.0535,  0.0821, -0.1142, -0.2205, -0.1516,  0.0350,
         -0.1069,  0.0767, -0.1587,  0.0927, -0.0366,  0.1623,  0.1934,  0.1451],
        [-0.2426,  0.0164,  0.1456, -0.1261,  0.1278,  0.1303, -0.0861, -0.0061,
         -0.2137,  0.0256, -0.0724,  0.0305,  0.1726,  0.0522, -0.0463,  0.0057],
        [ 0.0662, -0.1029,  0.0287,  0.1099, -0.1758,  0.1331,  0.1608, -0.0458,
          0.1929,  0.0810,  0.1668, -0.1645, -0.0743, -0.1967, -0.1479, -0.1572],
        [-0.0972, -0.1565,  0.0702,  0.0928,  0.1138,  0.1538, -0.1293,  0.1845,
         -0.1900, -0.1420, -0.0796,  0.0583, -0.0414, -0.0397, -0.1548, -0.1453],
        [-0.0618,  0.2506, -0.0211, -0.0458,  0.0830,  0.1203, -0.1353, -0.1281,
         -0.0715, -0.0198, -0.1048, -0.0819, -0.0321,  0.1451,  0.1550,  0.1432]],
       device='cuda:0')), ('bn3.weight', tensor([1., 1., 1., 1., 1., 1., 1., 1., 1., 1., 1., 1., 1., 1., 1., 1., 1., 1.,
        1., 1., 1., 1., 1., 1., 1., 1., 1., 1., 1., 1., 1., 1.],
       device='cuda:0')), ('bn3.bias', tensor([0., 0., 0., 0., 0., 0., 0., 0., 0., 0., 0., 0., 0., 0., 0., 0., 0., 0., 0., 0., 0., 0., 0., 0.,
        0., 0., 0., 0., 0., 0., 0., 0.], device='cuda:0')), ('bn3.running_mean', tensor([0., 0., 0., 0., 0., 0., 0., 0., 0., 0., 0., 0., 0., 0., 0., 0., 0., 0., 0., 0., 0., 0., 0., 0.,
        0., 0., 0., 0., 0., 0., 0., 0.], device='cuda:0')), ('bn3.running_var', tensor([1., 1., 1., 1., 1., 1., 1., 1., 1., 1., 1., 1., 1., 1., 1., 1., 1., 1.,
        1., 1., 1., 1., 1., 1., 1., 1., 1., 1., 1., 1., 1., 1.],
       device='cuda:0')), ('bn3.num_batches_tracked', tensor(0, device='cuda:0'))])