OrderedDict([('conv1.bias', tensor([ 6.6675e-07,  6.7645e-07, -7.4172e-07, -4.6348e-06,  1.5289e-06,
         9.9165e-08, -6.5778e-06,  1.3156e-06], device='cuda:0')), ('conv1.lin.weight', tensor([[ 3.4731e-01, -2.9569e-01,  8.6530e-02,  3.0258e-01,  1.3880e-04,
         -8.7231e-02, -8.8562e-43, -4.3451e-14,  1.2264e-41, -2.8446e-43,
          2.1135e-01],
        [ 2.3903e-01,  3.5196e-01,  2.8830e-01, -3.0593e-01,  8.5521e-04,
         -4.5746e-02, -3.7976e-34,  4.1084e-06,  6.4067e-42,  8.0715e-43,
          1.6400e-01],
        [-1.0208e-01, -2.2634e-01, -6.4364e-02,  1.9828e-01,  6.5911e-02,
         -1.9237e-01,  3.4629e-06, -7.2447e-43, -1.6473e-13,  1.8217e-42,
         -1.5955e-01],
        [-6.6475e-02, -1.5353e-01,  1.2101e-01, -1.8901e-01, -1.2640e-03,
         -9.1267e-02,  5.3193e-42, -4.8521e-12,  2.3310e-12,  6.2956e-12,
         -1.0602e-01],
        [-5.2765e-02, -2.1303e-01,  1.9628e-01, -2.9483e-01,  1.2340e-03,
         -1.2675e-01,  2.0599e-42,  2.5904e-31,  3.3211e-43,  3.2888e-42,
         -1.4937e-01],
        [ 3.0489e-01, -8.1974e-02,  4.3860e-01,  4.2304e-01,  5.9297e-04,
         -3.4356e-02,  2.8054e-42, -7.1775e-42,  1.2633e-15,  4.7532e-42,
          2.0189e-01],
        [ 2.0100e-01,  5.8259e-02, -2.1960e-02,  2.5920e-01,  2.3844e-01,
          1.2625e-01, -4.2095e-42, -1.3018e-42,  5.4511e-42, -2.4803e-43,
         -8.6816e-02],
        [-2.2921e-01,  1.1255e-01, -7.7978e-02, -2.3470e-01,  9.1989e-02,
         -1.1222e-01,  1.2360e-10, -3.1866e-42, -4.9326e-42, -2.3892e-42,
         -1.9195e-01]], device='cuda:0')), ('conv1.aggr.t', tensor([1.], device='cuda:0')), ('bn1.weight', tensor([0.8093, 0.9173, 0.8128, 0.8048, 0.7575, 0.9375, 0.9905, 0.8297],
       device='cuda:0')), ('bn1.bias', tensor([0.0395, 0.0868, 0.1881, 0.1517, 0.1602, 0.0210, 0.0989, 0.1420],
       device='cuda:0')), ('bn1.running_mean', tensor([-0.0739,  0.1673, -0.7825, -0.4223, -0.5685,  0.1611,  0.4823, -0.5286],
       device='cuda:0')), ('bn1.running_var', tensor([1.3656, 0.7010, 3.4452, 0.8491, 1.6416, 0.6239, 1.5078, 1.3952],
       device='cuda:0')), ('bn1.num_batches_tracked', tensor(47024, device='cuda:0')), ('conv2.bias', tensor([-7.2356e-07,  3.9020e-06,  9.7071e-07,  2.0195e-06, -9.0008e-07,
         6.3431e-07,  1.4874e-08,  1.4948e-06,  6.9173e-08, -1.5283e-06,
         1.0483e-06,  1.5970e-07,  1.2090e-06, -1.6025e-06,  7.1960e-07,
        -1.2532e-07], device='cuda:0')), ('conv2.lin.weight', tensor([[-0.2789,  0.4406, -0.3611, -0.1018,  0.1455,  0.0315,  0.0648,  0.0736],
        [-0.2927, -0.0640, -0.2925,  0.1820, -0.2335, -0.1131, -0.3588, -0.2941],
        [ 0.0718,  0.3924,  0.0495,  0.2399,  0.3113, -0.3430,  0.2945,  0.3825],
        [-0.3519, -0.4631,  0.3000, -0.1741, -0.0207,  0.2214,  0.1654,  0.3047],
        [ 0.2224,  0.2052,  0.0573,  0.2053, -0.2113, -0.3671,  0.1781,  0.3174],
        [ 0.2075,  0.0341,  0.0483, -0.0843, -0.1453,  0.2335,  0.3556,  0.2086],
        [ 0.3778,  0.2383, -0.1831, -0.0458, -0.1114, -0.0388,  0.0213, -0.0937],
        [ 0.0561,  0.2178,  0.2692,  0.0389, -0.0681, -0.0123,  0.4063,  0.2563],
        [ 0.0518, -0.3553, -0.1228,  0.0045, -0.0022, -0.2269, -0.2736, -0.0653],
        [ 0.0166,  0.0731, -0.0533, -0.3355,  0.0935,  0.3743,  0.0688, -0.3448],
        [ 0.2541,  0.3849, -0.1999, -0.0339,  0.0266,  0.2956,  0.1687, -0.1697],
        [ 0.1671, -0.1291,  0.0167, -0.0454, -0.3100,  0.4692, -0.1298, -0.1928],
        [-0.3104, -0.0110, -0.1264,  0.0526, -0.0529,  0.1052, -0.4241, -0.0716],
        [-0.2520,  0.0730, -0.5644, -0.0242,  0.2772,  0.1590, -0.1888,  0.0393],
        [ 0.2022,  0.1620, -0.2701,  0.3186, -0.1568, -0.0640, -0.4175,  0.0257],
        [ 0.0504, -0.0148,  0.0367,  0.2147, -0.0173,  0.3081,  0.0425, -0.2064]],
       device='cuda:0')), ('conv2.aggr.t', tensor([1.], device='cuda:0')), ('bn2.weight', tensor([0.7861, 0.8148, 0.7970, 0.7257, 0.7100, 0.8177, 0.8242, 0.7913, 0.8113,
        0.8215, 0.8505, 0.7747, 0.7897, 0.7938, 0.7333, 0.8120],
       device='cuda:0')), ('bn2.bias', tensor([ 0.1425,  0.4278,  0.4463,  0.2568, -0.6873, -0.0115, -0.0624,  0.1122,
         0.2366, -0.3827,  0.7054,  0.4494, -0.3389, -0.3002,  0.1463, -0.3982],
       device='cuda:0')), ('bn2.running_mean', tensor([-0.0021, -0.4761,  0.4838,  0.0461,  0.2076,  0.2616,  0.0046,  0.3969,
        -0.3191, -0.0729,  0.1805, -0.0938, -0.2684, -0.1728, -0.0974,  0.1193],
       device='cuda:0')), ('bn2.running_var', tensor([0.1990, 0.2655, 0.2863, 0.2816, 0.1739, 0.2974, 0.1542, 0.2524, 0.2869,
        0.2496, 0.4758, 0.2768, 0.2609, 0.1344, 0.2771, 0.1198],
       device='cuda:0')), ('bn2.num_batches_tracked', tensor(47024, device='cuda:0')), ('conv3.bias', tensor([ 1.4107e-06, -3.4834e-06, -1.8610e-07,  4.0785e-07,  3.7345e-06,
        -2.2922e-06, -1.9849e-07, -2.8405e-06,  1.5583e-06, -5.5516e-07,
         1.9694e-06,  2.7402e-07,  6.1493e-07,  9.8313e-07, -2.6356e-06,
        -2.2835e-06,  2.6226e-06,  1.1674e-06, -1.6270e-07, -1.7830e-06,
         1.1257e-07,  6.8204e-07, -1.9982e-06,  2.0265e-07, -1.3689e-06,
        -4.9733e-07,  3.3465e-06, -7.5018e-07,  4.3039e-07,  6.7778e-07,
        -7.5824e-07,  7.9436e-06], device='cuda:0')), ('conv3.lin.weight', tensor([[-0.0714,  0.0393,  0.1834, -0.0272, -0.2229, -0.1698, -0.1420, -0.1563,
         -0.2064,  0.0494,  0.1331, -0.0539, -0.1465, -0.0249,  0.0626, -0.0685],
        [-0.0167, -0.2261,  0.0396, -0.0888,  0.2196, -0.2652,  0.0175,  0.0945,
          0.0862,  0.1674, -0.0185,  0.0693,  0.2418,  0.0043, -0.1437, -0.0127],
        [-0.2507,  0.0146,  0.2046, -0.1348, -0.2199,  0.0407,  0.0672, -0.0010,
         -0.0879,  0.2228, -0.1402, -0.2484,  0.1718, -0.0334, -0.0678,  0.1163],
        [-0.0099,  0.3184,  0.2174,  0.2007, -0.2799,  0.1144,  0.1519, -0.0193,
         -0.0659,  0.0738,  0.0528,  0.0930, -0.0121, -0.2162,  0.1280, -0.1615],
        [-0.1662,  0.1437, -0.1121, -0.1258,  0.3122,  0.3360, -0.0320, -0.1271,
         -0.0861,  0.3273, -0.2003, -0.1727,  0.0955,  0.1575, -0.0784, -0.0591],
        [ 0.1148, -0.3113, -0.0542, -0.1320, -0.0581, -0.0966, -0.0230, -0.1092,
          0.2147,  0.0637,  0.0037,  0.0430, -0.0431, -0.0328, -0.0818, -0.1503],
        [ 0.1373, -0.1688, -0.0779,  0.0224,  0.0964,  0.2179,  0.1509,  0.1582,
          0.3430,  0.2172, -0.3253, -0.1031,  0.2803, -0.1458,  0.1613,  0.1276],
        [-0.1136,  0.0490, -0.0497,  0.1807,  0.1642, -0.1074,  0.1728,  0.1592,
         -0.1374,  0.1768, -0.2245, -0.0581,  0.1622,  0.0061,  0.0905, -0.0156],
        [ 0.0374,  0.1486,  0.1625,  0.0287, -0.1144,  0.1129,  0.0525,  0.2254,
          0.1630,  0.1077, -0.1035,  0.3225, -0.0323,  0.0678,  0.1110, -0.2535],
        [-0.0430, -0.1184, -0.0912,  0.0249, -0.0012, -0.1524,  0.0459, -0.0957,
         -0.0717,  0.1941,  0.0270, -0.0847, -0.0424,  0.0135, -0.0631, -0.0905],
        [-0.0804,  0.2044,  0.0548,  0.0319,  0.0308,  0.2740,  0.0968, -0.1569,
          0.0616, -0.0969, -0.0057, -0.1610, -0.1056,  0.1009, -0.0396,  0.1160],
        [ 0.2272,  0.0478, -0.1688, -0.3028, -0.1785,  0.1302, -0.1164,  0.1851,
          0.1827, -0.1228, -0.1105,  0.0341, -0.1925, -0.1573, -0.0202,  0.0154],
        [ 0.0713,  0.0157,  0.0399,  0.1112, -0.0111, -0.1688, -0.1129,  0.2080,
          0.0569, -0.0524, -0.0285,  0.1588, -0.0626, -0.0154,  0.0824,  0.0802],
        [ 0.2227,  0.0128, -0.0135,  0.1318,  0.0427, -0.2521, -0.0458, -0.1814,
         -0.1097,  0.1789,  0.0895,  0.0654, -0.1459, -0.1540,  0.0840, -0.1319],
        [ 0.0876, -0.0331, -0.0511,  0.0608,  0.2718,  0.1039,  0.0376, -0.2625,
         -0.1575,  0.0902, -0.2198,  0.1667,  0.0859,  0.0249, -0.0020, -0.0993],
        [ 0.0642, -0.0064,  0.0215,  0.1233, -0.2042,  0.0182, -0.0371,  0.1613,
          0.1941, -0.0982,  0.2580,  0.1319, -0.0100, -0.1803,  0.1966, -0.1669],
        [ 0.1038,  0.1486, -0.0243,  0.1846, -0.1048,  0.0088,  0.3023,  0.0465,
          0.1616, -0.1427, -0.0474,  0.0752, -0.0709,  0.0054, -0.0548,  0.1181],
        [ 0.1072,  0.2083, -0.1706, -0.0795,  0.2479, -0.1510, -0.0396,  0.2599,
          0.0806,  0.1347, -0.1159,  0.1285,  0.0227, -0.0135, -0.1807,  0.0885],
        [-0.0144, -0.1465,  0.1291, -0.1287, -0.0930, -0.0081, -0.0624,  0.0219,
          0.1128, -0.0772,  0.0028,  0.2128, -0.1213,  0.2256, -0.0598, -0.1694],
        [ 0.1160, -0.0903, -0.2194, -0.1401,  0.1512,  0.1543, -0.1924, -0.1529,
         -0.0507,  0.0636, -0.1594, -0.2123, -0.0468,  0.0489,  0.0814,  0.2332],
        [ 0.0474, -0.3316, -0.1100,  0.0479,  0.0718, -0.1476, -0.0441,  0.2054,
          0.0548, -0.0260, -0.0804,  0.0811,  0.1916,  0.0974,  0.0345,  0.0023],
        [-0.0457, -0.0121, -0.0695, -0.1255,  0.0485, -0.1760, -0.0380,  0.0549,
         -0.1842, -0.0076, -0.1944, -0.0105, -0.1474,  0.0884,  0.1167,  0.1956],
        [ 0.1748, -0.0849,  0.0604,  0.0213,  0.0783,  0.2849,  0.0554, -0.0981,
          0.0625, -0.0767, -0.2071, -0.0846,  0.1641, -0.0586,  0.0632,  0.2214],
        [ 0.1622,  0.1419,  0.1892, -0.0122, -0.1144,  0.1646, -0.2236, -0.1831,
          0.0361, -0.1833,  0.3750,  0.2391,  0.1100, -0.2378, -0.0716, -0.1995],
        [-0.2580,  0.1685,  0.1463,  0.1443, -0.0535,  0.1371,  0.1486,  0.0922,
         -0.0142, -0.0474,  0.1273, -0.1039,  0.1024,  0.1349, -0.0429,  0.1245],
        [ 0.1171,  0.0567,  0.1026,  0.1833,  0.0571, -0.0528,  0.0992, -0.1971,
          0.0112, -0.0672,  0.0854, -0.0886,  0.0236, -0.2207,  0.1508,  0.2272],
        [ 0.1012, -0.0012, -0.1713, -0.0338,  0.0467, -0.1023, -0.0058,  0.3113,
          0.0280,  0.0523, -0.0669, -0.0358,  0.1201, -0.0535, -0.0925,  0.0100],
        [ 0.1465, -0.1720, -0.3675, -0.1823,  0.1514, -0.0866, -0.2789, -0.0409,
         -0.2113,  0.1961, -0.1205, -0.1378, -0.0134, -0.1931,  0.1776, -0.0269],
        [ 0.0877, -0.1243, -0.0385,  0.1686, -0.0154, -0.1485, -0.0722,  0.0088,
          0.2085,  0.1723,  0.1095, -0.1043, -0.0616, -0.0768,  0.1317, -0.0477],
        [ 0.0198,  0.1487, -0.0579, -0.1374, -0.1443, -0.0591, -0.2870,  0.1611,
          0.1342,  0.0221,  0.2443, -0.1322, -0.1582, -0.0726,  0.1535,  0.0347],
        [-0.1501,  0.0338,  0.1296,  0.0161, -0.1279, -0.0872,  0.1955, -0.1454,
         -0.0539,  0.0742, -0.0050, -0.2119,  0.0131, -0.1046, -0.0060,  0.1347],
        [ 0.0633,  0.2321, -0.0833, -0.1490,  0.2268,  0.0874, -0.1902, -0.1502,
          0.1165,  0.0135,  0.1535, -0.0688, -0.2080,  0.0802, -0.1349,  0.1733]],
       device='cuda:0')), ('bn3.weight', tensor([1., 1., 1., 1., 1., 1., 1., 1., 1., 1., 1., 1., 1., 1., 1., 1., 1., 1.,
        1., 1., 1., 1., 1., 1., 1., 1., 1., 1., 1., 1., 1., 1.],
       device='cuda:0')), ('bn3.bias', tensor([0., 0., 0., 0., 0., 0., 0., 0., 0., 0., 0., 0., 0., 0., 0., 0., 0., 0., 0., 0., 0., 0., 0., 0.,
        0., 0., 0., 0., 0., 0., 0., 0.], device='cuda:0')), ('bn3.running_mean', tensor([0., 0., 0., 0., 0., 0., 0., 0., 0., 0., 0., 0., 0., 0., 0., 0., 0., 0., 0., 0., 0., 0., 0., 0.,
        0., 0., 0., 0., 0., 0., 0., 0.], device='cuda:0')), ('bn3.running_var', tensor([1., 1., 1., 1., 1., 1., 1., 1., 1., 1., 1., 1., 1., 1., 1., 1., 1., 1.,
        1., 1., 1., 1., 1., 1., 1., 1., 1., 1., 1., 1., 1., 1.],
       device='cuda:0')), ('bn3.num_batches_tracked', tensor(0, device='cuda:0'))])