OrderedDict([('conv1.bias', tensor([ 6.8494e-06, -1.2484e-06,  1.0845e-06, -6.9953e-06,  5.4332e-07,
        -5.1289e-08,  3.5302e-06,  1.0664e-06], device='cuda:0')), ('conv1.lin.weight', tensor([[ 1.6405e-01,  1.6968e-01,  1.7937e-01,  1.3051e-01,  1.6353e-03,
         -1.7320e-01,  3.6434e-44,  3.0142e-42, -1.0087e-36,  1.4658e-42,
          9.2441e-02],
        [ 2.5640e-02, -1.8581e-01, -7.5385e-02,  1.4207e-01,  4.9182e-02,
          1.9255e-01, -2.2701e-43, -3.6518e-42,  3.4402e-42, -2.0921e-09,
          1.6539e-01],
        [ 5.8709e-02, -7.0001e-02,  1.8252e-01,  5.4053e-02,  1.1543e-03,
         -5.6941e-02,  4.3875e-42,  3.5593e-42, -2.9147e-43,  1.5835e-42,
         -5.9493e-02],
        [ 2.2376e-01,  4.5190e-02,  1.6659e-01,  8.1939e-02, -2.2500e-03,
          1.7109e-01,  7.3148e-43,  2.8376e-42,  1.7488e-42,  3.4529e-22,
          1.7837e-01],
        [ 1.0859e-01, -6.3690e-02, -1.4422e-01,  1.4381e-01, -2.6683e-03,
          1.9296e-01, -1.1701e-42, -3.9893e-28,  3.3323e-42,  3.4262e-42,
          3.0116e-03],
        [ 1.1112e-01,  1.2111e-01, -8.4911e-02, -6.7719e-02, -1.1135e-03,
         -1.0065e-01,  3.6338e-07, -1.9913e-08,  1.3088e-42,  1.2969e-09,
         -1.3850e-01],
        [ 1.8956e-01,  1.6630e-01,  7.2174e-02, -4.1683e-02, -1.2251e-04,
         -2.1421e-01,  2.2925e-42,  5.8008e-20,  6.5275e-16,  7.1186e-43,
          1.4506e-01],
        [-1.6895e-01, -7.7757e-02,  1.9852e-01, -2.0790e-02,  9.0865e-05,
          1.5204e-01, -1.0964e-41, -2.5868e-11, -1.2444e-42,  3.2314e-42,
          1.0900e-01]], device='cuda:0')), ('conv1.aggr.t', tensor([1.], device='cuda:0')), ('bn1.weight', tensor([0.7256, 0.7728, 0.6633, 0.7522, 0.7262, 0.6950, 0.7341, 0.8569],
       device='cuda:0')), ('bn1.bias', tensor([ 0.0177,  0.0384,  0.0166, -0.0345,  0.0799,  0.0500,  0.0814,  0.0339],
       device='cuda:0')), ('bn1.running_mean', tensor([-0.3939,  0.6907, -0.2061,  0.7975,  0.6847, -0.3308, -0.5150,  0.4788],
       device='cuda:0')), ('bn1.running_var', tensor([0.0907, 0.1439, 0.0219, 0.1197, 0.1126, 0.0608, 0.1575, 0.1248],
       device='cuda:0')), ('bn1.num_batches_tracked', tensor(47024, device='cuda:0')), ('conv2.bias', tensor([-3.4540e-06, -5.1380e-06, -2.0134e-06, -7.3778e-07,  3.1036e-06,
         5.6423e-06, -6.7171e-06, -4.0180e-06,  7.5561e-06,  2.1592e-06,
         2.4130e-07, -3.2465e-06, -1.5130e-06, -3.2878e-06, -4.6987e-06,
         2.7416e-06], device='cuda:0')), ('conv2.lin.weight', tensor([[-0.3488, -0.2396,  0.2136,  0.0131, -0.1202, -0.1319,  0.0591,  0.3898],
        [-0.0746, -0.3319, -0.2006, -0.1900, -0.1303,  0.0604, -0.0147,  0.0351],
        [ 0.0136, -0.3299,  0.0075, -0.1462,  0.0816,  0.2143, -0.0990, -0.0625],
        [-0.2492,  0.0547,  0.0714,  0.1879, -0.2992, -0.1909, -0.2185,  0.1466],
        [ 0.1935,  0.2082,  0.0599,  0.2965, -0.1311, -0.0568, -0.3068,  0.2031],
        [-0.2801,  0.0543, -0.0138,  0.1396, -0.1748, -0.1575, -0.2896,  0.3590],
        [-0.1191, -0.0012, -0.0473,  0.2239, -0.0127, -0.2813, -0.2790,  0.2046],
        [ 0.3209,  0.0256,  0.0256,  0.1062, -0.0281,  0.0822,  0.0153,  0.2454],
        [ 0.2275,  0.3092,  0.0555, -0.3098, -0.0731,  0.1422,  0.0598,  0.3393],
        [-0.3298, -0.1439, -0.0273, -0.2525,  0.1693,  0.1338, -0.0944, -0.2394],
        [-0.1199,  0.0461,  0.2239, -0.0731,  0.1915, -0.2531,  0.2310, -0.3150],
        [-0.0845, -0.1802, -0.0552, -0.0299,  0.2238,  0.0198, -0.1495, -0.3110],
        [-0.0924, -0.2003, -0.2060, -0.0666,  0.0846,  0.1407,  0.1360, -0.2320],
        [-0.0171,  0.2456,  0.1695,  0.2396, -0.2919,  0.0039, -0.0779,  0.2343],
        [-0.0216, -0.2327, -0.1773, -0.1006, -0.0316, -0.0272, -0.2583,  0.0229],
        [ 0.2528, -0.2105,  0.0546, -0.2292,  0.1906, -0.2179,  0.0334, -0.3411]],
       device='cuda:0')), ('conv2.aggr.t', tensor([1.], device='cuda:0')), ('bn2.weight', tensor([0.6665, 0.6862, 0.6871, 0.6529, 0.7107, 0.7113, 0.6829, 0.6023, 0.6374,
        0.6800, 0.6827, 0.6849, 0.7081, 0.7228, 0.6231, 0.7216],
       device='cuda:0')), ('bn2.bias', tensor([-0.0959,  0.1771, -0.1789, -0.2263,  0.4372,  0.5839, -0.3129,  0.4316,
        -0.2178,  0.5223,  0.3209, -0.3699,  0.2724,  0.0757,  0.0715,  0.1651],
       device='cuda:0')), ('bn2.running_mean', tensor([-0.0384, -0.2720, -0.1182, -0.1568,  0.1520, -0.0921, -0.0815,  0.2586,
         0.2601, -0.2574, -0.0343, -0.1957, -0.1457,  0.1635, -0.2639, -0.1736],
       device='cuda:0')), ('bn2.running_var', tensor([0.0903, 0.0799, 0.0840, 0.0971, 0.1271, 0.1983, 0.1681, 0.0528, 0.0955,
        0.0926, 0.0686, 0.0658, 0.0700, 0.0891, 0.0445, 0.1422],
       device='cuda:0')), ('bn2.num_batches_tracked', tensor(47024, device='cuda:0')), ('conv3.bias', tensor([-2.6065e-06,  7.2369e-08,  1.0401e-06, -4.5401e-06, -3.6248e-06,
        -1.8393e-06,  2.4249e-07, -1.0131e-06,  1.7845e-07, -1.6308e-07,
        -5.5109e-06,  7.9012e-07, -3.4259e-07,  1.2874e-06, -1.5847e-06,
        -2.1900e-06, -3.0442e-06,  1.2106e-07,  1.4689e-06, -6.3036e-07,
        -3.0960e-08,  3.9349e-06, -4.1249e-06,  3.1023e-06, -5.1678e-07,
        -6.7185e-07,  1.6955e-06, -1.9313e-06,  9.1346e-07,  2.2425e-06,
         1.0305e-06,  1.0933e-06], device='cuda:0')), ('conv3.lin.weight', tensor([[-0.0528, -0.0752,  0.0153, -0.1899, -0.1118,  0.1804, -0.0475,  0.0882,
          0.0096, -0.1404,  0.0590,  0.0159,  0.0293, -0.1624,  0.0953, -0.1430],
        [-0.1204,  0.0615,  0.0542,  0.0765, -0.1890,  0.1431, -0.1053,  0.0161,
          0.0929,  0.0294,  0.1873,  0.0766, -0.1310,  0.0799, -0.0648, -0.1297],
        [-0.0639,  0.1776, -0.1723,  0.0252,  0.0945,  0.1888, -0.1693,  0.1395,
         -0.0967,  0.1858,  0.1082, -0.0892,  0.0113,  0.1633, -0.0079,  0.2193],
        [-0.0639,  0.1458,  0.0142,  0.0161,  0.0466,  0.1136, -0.2374,  0.0745,
         -0.1084,  0.1280,  0.1400, -0.0598, -0.0431,  0.1592, -0.0733, -0.0815],
        [-0.0670,  0.0494, -0.0275,  0.0323,  0.0240,  0.1834,  0.0357,  0.0571,
          0.0076, -0.1510,  0.0663, -0.1116,  0.2127,  0.0368, -0.0703,  0.1485],
        [ 0.0946, -0.0512, -0.0410, -0.1775,  0.1479,  0.0437,  0.0015,  0.1613,
          0.0529,  0.0881,  0.1384,  0.0622,  0.1899, -0.0852,  0.0623, -0.1303],
        [-0.0068, -0.1167, -0.0429,  0.2031, -0.1861, -0.1056, -0.0409, -0.0116,
          0.1252, -0.2607, -0.0754,  0.0945, -0.0397, -0.1357,  0.0248, -0.0092],
        [-0.0273,  0.1328, -0.1147,  0.0741,  0.0559,  0.1772, -0.1782,  0.1874,
         -0.1240, -0.0502,  0.0024, -0.0063,  0.0869, -0.1323, -0.0035,  0.0814],
        [-0.0363, -0.2191,  0.1850,  0.2137, -0.2587, -0.2081,  0.1737,  0.0119,
          0.0656, -0.1765, -0.0722,  0.0320,  0.0383, -0.0169, -0.0232, -0.1263],
        [-0.2169, -0.1404,  0.1178,  0.0764, -0.0290,  0.0653,  0.0049, -0.0484,
         -0.0393, -0.0665, -0.0718, -0.1011,  0.0767, -0.0801, -0.0321,  0.0404],
        [-0.1135,  0.1902,  0.1674, -0.1939,  0.0552,  0.0996,  0.0357, -0.0030,
         -0.1730,  0.1541, -0.0435, -0.1645, -0.0589,  0.0417, -0.1711, -0.1911],
        [-0.0836,  0.1436, -0.1571, -0.0541,  0.1258,  0.2357, -0.0682,  0.0494,
          0.0155,  0.1272,  0.1219, -0.0961,  0.2516,  0.0486,  0.0285, -0.0435],
        [-0.1426,  0.0866,  0.0975, -0.0986,  0.0150, -0.0649,  0.0519, -0.1158,
          0.0943, -0.2399,  0.2661,  0.1759, -0.0434,  0.1882,  0.1224, -0.1320],
        [ 0.0271,  0.0174,  0.1614, -0.0099,  0.1034, -0.1573,  0.0497,  0.0588,
         -0.1437, -0.0372,  0.0600,  0.0908,  0.0358,  0.0081, -0.0478, -0.1819],
        [-0.0357, -0.0261, -0.0943, -0.0915,  0.0886,  0.2376,  0.0558,  0.2179,
          0.0734,  0.2124,  0.1822, -0.1472,  0.1793, -0.0385,  0.0582,  0.0502],
        [-0.1349, -0.0071,  0.0808,  0.0885, -0.1018,  0.0822,  0.1185, -0.0762,
          0.0714, -0.0651,  0.0504,  0.1586,  0.0362, -0.0241, -0.0850, -0.1056],
        [-0.1430,  0.0709, -0.0070, -0.0874, -0.1666,  0.1156,  0.2273, -0.1603,
          0.1195, -0.1579,  0.1180, -0.0646,  0.0962, -0.0778,  0.0481, -0.1946],
        [ 0.1214,  0.1164, -0.2740,  0.1068, -0.0146, -0.1142, -0.1285,  0.1363,
         -0.0419, -0.0815,  0.0209,  0.0268, -0.0148,  0.0013,  0.1433,  0.1477],
        [-0.0533,  0.1081,  0.0534, -0.0439,  0.1791,  0.0232, -0.1664, -0.1045,
          0.1853,  0.0322,  0.0758,  0.0107, -0.1665, -0.0385,  0.0816, -0.0560],
        [ 0.0347,  0.1632, -0.1497, -0.0470, -0.1356, -0.1935,  0.2435, -0.0988,
          0.0907, -0.2343, -0.0488,  0.1816,  0.0845,  0.0097,  0.0134, -0.0487],
        [-0.1959, -0.0881,  0.0373,  0.0837, -0.0862,  0.0927, -0.1626, -0.0154,
          0.0690, -0.1045, -0.0782,  0.0244,  0.0607,  0.0439,  0.1064, -0.0647],
        [-0.0352, -0.0228,  0.1642,  0.1163,  0.2183, -0.0765, -0.0480,  0.0855,
         -0.0977,  0.1483, -0.0503, -0.0721,  0.0858,  0.0579, -0.0596, -0.0536],
        [ 0.1487, -0.0107, -0.1389, -0.1070, -0.1520, -0.1704,  0.2051, -0.1585,
          0.0408, -0.0061, -0.2855, -0.1036,  0.0383, -0.0710, -0.1322,  0.1514],
        [ 0.2006,  0.0548,  0.1426,  0.0993,  0.1855, -0.1482, -0.0857,  0.0195,
          0.0318,  0.0126,  0.0432,  0.1895, -0.2522, -0.1730, -0.1449, -0.0292],
        [ 0.0521, -0.0666,  0.0283, -0.0099,  0.0060,  0.1051, -0.1398,  0.2347,
         -0.0634,  0.1460,  0.1714, -0.0320, -0.1737, -0.0077,  0.0557,  0.0942],
        [ 0.0958, -0.0487, -0.1255, -0.0690, -0.0232,  0.2515, -0.1825,  0.1688,
         -0.1283, -0.0207,  0.0315, -0.0336,  0.2196, -0.0594, -0.0535, -0.0336],
        [-0.0019, -0.0036,  0.1719, -0.0940, -0.1870, -0.1397,  0.2248, -0.0446,
         -0.0863, -0.1067,  0.0571, -0.0118, -0.0748,  0.0404, -0.1439, -0.2192],
        [-0.0713, -0.0023,  0.1234, -0.0689,  0.1736,  0.0413,  0.1078,  0.0448,
         -0.0637, -0.0987,  0.1123, -0.0173, -0.0032, -0.0297,  0.0837,  0.0527],
        [-0.0218, -0.0027,  0.0695,  0.1965, -0.0830,  0.0119,  0.0658,  0.0429,
          0.1346,  0.0985, -0.0488, -0.0511,  0.1084,  0.0254, -0.0313,  0.1908],
        [ 0.1434, -0.0225, -0.0148, -0.1416,  0.1140,  0.0242, -0.0689, -0.0877,
          0.1311, -0.0064, -0.1756,  0.1914, -0.0754, -0.0477,  0.0111,  0.0058],
        [ 0.1039, -0.0314,  0.0244,  0.1549, -0.1514, -0.1978,  0.0231, -0.1627,
          0.0149, -0.1542, -0.0548,  0.1548, -0.0948,  0.0757,  0.0032, -0.0457],
        [ 0.0270,  0.0499, -0.0101,  0.2092, -0.0586, -0.1747, -0.1779, -0.1127,
          0.0549, -0.0726, -0.1838,  0.1863, -0.1246, -0.0381, -0.1325,  0.0077]],
       device='cuda:0')), ('bn3.weight', tensor([1., 1., 1., 1., 1., 1., 1., 1., 1., 1., 1., 1., 1., 1., 1., 1., 1., 1.,
        1., 1., 1., 1., 1., 1., 1., 1., 1., 1., 1., 1., 1., 1.],
       device='cuda:0')), ('bn3.bias', tensor([0., 0., 0., 0., 0., 0., 0., 0., 0., 0., 0., 0., 0., 0., 0., 0., 0., 0., 0., 0., 0., 0., 0., 0.,
        0., 0., 0., 0., 0., 0., 0., 0.], device='cuda:0')), ('bn3.running_mean', tensor([0., 0., 0., 0., 0., 0., 0., 0., 0., 0., 0., 0., 0., 0., 0., 0., 0., 0., 0., 0., 0., 0., 0., 0.,
        0., 0., 0., 0., 0., 0., 0., 0.], device='cuda:0')), ('bn3.running_var', tensor([1., 1., 1., 1., 1., 1., 1., 1., 1., 1., 1., 1., 1., 1., 1., 1., 1., 1.,
        1., 1., 1., 1., 1., 1., 1., 1., 1., 1., 1., 1., 1., 1.],
       device='cuda:0')), ('bn3.num_batches_tracked', tensor(0, device='cuda:0'))])