OrderedDict([('conv1.bias', tensor([-5.9729e-07, -1.9639e-08,  6.2094e-07, -1.5391e-06,  1.0380e-07,
         2.8186e-07, -1.7649e-06, -1.8795e-06], device='cuda:0')), ('conv1.lin.weight', tensor([[ 1.0057e-01, -3.7963e-01, -4.9594e-01,  4.7133e-02, -4.5055e-04,
         -1.1451e-01,  4.8905e-43, -3.1669e-42, -1.9674e-42,  4.5164e-42,
         -2.4396e-01],
        [-1.8450e-01, -4.4693e-01,  3.1628e-01, -7.4301e-02,  2.5901e-04,
         -7.2183e-02, -2.3528e-42, -2.5499e-16,  3.8354e-42,  2.5300e-25,
          2.0241e-01],
        [ 2.8262e-01,  2.4329e-01,  4.6507e-02,  1.9358e-01,  5.8744e-03,
          5.5428e-02,  8.4078e-43, -1.4083e-42,  4.6313e-42,  7.9028e-07,
         -5.2829e-02],
        [-5.0359e-02,  2.3361e-01,  4.1825e-01, -2.8080e-01,  2.3732e-04,
          1.6627e-02, -4.4511e-06,  6.9364e-43, -5.2451e-42, -1.3607e-42,
          1.7108e-01],
        [ 2.2833e-01, -6.8536e-02, -1.4818e-01, -2.4519e-01,  1.2702e-03,
          2.7646e-02,  6.3199e-43,  4.6635e-42, -1.7250e-42,  1.7586e-42,
         -5.5084e-02],
        [ 1.1687e-01,  1.1804e-01, -1.0489e-01, -4.3754e-02,  2.4060e-02,
          2.5213e-02,  2.8783e-42,  5.3389e-43,  7.6651e-43, -1.6115e-43,
         -3.4228e-02],
        [ 1.3802e-01,  1.6581e-01, -8.5023e-02,  8.1961e-03,  2.3571e-04,
          2.4698e-02, -8.6965e-42, -2.7395e-42,  3.8578e-42, -2.9119e-42,
         -7.0445e-02],
        [ 2.7738e-01, -7.1269e-02, -1.4684e-01,  2.7675e-01, -1.0884e-04,
          2.6791e-02, -3.7652e-08,  1.5279e-10, -1.7516e-42, -6.6702e-43,
         -8.1958e-02]], device='cuda:0')), ('conv1.aggr.t', tensor([1.], device='cuda:0')), ('bn1.weight', tensor([0.8847, 0.8377, 1.0270, 0.9157, 0.7903, 0.8179, 0.7661, 0.8058],
       device='cuda:0')), ('bn1.bias', tensor([0.1759, 0.3394, 0.1124, 0.1018, 0.0456, 0.0133, 0.0998, 0.0549],
       device='cuda:0')), ('bn1.running_mean', tensor([-0.6152, -0.3851,  0.4019,  0.2006,  0.1382,  0.1612,  0.1727,  0.1729],
       device='cuda:0')), ('bn1.running_var', tensor([1.3916, 0.7742, 0.4219, 0.2373, 0.1692, 0.0864, 0.1189, 0.2273],
       device='cuda:0')), ('bn1.num_batches_tracked', tensor(47024, device='cuda:0')), ('conv2.bias', tensor([ 1.6622e-06, -2.4597e-06, -1.6269e-06,  2.0074e-08,  3.5238e-06,
        -5.2225e-07,  2.1261e-07,  2.0153e-06,  3.5691e-07,  1.8958e-07,
         2.1106e-06,  5.7238e-07,  1.2004e-06,  1.8771e-07,  1.8256e-06,
        -2.2944e-06], device='cuda:0')), ('conv2.lin.weight', tensor([[-0.2438, -0.0486,  0.3273,  0.1386,  0.0890, -0.0091, -0.0104,  0.1407],
        [ 0.0496,  0.0734, -0.3734, -0.0665, -0.4519,  0.2067, -0.0457,  0.2757],
        [-0.0730,  0.0292, -0.2664,  0.1671,  0.0635, -0.2000, -0.1072, -0.2191],
        [ 0.5159,  0.0332, -0.1811,  0.2308,  0.0152, -0.2603, -0.0823, -0.2499],
        [-0.1178,  0.4367,  0.1507,  0.4252,  0.3279, -0.2845,  0.2783, -0.2042],
        [-0.0699,  0.3540, -0.3482, -0.4659, -0.0132,  0.0999,  0.1625, -0.1940],
        [-0.0697, -0.3276, -0.3471, -0.3297, -0.3037, -0.2091, -0.1032,  0.1205],
        [ 0.2826, -0.3559,  0.4545,  0.3100, -0.2187,  0.1456,  0.4330, -0.1592],
        [ 0.2279, -0.0900, -0.0445, -0.3834, -0.2349, -0.2260, -0.3187,  0.0964],
        [ 0.2348,  0.4368, -0.3550,  0.0236,  0.1560, -0.2845,  0.0353,  0.2448],
        [-0.0744, -0.3530,  0.4339,  0.0232,  0.0585, -0.1337, -0.0574,  0.0561],
        [-0.2094,  0.1049,  0.3351,  0.1774, -0.0696, -0.0884,  0.1380,  0.3410],
        [-0.0572, -0.1162,  0.2595, -0.2600,  0.0688,  0.3927, -0.0490,  0.2073],
        [-0.1456, -0.2011, -0.2642,  0.0122,  0.0727,  0.3006,  0.3675,  0.1848],
        [ 0.3223,  0.3004, -0.3633, -0.2974,  0.0085, -0.1785,  0.0016, -0.2845],
        [-0.0718,  0.2732, -0.4500, -0.3258,  0.1091, -0.3240,  0.2657,  0.2128]],
       device='cuda:0')), ('conv2.aggr.t', tensor([1.], device='cuda:0')), ('bn2.weight', tensor([0.8489, 0.7227, 0.8054, 0.8214, 0.8181, 0.7269, 0.7991, 0.8232, 0.7186,
        0.7062, 0.7942, 0.7039, 0.7031, 0.7021, 0.8137, 0.7728],
       device='cuda:0')), ('bn2.bias', tensor([-0.1292,  0.2001, -0.3704, -0.3807, -0.2175, -0.3538, -0.4504, -0.1037,
        -0.2235, -0.3275, -0.1039, -0.5445, -0.7213,  0.0249, -0.3288,  0.5141],
       device='cuda:0')), ('bn2.running_mean', tensor([ 0.1278, -0.1273, -0.2284,  0.0431,  0.4084, -0.1346, -0.6093,  0.3250,
        -0.3098,  0.1990, -0.0334,  0.2729,  0.1421,  0.0136, -0.1143, -0.1267],
       device='cuda:0')), ('bn2.running_var', tensor([0.2188, 0.2374, 0.2292, 0.2782, 0.3643, 0.3682, 0.4639, 0.6395, 0.3954,
        0.3025, 0.2526, 0.2927, 0.3555, 0.2214, 0.5629, 0.3846],
       device='cuda:0')), ('bn2.num_batches_tracked', tensor(47024, device='cuda:0')), ('conv3.bias', tensor([ 2.1489e-06, -2.7266e-06, -2.6950e-06,  1.0775e-06, -2.2364e-06,
         1.8082e-06, -3.7316e-06,  5.3915e-07, -1.6355e-06,  1.5807e-06,
         2.5551e-06,  1.6816e-08, -2.1812e-07, -2.3601e-06,  1.8993e-06,
         1.7527e-06, -1.0420e-06, -4.5368e-06, -1.4971e-06,  1.7815e-06,
         3.5607e-06, -1.5422e-06, -1.5542e-06,  5.3967e-07,  2.8450e-06,
         5.8118e-07,  9.5800e-07, -1.6227e-06,  2.7535e-06, -1.6597e-06,
        -1.7079e-06,  2.2766e-06], device='cuda:0')), ('conv3.lin.weight', tensor([[ 2.7119e-01,  1.4188e-01,  9.0960e-02, -3.0840e-02,  9.6448e-04,
          1.5130e-01,  1.2150e-01, -4.5545e-02, -6.8230e-02,  1.1649e-01,
          1.2240e-01, -6.6176e-02,  1.0310e-01,  1.6074e-02,  6.1214e-02,
         -2.2567e-01],
        [-1.2428e-01,  6.7557e-02, -9.9325e-02, -3.7008e-02, -3.8916e-02,
          5.8742e-02, -7.4991e-02, -4.1907e-02, -1.6070e-01, -1.4673e-01,
          2.6504e-01,  1.1782e-01, -8.2172e-02, -7.8191e-02,  1.8811e-01,
          8.6501e-02],
        [ 2.3629e-01,  1.2130e-01, -3.9053e-03, -4.5187e-02,  8.1636e-03,
          3.0907e-03, -1.2904e-01,  2.0113e-01,  2.1485e-01, -1.9349e-02,
         -1.8585e-01, -1.7653e-01, -6.4116e-02, -6.5432e-02, -2.0960e-02,
         -6.2002e-02],
        [ 7.1034e-02, -3.1171e-03,  6.8358e-02, -2.3391e-02,  2.2253e-01,
          1.2602e-01,  1.1646e-01,  1.5369e-01,  1.1072e-01,  8.0526e-02,
         -4.9061e-02, -1.0113e-01,  2.2568e-01, -3.3655e-02, -1.8953e-01,
          1.9201e-01],
        [-2.4892e-02,  1.7694e-02, -4.2962e-03, -5.8964e-02,  5.7505e-02,
         -1.3628e-01, -2.1415e-01, -1.2168e-01,  7.3101e-02, -2.0686e-01,
         -3.9587e-02, -1.7600e-01, -8.3093e-02, -8.9854e-02, -6.7674e-02,
          1.8740e-01],
        [ 4.4648e-02, -1.4699e-02,  1.7218e-01,  4.1978e-02, -5.5039e-02,
          2.2405e-02,  2.0797e-01,  5.8172e-02, -1.1433e-01, -5.6135e-02,
          5.1990e-02,  2.4108e-01,  1.2021e-01,  9.2512e-02,  2.0555e-01,
         -8.9531e-02],
        [-5.5235e-02,  1.1451e-01, -4.7686e-02, -2.4217e-01,  1.1150e-01,
         -1.1099e-01, -1.0733e-01, -9.6654e-02,  1.3315e-02,  6.8517e-02,
          1.3156e-01, -3.3683e-01, -1.2545e-01, -1.7326e-01, -1.6226e-01,
          3.8505e-02],
        [-1.1477e-01,  9.3570e-02, -9.9799e-03,  2.3621e-02, -1.1284e-02,
          1.5095e-01, -2.4106e-01, -2.1513e-01,  9.5745e-02,  2.0672e-01,
          2.5140e-01, -1.4307e-01, -3.9158e-02,  1.0157e-01, -1.8291e-01,
         -1.4437e-01],
        [ 1.6077e-02, -1.1743e-01,  1.4177e-01,  2.4286e-01,  1.7918e-01,
          1.9457e-01,  2.2677e-01,  3.2799e-02,  1.9571e-01,  2.0677e-01,
          1.0177e-01,  3.3127e-01,  4.5049e-01, -9.0919e-02,  2.1994e-01,
         -3.4411e-01],
        [ 1.7668e-01, -5.5573e-02,  2.2130e-01,  9.3654e-02, -8.0150e-02,
          1.4693e-01,  9.7910e-02,  1.0213e-01, -1.5093e-01,  1.9244e-02,
          6.7482e-02,  6.7405e-02,  1.8119e-01,  7.3484e-02,  1.5269e-01,
          1.1854e-01],
        [ 1.1185e-01, -2.3305e-02, -4.4652e-02,  6.9415e-03,  3.0192e-01,
          1.5039e-01,  1.2420e-01, -2.0815e-01,  1.7100e-01, -6.2221e-02,
         -1.1460e-01, -4.0246e-02,  6.9253e-02,  1.0938e-01, -1.5770e-01,
         -6.6417e-02],
        [ 2.2454e-01, -9.2072e-02, -3.9222e-02,  2.0270e-01, -1.8655e-01,
         -2.8912e-02,  3.2583e-02, -2.8422e-01, -1.3947e-01, -6.3308e-02,
         -2.4307e-02, -4.7736e-02, -2.7844e-02,  1.9759e-02, -1.1727e-01,
         -3.6498e-02],
        [ 1.4843e-01,  2.7823e-02,  4.8651e-02, -2.2675e-01,  1.9571e-01,
          1.1415e-01,  6.0660e-02,  1.3318e-01,  1.6837e-01,  2.6832e-02,
         -1.1833e-01, -4.2696e-02, -1.2281e-01, -5.0447e-02, -7.2082e-02,
         -2.6507e-02],
        [ 5.2781e-02, -5.8667e-02,  6.6334e-02, -9.0298e-02,  7.1723e-02,
         -6.4260e-02, -7.9480e-02,  3.5187e-02,  6.0210e-03,  7.0829e-02,
         -7.7339e-02, -1.1569e-01,  3.8160e-02,  5.8480e-02,  1.5975e-01,
         -1.0035e-01],
        [ 2.3366e-01,  4.1848e-03,  3.7824e-02,  1.8917e-01, -7.2533e-02,
         -1.3716e-02, -2.2824e-01, -1.3623e-01,  1.1545e-01, -1.7754e-01,
         -9.1926e-02,  1.9988e-01,  1.4646e-01,  1.0868e-01,  1.6001e-01,
          1.2344e-01],
        [-1.7843e-01, -6.3366e-02,  3.2271e-01, -2.8619e-03, -1.5873e-01,
          1.2893e-01, -1.2513e-01,  1.6219e-01, -3.0786e-02,  6.1409e-02,
         -1.7904e-02,  1.3455e-01,  2.3701e-01,  2.8740e-02,  2.3071e-02,
         -1.0721e-01],
        [ 6.5123e-02,  1.7340e-01,  1.2114e-01, -1.0306e-01, -4.6671e-02,
          6.8650e-04, -9.2133e-02,  1.7076e-01,  1.7741e-01,  1.3602e-01,
          9.3997e-02,  3.7808e-02, -8.5885e-02,  3.5632e-02,  6.6111e-02,
          4.3684e-02],
        [ 1.7134e-01, -1.1628e-01, -7.7684e-02,  4.1045e-02, -1.3950e-01,
          6.5679e-02,  1.0738e-01,  1.1780e-01,  2.7951e-02, -1.6676e-01,
         -2.0306e-01,  1.3775e-01, -8.3609e-02, -8.8199e-02, -5.8627e-03,
          2.0792e-01],
        [ 5.3615e-02, -2.3926e-01,  2.3284e-01,  2.5349e-02, -2.0595e-01,
         -5.3459e-02,  8.1062e-02, -9.5330e-02, -1.4141e-01, -1.2238e-01,
         -9.2342e-02,  1.2877e-01, -1.5525e-02, -5.1189e-02, -1.6680e-01,
          1.6683e-01],
        [-1.3747e-01,  8.8307e-02, -5.5187e-03, -1.1472e-01,  1.0981e-01,
         -2.0245e-01,  1.8121e-01, -1.5271e-01, -1.1862e-01, -1.4429e-01,
          1.0531e-01,  2.3521e-01, -8.3595e-02, -4.2848e-02,  1.1398e-01,
          4.1583e-02],
        [ 1.2869e-01,  1.4534e-01,  1.3029e-02,  8.6963e-03,  1.4302e-01,
          1.0284e-01,  2.2751e-01, -7.9998e-02,  1.7887e-02,  1.2098e-01,
         -5.4075e-02, -6.5148e-02,  1.2146e-01,  3.9078e-02, -9.1912e-02,
         -2.5234e-01],
        [ 3.7412e-02,  6.1613e-02,  2.3651e-01, -5.5415e-02,  1.1639e-01,
         -1.3137e-01,  1.6021e-01, -1.7073e-01, -5.7457e-02, -8.3563e-02,
          5.3907e-02, -1.0891e-02,  2.3220e-01,  1.0096e-01,  1.6242e-01,
         -1.5480e-01],
        [-1.0579e-01, -4.0682e-02, -1.2243e-01, -1.1011e-01,  4.4738e-02,
          1.8270e-01, -3.2413e-02, -1.0329e-01,  9.9673e-02, -1.6709e-01,
         -1.2767e-01,  3.0478e-02, -1.5513e-01, -1.3029e-01, -2.3759e-01,
         -6.9989e-02],
        [-1.2511e-01,  2.3204e-02, -2.2387e-01,  1.3292e-01,  9.2162e-02,
         -7.5105e-02, -1.1830e-01, -3.5277e-02,  7.4925e-02,  1.5054e-01,
          8.2605e-02, -9.3801e-02, -2.5741e-02,  1.1810e-01, -1.3817e-02,
         -9.4459e-02],
        [ 3.4101e-02, -6.7492e-02,  1.9682e-01, -3.8792e-02,  1.0362e-02,
          1.2657e-01,  8.7474e-02,  1.4673e-01,  1.1702e-01,  1.9851e-02,
         -1.9013e-01,  1.5148e-01, -7.4599e-02,  4.9345e-03, -2.1911e-01,
          8.9617e-03],
        [-1.5288e-01, -1.4709e-01, -7.3525e-02,  2.3129e-01, -1.4573e-01,
         -2.6831e-02,  8.3669e-03, -9.9889e-02, -2.5069e-01, -2.7900e-01,
          7.8310e-02,  1.3471e-01, -4.6245e-02,  2.7120e-02,  1.2467e-01,
          1.2405e-01],
        [-1.0571e-01,  1.1413e-01, -1.3337e-01,  6.5666e-02, -5.1358e-02,
         -1.4798e-01, -1.0532e-01, -1.7833e-02, -1.0730e-01, -9.5526e-02,
          1.1999e-01, -1.7021e-01, -9.2415e-02, -1.4369e-01, -5.1519e-02,
          1.9695e-01],
        [ 1.1120e-01, -8.1008e-02, -6.7172e-03, -1.9022e-01, -1.2881e-01,
          4.7242e-02, -1.4422e-01,  1.4972e-01, -9.2002e-02, -3.3582e-02,
         -1.1785e-01, -1.9629e-01, -1.3869e-01, -2.4161e-01,  8.1776e-03,
          1.6703e-01],
        [ 6.4500e-02,  1.0416e-01,  1.5081e-01, -1.8452e-01,  1.2729e-01,
          3.8853e-02,  1.9238e-01,  2.1377e-01, -1.0187e-01, -6.3013e-02,
         -6.9651e-02,  3.6834e-02,  4.2308e-02, -1.2163e-01,  1.4506e-01,
         -4.7343e-03],
        [-2.9371e-01,  2.5178e-01, -1.5960e-01,  1.5848e-01,  8.9474e-02,
         -2.6752e-03, -1.1747e-01, -5.2614e-02, -7.6165e-03, -3.6270e-02,
          8.9104e-02,  1.2017e-01,  1.3223e-01, -1.0108e-01, -1.6288e-01,
          2.1020e-02],
        [ 2.1915e-01,  4.5607e-02, -1.6496e-01,  1.6087e-01, -4.4406e-02,
         -1.4608e-01,  6.1325e-02, -7.4206e-02, -1.1353e-01, -4.7862e-02,
          1.1171e-01, -1.6256e-04, -1.4514e-01,  1.7188e-02,  9.7518e-02,
          1.7889e-01],
        [ 7.9987e-03, -6.0050e-02, -6.2005e-02, -3.1362e-02,  5.7087e-02,
          2.9294e-02,  1.3405e-01, -1.5187e-01,  4.1597e-02, -1.0137e-01,
         -2.8665e-01,  1.0710e-01,  1.6783e-01, -6.5253e-02, -8.8175e-02,
         -7.7557e-02]], device='cuda:0')), ('bn3.weight', tensor([1., 1., 1., 1., 1., 1., 1., 1., 1., 1., 1., 1., 1., 1., 1., 1., 1., 1.,
        1., 1., 1., 1., 1., 1., 1., 1., 1., 1., 1., 1., 1., 1.],
       device='cuda:0')), ('bn3.bias', tensor([0., 0., 0., 0., 0., 0., 0., 0., 0., 0., 0., 0., 0., 0., 0., 0., 0., 0., 0., 0., 0., 0., 0., 0.,
        0., 0., 0., 0., 0., 0., 0., 0.], device='cuda:0')), ('bn3.running_mean', tensor([0., 0., 0., 0., 0., 0., 0., 0., 0., 0., 0., 0., 0., 0., 0., 0., 0., 0., 0., 0., 0., 0., 0., 0.,
        0., 0., 0., 0., 0., 0., 0., 0.], device='cuda:0')), ('bn3.running_var', tensor([1., 1., 1., 1., 1., 1., 1., 1., 1., 1., 1., 1., 1., 1., 1., 1., 1., 1.,
        1., 1., 1., 1., 1., 1., 1., 1., 1., 1., 1., 1., 1., 1.],
       device='cuda:0')), ('bn3.num_batches_tracked', tensor(0, device='cuda:0'))])